3.557392914868411822e+02
3.508224998602690334e+02
3.328719105362932282e+02
3.401607161281772846e+02
3.466622943339578455e+02
3.790883803749168237e+02
3.460037285763804107e+02
3.994715561213299679e+02
3.344134825393422830e+02
3.811907380745630007e+02
1.374596529186453040e+02
2.464221210149629542e+02
3.878194653462789887e+01
1.074085953244607481e+02
5.040421630201113601e+01
7.409040895253032488e+01
3.335697032927798205e+02
2.308511969273476154e+02
2.931934724904297127e+02
2.257938735434496209e+02
9.329142534741821180e+01
3.424379385745077116e+02
3.481274326117855367e+02
3.447112099120873836e+02
3.474453914502895486e+02
3.315189973253449693e+02
1.351173025099606377e+02
2.247082615734246644e+02
2.562561453199331254e+02
3.503912096515018675e+02
1.762978904496134476e+02
3.555920777216924762e+02
1.749133091124305679e+02
2.322112146287251448e+02
2.261808696683981736e+02
3.383551954054200905e+02
2.031199904178109961e+01
1.571722363453198454e+02
3.245630313192411904e+02
3.353596529464738296e+02
7.270588502883592241e+01
1.034199517200187302e+02
3.209051612458889053e+02
2.451430112997054778e+02
2.303616402739592104e+02
2.354707623653931421e+02
3.319775782842200442e+02
3.372125402418707267e+02
2.441222807329544366e+02
3.488078533400608308e+02
3.494568803389700520e+02
3.382773768050344643e+02
2.313759002749050921e+02
3.453775748470156941e+02
2.437088692938477834e+02
2.342382344888855812e+02
3.331149319704409777e+02
2.376645825540716146e+02
3.360940720170410145e+02
3.446889312063080979e+02
3.355823696548112025e+02
3.506195843553372242e+02
3.433049205196180083e+02
3.354234332239558398e+02
3.317957468622185502e+02
3.403987025989900985e+02
2.400982974688110687e+02
3.508938614279174999e+02
3.356031382112937536e+02
3.487603508576714262e+02
2.406212553393297640e+02
3.359540758231883046e+02
3.504903570376147286e+02
2.373982655058141233e+02
2.367635111344433767e+02
3.396940729694817378e+02
2.287145692495901983e+02
2.434062273318999985e+02
3.338882210990039425e+02
3.366158720884063769e+02
3.347385558183082708e+02
3.357862587075437659e+02
2.325899563375489834e+02
2.375605455920053828e+02
2.399486815706621314e+02
3.442639391253829899e+02
3.323989129159793379e+02
3.391442864418037857e+02
3.303698381269535957e+02
3.472346761644566868e+02
3.298941463495851849e+02
4.841435856116816581e+02
3.302991917986856834e+02
4.841351310402711761e+02
3.413890105047483416e+02
3.350726335419830093e+02
3.298419828263042177e+02
3.305727478745213261e+02
2.311121306891245695e+02
4.549783148692146142e+02
3.390272086695784992e+02
2.352553959124749383e+02
4.293111382008628425e+02
2.307118636991648088e+02
3.377398654192003846e+02
5.174198407510716606e+02
2.365890464186192617e+02
3.308435035875320409e+02
3.304001665488707999e+02
5.057583471060496549e+02
2.313718389797305974e+02
2.328666012935315734e+02
5.160226778864845301e+02
3.351223176461908793e+02
3.369807686972843044e+02
3.352870617350268958e+02
2.389280748708771114e+02
2.367917897088858012e+02
5.612417682787149715e+02
3.381556808392142557e+02
3.327145994273919314e+02
2.384536652170840227e+02
3.391685387825710336e+02
3.436475225367235566e+02
2.305271957549359456e+02
5.309074934030215900e+02
2.307743209115973286e+02
2.310570345345901160e+02
2.321663270799541010e+02
5.442526541444678969e+02
2.289441695709452631e+02
5.165569995462240058e+02
2.349292653648273017e+02
3.374112867640131981e+02
3.304286135483552016e+02
2.304693155943014347e+02
5.127673477970648719e+02
6.050504282721039999e+02
3.384718888484138688e+02
3.442780008592272907e+02
3.343406452115987690e+02
3.396098998457753169e+02
3.347865455643949986e+02
3.430955420657762716e+02
3.363267460024043203e+02
2.352679243763402042e+02
2.293107387121259819e+02
2.355796336914939957e+02
3.396681303979856352e+02
3.356375498332332086e+02
2.342280463083774862e+02
2.286932246207143749e+02
6.529503389608270254e+02
6.504992011531163598e+02
6.566229452411495231e+02
3.335166851565321622e+02
2.315489867138361717e+02
2.350501885910221915e+02
5.662401455889735189e+02
2.295594220898910578e+02
6.770993749759926459e+02
2.290230334288854976e+02
3.306090336250853170e+02
3.342537229685260058e+02
7.024359175167061267e+02
6.007039996492185310e+02
6.617654331722984580e+02
3.342184033260480192e+02
3.395817472149078640e+02
2.348586427178244094e+02
7.056126173475588530e+02
3.359944248436075327e+02
3.356874357336648131e+02
3.298864037961794224e+02
3.343044127972674460e+02
6.996257045125021250e+02
6.990569444270387294e+02
6.515057685161590371e+02
7.178641066694655137e+02
3.384614395622114671e+02
2.310775696012705680e+02
6.310271043128718702e+02
2.331362786958685263e+02
3.298239574463553936e+02
2.314607725262815734e+02
3.398910946054296005e+02
2.341014248522205605e+02
3.339100407446100576e+02
7.045401264512946682e+02
3.394119368003586601e+02
3.374307480789119040e+02
3.394476846576954472e+02
2.356467503929924021e+02
6.758408484704398234e+02
5.992477551746958397e+02
6.974692424711429339e+02
6.547198803205996001e+02
3.382669875082503950e+02
3.376810441774668448e+02
3.306511519107502295e+02
6.917567599375353211e+02
6.510649430568414573e+02
6.801676504230778164e+02
3.298149014059720230e+02
2.288083216598530214e+02
3.399380523116722657e+02
3.313205817434838991e+02
6.566765756272759518e+02
6.794860804704720749e+02
6.860761800278843339e+02
5.872560131810258781e+02
3.343427895745869023e+02
2.325058733059861424e+02
7.108728398595267208e+02
2.343455231128682215e+02
6.431740133122170846e+02
6.704665104581804371e+02
6.539070753111011527e+02
3.381938091036754486e+02
7.022989826487194023e+02
3.379525905536141295e+02
6.605188143279565338e+02
2.309283046734898335e+02
3.303396883523913630e+02
2.303261336899086587e+02
6.761410321605020499e+02
5.826636292456905721e+02
2.312845425875594572e+02
6.830394570780246113e+02
6.611706445412817175e+02
6.530014592120135148e+02
3.311536972054771581e+02
6.650640508668794837e+02
6.249820164795200981e+02
6.141646544158817278e+02
6.815991045577708292e+02
5.334777707360021850e+02
2.285610824087980291e+02
5.479394548272025531e+02
3.330188981398645751e+02
3.322183270873750303e+02
6.163794240929892112e+02
4.693850101319222290e+02
6.576845664810540484e+02
2.294374626374403192e+02
4.441279605291820189e+02
2.302249172145973830e+02
2.326051566104269170e+02
6.631538575038287036e+02
2.287964653153568122e+02
3.345634884595452263e+02
2.329599234794794711e+02
3.306927839473081008e+02
5.227051774973864440e+02
6.752959080138455192e+02
6.672132902733261517e+02
7.020267974194675844e+02
2.304030749029851677e+02
6.444855165916941360e+02
3.325743974594328733e+02
3.332438836699784019e+02
6.152921835586245152e+02
3.384654956200839138e+02
3.355161435750356986e+02
3.340671807377908635e+02
6.319506710483046845e+02
4.819095831755444124e+02
6.610612375901400810e+02
2.314635844220894967e+02
6.973291386901486248e+02
2.290787089801443415e+02
4.418301615178658608e+02
3.299336252576488846e+02
7.233984145708903952e+02
4.526565955286795315e+02
2.288452217400351572e+02
6.447779659788939171e+02
6.046233166332932569e+02
2.305890642883530006e+02
3.366204583323735733e+02
3.365320505973702438e+02
5.882813153815576470e+02
7.581631827024834820e+02
7.315180692433928016e+02
9.518832614923848041e+02
4.651778348706505994e+02
7.649825261447011826e+02
2.301618155114912270e+02
6.566674630170513183e+02
6.756265974847780171e+02
7.342862021015301934e+02
6.050033662706646282e+02
6.287188285033778357e+02
6.744366963686295549e+02
4.846708883430114838e+02
6.017113533488967505e+02
7.219770527016186179e+02
8.211265812336400813e+02
3.342378658062720547e+02
3.351328448270152194e+02
3.346665924770079528e+02
4.247871181326803480e+02
7.921158536449776193e+02
5.657318397866970372e+02
3.364009998663723309e+02
6.134648765945654532e+02
3.357695910575947096e+02
6.045171039908721013e+02
4.213189128997157127e+02
3.352733295935913702e+02
8.377293991776347184e+02
4.250923205194125671e+02
5.925354627264154033e+02
6.196243378686585856e+02
6.634641012207518997e+02
5.707359134190593295e+02
3.343589906294070602e+02
6.176143692415319038e+02
6.837864960558812299e+02
3.378269863220593265e+02
3.302260448794405647e+02
4.354182030560663179e+02
6.960265111921437438e+02
3.349959772983153812e+02
3.328490400529745443e+02
4.291711890032393626e+02
7.663201066354904469e+02
3.330770001611695079e+02
6.417928117317765100e+02
3.377915078630506400e+02
6.771055405162911711e+02
4.274880813410734959e+02
2.317632634164355636e+02
4.154162052418860753e+02
4.194142268689436150e+02
7.386980546698373473e+02
6.671877489573600997e+02
4.334266174805124479e+02
6.448102615484222042e+02
2.321397387816703599e+02
6.093201655198223534e+02
6.565533578146988702e+02
2.290982614379118729e+02
4.483182931828118853e+02
6.545605152663962372e+02
5.962373173371543089e+02
5.909637725946478213e+02
2.296039585502181239e+02
5.904675486777563265e+02
6.668532790112974453e+02
6.633171675646149197e+02
6.870834880348243132e+02
3.337995510197317230e+02
5.738209132372837757e+02
5.090389598365230199e+02
7.909498966845144423e+02
6.030356986821108194e+02
2.295544844883597762e+02
6.114262110706304156e+02
6.675733568731214973e+02
7.802389008265854500e+02
7.102794813035529842e+02
6.347191200613215187e+02
3.336765475658280025e+02
3.330898631072947751e+02
6.327029365994945920e+02
6.505944568933633718e+02
4.468452095644003066e+02
5.898817101005173527e+02
5.974373837042579680e+02
6.079319384965233439e+02
6.360558228443460393e+02
3.300528244999618437e+02
3.365028010318764586e+02
5.868609215370570382e+02
6.129049107388493667e+02
3.360969574687735530e+02
4.628333005438495320e+02
2.286226972606025072e+02
3.340923545012883551e+02
4.223620342449090117e+02
4.387697244105371510e+02
5.896199557979732617e+02
4.265136132772765336e+02
4.111641152937648371e+02
5.644694881727045868e+02
5.791180775644558025e+02
4.160246278588541031e+02
3.331539766111056338e+02
4.275834615532782550e+02
4.310031200664511744e+02
5.732197438231122533e+02
6.392521707472656090e+02
6.163941572950884620e+02
6.057280335836411496e+02
6.024244533376809159e+02
2.290798677533218495e+02
5.879764419201843566e+02
4.072562068536279298e+02
4.186364546250941316e+02
6.735056831998302869e+02
5.918483082133362814e+02
6.288617117430159169e+02
5.770359582518747175e+02
3.992240301876257149e+02
3.992277472003274852e+02
3.938220189137974785e+02
5.737187851637929725e+02
4.050818597687842271e+02
4.002165611592558889e+02
4.005274599739435075e+02
3.884468964598405023e+02
3.987202308457033268e+02
6.207813256187588422e+02
5.973972528148069614e+02
5.966669416390240031e+02
5.944984908034113005e+02
6.128830108789757105e+02
5.963385887040391253e+02
5.718104550705921838e+02
5.812749952668999640e+02
4.125867824452550963e+02
2.285385421270909490e+02
6.124054069041786761e+02
4.115273677197322968e+02
3.876179164038893532e+02
4.304588423549443519e+02
6.327092551151911266e+02
5.726491246029518152e+02
6.595198066823006684e+02
4.430478788820608429e+02
4.364995496627776674e+02
6.156998438319853904e+02
3.888490127150198532e+02
4.348324707879960442e+02
4.424753739135987303e+02
2.286178062427418638e+02
4.232679176500072344e+02
5.666252883179184892e+02
3.998147515654308108e+02
5.908548998380673538e+02
3.921335669747975317e+02
4.157611161550065049e+02
4.208262882115211028e+02
6.094185062935332553e+02
6.260568856922587884e+02
5.685352479840927344e+02
6.169598935964960447e+02
6.341139464103872569e+02
5.950719834113600655e+02
5.811974526030186325e+02
5.423465266939547291e+02
4.002485161397122511e+02
4.348895024105488005e+02
5.841247892708861400e+02
3.849541859501709951e+02
6.377245496226580599e+02
5.880515414555056850e+02
5.784179181733555879e+02
5.551457642814933706e+02
4.403601820189126101e+02
5.944021084302383997e+02
5.492674537094811740e+02
5.361850106559455753e+02
3.936138028752040441e+02
6.176609206236894352e+02
4.105047338931606191e+02
6.059953308105195902e+02
6.548346639593553391e+02
6.522621522774350069e+02
3.938805970273818389e+02
4.329139191823151123e+02
4.141042570123237851e+02
4.016894196852992422e+02
3.896000719447082474e+02
6.345207995237924479e+02
5.873349105460411010e+02
4.246592729516768259e+02
4.133357784892593827e+02
5.759520762828499301e+02
5.970150816362569230e+02
5.403698336422106649e+02
4.462613899885398610e+02
3.893035695311836548e+02
5.897967301575888541e+02
4.336489886772903901e+02
5.546407810667515150e+02
6.562009176697201838e+02
3.945860337014671586e+02
5.585935137054722190e+02
5.687666563213350628e+02
4.134054055514039305e+02
6.306887532600026134e+02
3.919516415444998643e+02
3.968543108086230973e+02
3.968102769638502991e+02
3.904480423011647190e+02
6.425375313993498594e+02
4.246732791278738546e+02
4.068650679491235564e+02
5.900449627097890470e+02
5.412357853667784866e+02
5.598195777250862193e+02
6.313487468439412851e+02
6.438229603502817326e+02
5.508025718676808538e+02
6.825465125365783479e+02
6.429260737592674104e+02
3.884567385089856657e+02
6.487568918681000696e+02
4.375741473796001060e+02
6.241398834814356178e+02
4.738865815315662644e+02
4.365661846930227057e+02
5.847520466234686864e+02
6.916498729671470755e+02
5.695615881501856848e+02
6.392669460651495683e+02
7.004854137784584509e+02
6.490468652146294062e+02
5.584323656281217154e+02
5.846255269574822933e+02
5.647575890063338875e+02
3.931236893569849258e+02
4.463628296321567746e+02
6.229929488693713893e+02
6.181830820815503102e+02
3.963598222685111523e+02
3.923804733419660806e+02
3.955955230858199911e+02
4.257837404566149644e+02
5.240416937634513488e+02
5.750179604786304708e+02
4.059183165470531662e+02
5.753509879428407885e+02
5.716616468141467067e+02
6.496823259435527689e+02
6.363839122749451462e+02
4.306080796847082297e+02
6.212591037058022039e+02
4.048022249639546430e+02
6.691687688265419638e+02
4.744724324317984383e+02
5.278933406944757962e+02
5.103815539923757569e+02
7.031908114582251983e+02
5.697966277743735191e+02
3.893394115745967952e+02
5.759268716304191003e+02
4.610883121400914888e+02
3.959409556684473728e+02
5.854248901821015352e+02
5.655121679002534165e+02
3.896488434298813104e+02
6.487435621856099033e+02
5.577389072724023436e+02
6.096068603985639811e+02
4.345479481716892565e+02
4.078010481954534043e+02
4.281884916951829041e+02
5.587874107960935817e+02
5.341872330373849991e+02
4.217700446435620165e+02
4.576737963169363752e+02
5.638989888100084045e+02
6.481641704270958826e+02
4.530178620979249331e+02
6.323014838968250615e+02
6.458782456241950740e+02
6.551758276599473447e+02
6.481816776412067611e+02
6.750709018211151715e+02
3.923237873240870499e+02
3.893312027655501879e+02
5.466592597686295676e+02
4.164520680384110847e+02
4.079463711443376610e+02
4.239553531494736376e+02
6.354032334674450340e+02
5.676996894469966719e+02
4.459277478169508981e+02
5.470886768558690392e+02
4.347785294258631552e+02
6.462925315657479359e+02
5.638511470968242065e+02
6.993388349472412528e+02
8.680651423170287444e+02
4.075420104996373425e+02
5.913925340885276682e+02
6.115771494752079889e+02
6.023955464273360576e+02
5.538540536076003491e+02
4.005543791111449536e+02
4.444907917579913601e+02
4.009885704592961133e+02
4.483359504388840264e+02
4.212642731110125851e+02
6.238569601732671117e+02
6.122116052942968736e+02
8.172001589360714888e+02
5.491997592463188766e+02
6.395235755269694664e+02
6.364099247392306324e+02
5.901058667894192240e+02
5.198933875893918639e+02
5.369011193972428373e+02
5.919516460168949834e+02
4.058078953015980801e+02
5.476030815550884654e+02
5.747132639659502047e+02
5.809227139106466211e+02
6.335119034149764730e+02
5.795240040904250236e+02
6.104830820324669958e+02
3.902082937732844812e+02
4.188858797202503865e+02
3.906114051274320218e+02
4.110884152613083984e+02
4.458475358260479311e+02
6.111732026789267138e+02
4.211734570393322770e+02
6.630676545379405979e+02
5.857429597411918394e+02
6.870690033571253252e+02
7.395933391264819647e+02
5.057515969003676446e+02
6.837743442874990478e+02
5.732515135384301175e+02
5.663199034969769627e+02
5.581032675854334002e+02
4.541925995454063241e+02
4.417124243171939497e+02
6.949837841644534819e+02
5.576854092408162842e+02
5.446896737456977462e+02
6.927162924908434434e+02
6.625594089218764111e+02
6.785940733503009596e+02
6.697716255649058894e+02
5.455713106313522758e+02
4.589818225561780878e+02
5.530997523990703257e+02
4.199901692871381442e+02
4.141614696711058627e+02
5.387865440715657996e+02
4.618186491523417772e+02
5.227492525146901698e+02
5.503527638377883022e+02
6.898822830416385159e+02
2.287893936477146326e+02
4.187478229689382374e+02
4.035902955156073517e+02
5.983174772924635363e+02
4.440942487004796249e+02
6.001771518498084106e+02
6.453479572460159943e+02
3.953518837810914306e+02
5.520358832108543083e+02
6.124815635066594268e+02
6.128825910065078233e+02
4.351615667645998542e+02
5.359089061782273120e+02
5.665559019417235049e+02
4.090549242706883319e+02
3.908512413100204981e+02
4.029667147639542577e+02
4.319932002039672625e+02
6.790374744954588095e+02
5.359953368182425493e+02
5.390521256934038092e+02
4.121183561214280076e+02
4.317353283954025187e+02
5.207502719531980802e+02
5.211595032711470594e+02
5.336446681643043348e+02
5.457477528053361766e+02
6.234623215649938857e+02
4.395314165453302735e+02
3.853392137531888579e+02
7.091877491038591188e+02
6.373248654882886512e+02
3.970072247532637562e+02
5.536964387924723496e+02
4.076942643592769286e+02
7.263325052290161921e+02
6.954631866190260325e+02
7.031585051644045734e+02
6.589972060645781085e+02
7.036118603024776803e+02
7.281214203206602633e+02
6.539701013371269482e+02
6.188466270682591812e+02
7.175613940694232724e+02
5.944661620281226533e+02
5.987106336537640345e+02
6.611945713628762178e+02
6.795628027916361589e+02
6.980489399932130254e+02
7.002608755812831305e+02
6.040371554270919887e+02
5.736243183734075046e+02
3.978540252112778148e+02
5.386521166147925896e+02
5.328015647996020334e+02
4.366082568276491429e+02
5.346253024987852314e+02
4.319388476406754194e+02
6.112148536883690895e+02
5.232991474394248144e+02
6.246581243395668253e+02
4.522545336590214902e+02
5.525106325960657614e+02
4.410514370235555361e+02
5.597485970957498012e+02
4.904765226096838546e+02
5.684375451571304438e+02
4.399285819588407094e+02
5.546887091493763364e+02
6.702306080079082449e+02
5.683457261247475572e+02
4.370581741076233016e+02
6.541119630206671900e+02
6.396085138913354058e+02
6.273375374008193148e+02
6.259986135261926847e+02
4.609074082225069446e+02
6.436103937357452196e+02
5.915448903206938667e+02
8.496206481313870427e+02
5.501332761460636220e+02
5.713690484670834167e+02
4.230856875087290518e+02
3.975196909525080287e+02
5.359090427928874760e+02
5.135508915911683516e+02
4.154226821990949929e+02
5.351834434281976201e+02
5.395345518585774016e+02
5.431723200002840031e+02
3.956908353491663206e+02
3.503149573853183938e+02
4.029683987835153403e+02
4.109192916610751354e+02
5.793912011781058027e+02
5.670667407125656609e+02
6.452400145054720042e+02
4.447930013082141727e+02
6.232757187451836671e+02
5.913394034788025238e+02
6.878681982583869967e+02
7.833155427631038492e+02
5.482635895443993377e+02
5.141990662075335194e+02
5.637378846982416007e+02
5.708065181187549797e+02
5.875158392394782823e+02
3.987379699651098122e+02
5.531207797698500599e+02
4.211876928459321334e+02
4.684584735834932872e+02
4.023192487308659793e+02
3.906702295202603068e+02
4.432522828727696265e+02
4.010337699293626201e+02
3.939889774394029587e+02
4.066870992234954656e+02
4.270207658542164495e+02
4.099748242772942604e+02
4.264588171811938651e+02
5.563971416458364274e+02
3.957418096718939751e+02
4.069501049377724371e+02
6.658426863759151502e+02
5.486869536786080062e+02
5.584500756706975153e+02
6.506080578324404087e+02
6.029153391062386618e+02
6.443954394627774036e+02
3.315564517716743467e+02
5.125037133100533993e+02
3.578052793894274259e+02
5.633964308576887561e+02
7.825968073815623711e+02
4.052286161948198924e+02
6.020849398802125734e+02
6.306004767581865735e+02
5.633939441673651345e+02
4.235803750354098156e+02
5.585038879557299651e+02
6.132412023934830358e+02
5.064440100971977472e+02
5.429250960814114251e+02
4.532681046885899150e+02
4.144151984776464701e+02
5.673876209372565427e+02
6.149005248691198631e+02
7.146129550402479254e+02
4.326367603355169535e+02
5.906157076259243013e+02
4.256304562548986041e+02
3.978912660224419824e+02
5.598666389019592771e+02
3.846920474978421680e+02
5.587479549246255601e+02
4.055329856720493353e+02
6.171793858697924406e+02
4.043733048540870527e+02
4.090860481059958147e+02
5.822379378972282211e+02
8.396444650718590310e+02
3.977778728687949297e+02
3.942219535461450164e+02
6.061616853669036118e+02
4.007758334779940128e+02
6.262875536028159331e+02
5.555368549429817904e+02
5.798898638600402364e+02
5.622240012916591922e+02
4.161957843503151366e+02
4.155514040211400015e+02
6.049773300553817990e+02
4.256167426680084986e+02
4.404219548211374331e+02
4.086178923264374134e+02
5.585246907610013523e+02
5.692176178097231514e+02
4.550636872426959485e+02
8.177582623064039353e+02
6.460452543889718982e+02
5.795868293758876462e+02
4.133813842315906868e+02
4.347261576465749044e+02
5.623172874721526568e+02
4.569358262265092776e+02
4.316054658098113350e+02
5.720597342056361185e+02
4.770368518092382715e+02
4.184551500107666584e+02
5.765213685344725718e+02
5.651762360146757374e+02
3.852859058289860741e+02
4.168639737078520966e+02
5.994150242599755529e+02
6.034479362760006325e+02
6.008944147739510981e+02
4.297050394602389360e+02
5.920431835640764575e+02
5.800655703318615224e+02
5.890566248699345806e+02
4.576092601665909001e+02
4.480345281299479439e+02
4.628008626549481619e+02
4.219325230002686453e+02
6.026515188697953818e+02
4.342435622426622785e+02
5.760303830962915299e+02
4.480643431134541288e+02
4.339582545733692314e+02
4.232652007355792421e+02
4.771150541106457013e+02
4.596087097582086471e+02
4.051320266376962422e+02
6.198600348469650498e+02
6.427139560871648882e+02
6.006940610023442559e+02
5.890648518833444314e+02
6.753371079862690749e+02
6.756832733034716512e+02
5.881255084760115324e+02
6.296710820242608406e+02
3.750882450265535795e+02
4.050528569645890116e+02
5.379703797547435897e+02
4.313830227304505343e+02
5.805109922468568584e+02
5.756045092404948491e+02
5.737105155173529738e+02
6.164913643667644010e+02
4.449479412189652408e+02
4.279186294779250375e+02
4.642626286185167714e+02
5.514957170305461887e+02
2.289623374670579210e+02
4.914962220274575770e+02
4.168102682110405794e+02
5.702022586710121459e+02
4.325605211662362422e+02
5.912385763332014221e+02
4.279068777525793621e+02
4.301608808278789979e+02
6.171241609588014398e+02
6.468872562294995987e+02
6.262473657851475082e+02
4.079672957366718151e+02
4.129409657946026186e+02
4.121186675109207158e+02
4.592235056521813021e+02
5.916247224503035795e+02
5.720749399449490511e+02
6.273520907947635123e+02
4.012685764737846625e+02
3.930657570617447050e+02
4.145478254395279123e+02
5.829308717245639855e+02
5.669157399444378598e+02
5.793263651776532015e+02
4.364265806609004699e+02
4.709135509705945424e+02
4.266311183052046658e+02
6.109896790850997377e+02
5.636825519447385204e+02
4.172905383245599751e+02
5.221919176407129726e+02
4.432729134446007606e+02
6.145252131976319561e+02
6.404922062697812635e+02
6.598424617704222328e+02
6.037866881175682465e+02
6.049030813353127769e+02
6.406680455991136114e+02
7.269490831110272211e+02
6.397734395006709747e+02
6.616650640438301707e+02
6.298230361994195619e+02
6.635367436698954862e+02
6.573464833082027781e+02
6.961584760979001203e+02
7.499730588638358313e+02
6.156805899809965013e+02
7.120105154807940835e+02
4.081038121769092868e+02
3.920829450302895225e+02
5.555230686844652155e+02
4.162755428956552350e+02
5.605758037400306648e+02
4.203222679809707643e+02
5.916620367687370390e+02
5.698176476890290587e+02
5.709334062843280435e+02
4.196680849383840268e+02
3.932046526731446079e+02
5.521037134142136438e+02
4.559092819113004680e+02
6.020110721137493783e+02
4.671163740788233554e+02
4.446283836239871903e+02
4.224804982898762091e+02
4.365975853020751174e+02
6.972534228368473350e+02
6.324503311429350561e+02
7.648357754733025331e+02
7.049226528046543763e+02
5.717912063588914862e+02
5.970555497438318753e+02
5.842807387361840483e+02
5.695112732270823699e+02
5.644044412257219392e+02
5.719315400147951323e+02
5.754772876097432572e+02
4.559167138313589476e+02
3.842266702891757859e+02
2.286575966687151436e+02
4.051013733333442701e+02
4.320154208316017730e+02
4.161085854422736929e+02
4.416467840189774279e+02
5.601325265561841888e+02
5.847059078119167452e+02
5.546373390307467162e+02
6.283674044038690454e+02
4.124461872244617098e+02
4.090421697919194344e+02
5.884364101167883518e+02
5.172619606683826987e+02
6.375091740544647791e+02
6.267796247381648982e+02
6.528719488768200563e+02
6.124214521249301697e+02
4.604128726158965037e+02
5.881657920723913548e+02
5.303466863576085188e+02
5.613759439700213534e+02
6.587106000904223038e+02
5.775566229684887958e+02
6.387226875178768069e+02
5.762929878572085727e+02
8.813257277428832595e+02
4.495361979799792493e+02
7.289962407816836958e+02
3.309513491670571170e+02
3.564853834723045907e+02
5.309373451988770967e+02
4.033647092400137240e+02
4.236658113708310793e+02
5.880825911189510862e+02
5.791796537914982537e+02
5.722824651723182114e+02
5.932077380061369922e+02
4.643158140438781629e+02
6.395563987507715638e+02
