0.000000000000000000e+00
0.000000000000000000e+00
0.000000000000000000e+00
0.000000000000000000e+00
0.000000000000000000e+00
0.000000000000000000e+00
0.000000000000000000e+00
0.000000000000000000e+00
0.000000000000000000e+00
0.000000000000000000e+00
0.000000000000000000e+00
0.000000000000000000e+00
0.000000000000000000e+00
0.000000000000000000e+00
0.000000000000000000e+00
0.000000000000000000e+00
0.000000000000000000e+00
0.000000000000000000e+00
0.000000000000000000e+00
0.000000000000000000e+00
0.000000000000000000e+00
0.000000000000000000e+00
0.000000000000000000e+00
0.000000000000000000e+00
0.000000000000000000e+00
0.000000000000000000e+00
0.000000000000000000e+00
0.000000000000000000e+00
0.000000000000000000e+00
0.000000000000000000e+00
0.000000000000000000e+00
0.000000000000000000e+00
0.000000000000000000e+00
0.000000000000000000e+00
0.000000000000000000e+00
0.000000000000000000e+00
0.000000000000000000e+00
0.000000000000000000e+00
0.000000000000000000e+00
0.000000000000000000e+00
0.000000000000000000e+00
0.000000000000000000e+00
0.000000000000000000e+00
0.000000000000000000e+00
0.000000000000000000e+00
0.000000000000000000e+00
0.000000000000000000e+00
0.000000000000000000e+00
0.000000000000000000e+00
0.000000000000000000e+00
0.000000000000000000e+00
0.000000000000000000e+00
0.000000000000000000e+00
0.000000000000000000e+00
0.000000000000000000e+00
0.000000000000000000e+00
0.000000000000000000e+00
0.000000000000000000e+00
0.000000000000000000e+00
0.000000000000000000e+00
0.000000000000000000e+00
0.000000000000000000e+00
0.000000000000000000e+00
0.000000000000000000e+00
0.000000000000000000e+00
0.000000000000000000e+00
0.000000000000000000e+00
0.000000000000000000e+00
0.000000000000000000e+00
0.000000000000000000e+00
0.000000000000000000e+00
0.000000000000000000e+00
0.000000000000000000e+00
0.000000000000000000e+00
0.000000000000000000e+00
0.000000000000000000e+00
0.000000000000000000e+00
0.000000000000000000e+00
0.000000000000000000e+00
0.000000000000000000e+00
0.000000000000000000e+00
0.000000000000000000e+00
0.000000000000000000e+00
0.000000000000000000e+00
0.000000000000000000e+00
0.000000000000000000e+00
0.000000000000000000e+00
0.000000000000000000e+00
0.000000000000000000e+00
0.000000000000000000e+00
0.000000000000000000e+00
0.000000000000000000e+00
0.000000000000000000e+00
0.000000000000000000e+00
0.000000000000000000e+00
0.000000000000000000e+00
0.000000000000000000e+00
0.000000000000000000e+00
0.000000000000000000e+00
0.000000000000000000e+00
0.000000000000000000e+00
0.000000000000000000e+00
0.000000000000000000e+00
0.000000000000000000e+00
0.000000000000000000e+00
0.000000000000000000e+00
0.000000000000000000e+00
0.000000000000000000e+00
0.000000000000000000e+00
0.000000000000000000e+00
3.191659542141847550e-02
0.000000000000000000e+00
0.000000000000000000e+00
0.000000000000000000e+00
0.000000000000000000e+00
0.000000000000000000e+00
0.000000000000000000e+00
0.000000000000000000e+00
0.000000000000000000e+00
0.000000000000000000e+00
6.392190936639746690e-02
0.000000000000000000e+00
0.000000000000000000e+00
0.000000000000000000e+00
0.000000000000000000e+00
0.000000000000000000e+00
0.000000000000000000e+00
0.000000000000000000e+00
0.000000000000000000e+00
1.900441585503585828e-01
0.000000000000000000e+00
0.000000000000000000e+00
0.000000000000000000e+00
0.000000000000000000e+00
0.000000000000000000e+00
0.000000000000000000e+00
0.000000000000000000e+00
0.000000000000000000e+00
0.000000000000000000e+00
0.000000000000000000e+00
0.000000000000000000e+00
2.003125642486071611e-01
0.000000000000000000e+00
0.000000000000000000e+00
0.000000000000000000e+00
1.054860762232122523e-01
0.000000000000000000e+00
2.144565620971078390e-02
0.000000000000000000e+00
1.566101348443311829e-03
7.028672495529895980e-02
0.000000000000000000e+00
3.327157831735866877e-01
3.231193065374454165e-01
0.000000000000000000e+00
0.000000000000000000e+00
0.000000000000000000e+00
1.092889390394313348e-01
0.000000000000000000e+00
2.129140636159521788e-02
0.000000000000000000e+00
0.000000000000000000e+00
4.696264719908714858e-01
0.000000000000000000e+00
1.425254483267650585e-01
0.000000000000000000e+00
0.000000000000000000e+00
4.855263345682506726e-01
3.787021822199087007e-01
0.000000000000000000e+00
0.000000000000000000e+00
4.051348729810348437e-01
2.535244912124038838e-02
0.000000000000000000e+00
3.372512787889074548e-02
0.000000000000000000e+00
0.000000000000000000e+00
1.676334971034125210e-01
0.000000000000000000e+00
5.125855674802670681e-03
0.000000000000000000e+00
1.116273635263699548e-02
0.000000000000000000e+00
1.897118514888455065e-01
4.952817595532730821e-01
0.000000000000000000e+00
0.000000000000000000e+00
0.000000000000000000e+00
4.239093097741461827e-03
1.110159431621426246e-01
0.000000000000000000e+00
0.000000000000000000e+00
0.000000000000000000e+00
0.000000000000000000e+00
0.000000000000000000e+00
0.000000000000000000e+00
0.000000000000000000e+00
4.968676428321002203e-01
2.875490310237609481e-01
0.000000000000000000e+00
0.000000000000000000e+00
6.630994792292625034e-03
0.000000000000000000e+00
4.610102356241160826e-01
0.000000000000000000e+00
4.471346608749756646e-01
2.224882851653289806e-01
4.798917444157217993e-01
0.000000000000000000e+00
3.315961296791634649e-01
3.968929564732619555e-03
0.000000000000000000e+00
0.000000000000000000e+00
0.000000000000000000e+00
8.049963579311648909e-02
2.784036646656093406e-01
0.000000000000000000e+00
0.000000000000000000e+00
3.186487928338780917e-01
3.093106582340168220e-01
0.000000000000000000e+00
0.000000000000000000e+00
0.000000000000000000e+00
4.199972641741714363e-01
0.000000000000000000e+00
0.000000000000000000e+00
0.000000000000000000e+00
6.370918116445092871e-02
0.000000000000000000e+00
0.000000000000000000e+00
0.000000000000000000e+00
4.953239581552966175e-01
3.101764877443568547e-01
4.964265111003947073e-01
0.000000000000000000e+00
0.000000000000000000e+00
4.512138521117009526e-01
0.000000000000000000e+00
0.000000000000000000e+00
4.914247413194183234e-01
1.578201094752579581e-01
4.819518894192835190e-01
1.319222694167355436e-01
4.924436438739667188e-01
1.157389174078346655e-01
1.985994313606693207e-01
0.000000000000000000e+00
0.000000000000000000e+00
0.000000000000000000e+00
0.000000000000000000e+00
2.489394261118645646e-01
9.763606331427991669e-02
4.111817883848974120e-02
4.868638965610293523e-01
4.774416111595727319e-01
4.811847733528101800e-01
2.803977289851345978e-01
0.000000000000000000e+00
0.000000000000000000e+00
0.000000000000000000e+00
4.789372331362177770e-01
0.000000000000000000e+00
4.207830323436263509e-01
0.000000000000000000e+00
4.936883376028716186e-01
0.000000000000000000e+00
0.000000000000000000e+00
1.258461136043275141e-01
3.436869097645207649e-01
0.000000000000000000e+00
4.959068934902487458e-01
4.960521853452295460e-01
0.000000000000000000e+00
0.000000000000000000e+00
0.000000000000000000e+00
0.000000000000000000e+00
4.912402237396314431e-01
1.601046006851631620e-01
2.220040045634034120e-01
4.906261462934211615e-01
3.187647083460056763e-01
4.996752892505322285e-01
0.000000000000000000e+00
2.817514953669940092e-01
4.789731870664946656e-01
1.137287357540842786e-01
4.961048497264053947e-01
0.000000000000000000e+00
4.893609521092436854e-01
4.645522560797708533e-01
4.979554691599771821e-01
0.000000000000000000e+00
4.955960614178395174e-01
0.000000000000000000e+00
4.881398149210487425e-01
4.793906794751859879e-01
2.787817866093955099e-01
0.000000000000000000e+00
0.000000000000000000e+00
0.000000000000000000e+00
0.000000000000000000e+00
4.658285711086758152e-01
4.965051166356406753e-01
4.900851214093498442e-01
0.000000000000000000e+00
2.097802587842311217e-01
0.000000000000000000e+00
4.978641349848211828e-01
4.810728849711304878e-01
0.000000000000000000e+00
4.955012317490656293e-01
0.000000000000000000e+00
4.965256095526766611e-01
4.939354375939906672e-01
3.501669714108154308e-01
4.740146513735525313e-01
4.852934987568955361e-01
4.770571321553837008e-01
4.967440340796640541e-01
4.921863042364955643e-01
5.304497284154267855e-02
4.779643104400284059e-01
4.900293856855758023e-01
1.799495227853240009e-01
1.471568962379647683e-01
4.758177521541323007e-01
4.876587284902379471e-01
4.967468314605176238e-01
0.000000000000000000e+00
3.107493292020183651e-01
4.973556460269979440e-01
2.151564774869715313e-01
4.735216894252795017e-01
4.988456749878198981e-01
4.922548930922576726e-01
3.914914967994074235e-01
4.885287642924669438e-01
4.982764261350060009e-01
2.788509209195080829e-01
4.971080860825075054e-01
4.619480067673920054e-01
4.854372329721826640e-01
4.834996833828614227e-01
0.000000000000000000e+00
0.000000000000000000e+00
3.441310218200997473e-01
2.001404228403191876e-01
0.000000000000000000e+00
0.000000000000000000e+00
0.000000000000000000e+00
4.933466209815295933e-01
0.000000000000000000e+00
4.881466472497397180e-01
0.000000000000000000e+00
2.741726495532484376e-01
4.970446336082132710e-01
0.000000000000000000e+00
4.977074750296230921e-01
4.747567842006716332e-01
4.929538059017458673e-01
4.627923459548112795e-01
4.977836168304777820e-01
4.738477686444255155e-01
4.597715599545521559e-01
0.000000000000000000e+00
0.000000000000000000e+00
4.923569008498451804e-01
0.000000000000000000e+00
0.000000000000000000e+00
4.647089849241048398e-01
4.932941836710975081e-01
4.976543152356673327e-01
3.774979738050803224e-01
4.785319800401290902e-01
4.698738925768948249e-01
0.000000000000000000e+00
4.933942912786692947e-01
0.000000000000000000e+00
4.809413923876700858e-01
4.593027035071277631e-01
0.000000000000000000e+00
4.963726046180372831e-01
4.930701581730316807e-01
4.693651522973872892e-01
4.706170718062783753e-01
4.944815962083431438e-01
4.847235379638459296e-01
4.936695604093418455e-01
0.000000000000000000e+00
2.775839933670356530e-01
4.913146144513591551e-01
0.000000000000000000e+00
4.679326530997388045e-01
4.920025676085293398e-01
4.890239935285364270e-01
4.684500059624508439e-01
4.839497334011233498e-01
0.000000000000000000e+00
4.988593581917504238e-01
4.898399227227808184e-01
4.607340919300774718e-01
4.906294686553739348e-01
4.615893040787986679e-01
4.689449197877461617e-01
4.615893040787986679e-01
4.653713216041258649e-01
4.798315258217169532e-01
4.947676434774779253e-01
4.655680361791132982e-01
4.910162724151261870e-01
4.852503624570807528e-01
4.841372117526582808e-01
4.893496973792356708e-01
0.000000000000000000e+00
4.831379398392944835e-01
4.722205061325167597e-01
4.915493496408906426e-01
4.634754687740473833e-01
4.726340905916653901e-01
4.853334796127592443e-01
4.564964267265260722e-01
4.974119885225450344e-01
0.000000000000000000e+00
4.964808579836574864e-01
4.755204088796292639e-01
4.996134556700924656e-01
0.000000000000000000e+00
3.702180173521338324e-01
4.694119021915691414e-01
4.995512320507326520e-01
4.892242948541292158e-01
4.910361439595238853e-01
4.968674235543621975e-01
4.981669421303565048e-01
4.250999815503759827e-01
4.987287275479838078e-01
0.000000000000000000e+00
4.675458241683081440e-01
4.736504370553564769e-01
4.887108273285531990e-01
4.996686934436678218e-01
4.857547200072797056e-01
4.848558645653372468e-01
4.792193075005909408e-01
4.522121496005631625e-01
4.905048750901319088e-01
4.560353827582672159e-01
4.818182678035559663e-01
4.522121496005631625e-01
4.828212609224975527e-01
4.808976019623497633e-01
4.613880455890108090e-01
4.796941168589926585e-01
4.684644580799907088e-01
4.522121496005631625e-01
0.000000000000000000e+00
4.836310269157502173e-01
4.991467489218779363e-01
4.800441827921863025e-01
4.972563291045489220e-01
4.772611337787980856e-01
4.620216163216187000e-01
4.744135847280921969e-01
4.955751403588652404e-01
0.000000000000000000e+00
4.939411404279411832e-01
4.816530142309071727e-01
4.867701868287123701e-01
4.843302638931573090e-01
0.000000000000000000e+00
4.651501988153957101e-01
4.968685561132533124e-01
4.765176861970187305e-01
4.807402386114761339e-01
4.787416574346485265e-01
4.800501566583882940e-01
4.545145649472869254e-01
4.823401380788459591e-01
4.821080813797065656e-01
0.000000000000000000e+00
4.843246952428313934e-01
4.913217332507984203e-01
4.670608509074050119e-01
4.994173714884491688e-01
4.522121496005631625e-01
4.814766850061061310e-01
4.590977465397202972e-01
4.795240581085318254e-01
0.000000000000000000e+00
4.522121496005631625e-01
4.788208863188727071e-01
4.904225739135540385e-01
4.806549729707046414e-01
4.822388751296460274e-01
4.629889112943773588e-01
4.591924090630071231e-01
0.000000000000000000e+00
4.522121496005631625e-01
4.929940944659173541e-01
4.969431691632630321e-01
1.976305935927945845e-01
4.976646284826350963e-01
4.701956404952287172e-01
4.682998384791955404e-01
4.922101271894995245e-01
4.775839327642495968e-01
4.799251395088937611e-01
4.875175552824419500e-01
4.886319738558304593e-01
4.705885838269272536e-01
4.654476794723436672e-01
4.855023640991285028e-01
4.522121496005631625e-01
4.522121496005631625e-01
4.908022890439929786e-01
4.823191013820909423e-01
4.522121496005631625e-01
0.000000000000000000e+00
4.879437248876743460e-01
1.295940997188313459e-01
4.923155450467718852e-01
4.834381133634556571e-01
4.938998109542688253e-01
4.978582515629754179e-01
4.872140974826448812e-01
4.826189090345111010e-01
0.000000000000000000e+00
4.766960484033928025e-01
0.000000000000000000e+00
4.717763631735467089e-01
4.714375574511163181e-01
4.947972861645659193e-01
4.522121496005631625e-01
4.658746471541870271e-01
4.859997832158259867e-01
4.850863930031751869e-01
0.000000000000000000e+00
4.895331491278077096e-01
4.859417777365070412e-01
4.843431277014239034e-01
4.814868145001371946e-01
4.735817095284129419e-01
0.000000000000000000e+00
4.869001510722549830e-01
0.000000000000000000e+00
4.816752319540579808e-01
4.836997085710435518e-01
4.822923454253115194e-01
4.522121496005631625e-01
4.522121496005631625e-01
4.954488869795428685e-01
4.938998109542688253e-01
4.990884781514559054e-01
0.000000000000000000e+00
4.608208115698069207e-01
4.613607545329847515e-01
4.522121496005631625e-01
4.944611707619541718e-01
4.732387874440759923e-01
4.956241696245009543e-01
4.825673068447892677e-01
0.000000000000000000e+00
4.574404298973084870e-01
4.522121496005631625e-01
0.000000000000000000e+00
4.583371512565364014e-01
4.550723639140912269e-01
4.692226643983283263e-01
4.973713930235474923e-01
4.677440193276755642e-01
4.948841630815588033e-01
4.826542748206628652e-01
0.000000000000000000e+00
4.867625730128686823e-01
4.760224316364775610e-01
4.697186075962536678e-01
4.685394752768755611e-01
4.522121496005631625e-01
0.000000000000000000e+00
4.522121496005631625e-01
4.522121496005631625e-01
4.752547436640860434e-01
0.000000000000000000e+00
4.818440170140483314e-01
4.758122573949778999e-01
4.981118823433816623e-01
4.901786063601032417e-01
4.522121496005631625e-01
4.522121496005631625e-01
4.699581235950300862e-01
4.871806191293581723e-01
4.670456871246976838e-01
4.522121496005631625e-01
4.522121496005631625e-01
4.787417142288477034e-01
4.955455912139482555e-01
4.661183214805679209e-01
4.677821461433491756e-01
4.522121496005631625e-01
0.000000000000000000e+00
4.844444914382771139e-01
4.845653137070893290e-01
4.682204515687438118e-01
4.921197958721537646e-01
4.986130174033459594e-01
0.000000000000000000e+00
0.000000000000000000e+00
0.000000000000000000e+00
4.846723415569979543e-01
4.875405542331869291e-01
4.652933932574458975e-01
0.000000000000000000e+00
4.522121496005631625e-01
4.902605171441055121e-01
4.827722159387344281e-01
4.847985216973605405e-01
4.751563463760788975e-01
0.000000000000000000e+00
4.897375939195048877e-01
4.827722159387344281e-01
4.629101746786348781e-01
4.677821461433491756e-01
4.996894771565524862e-01
4.702562090410055684e-01
4.843367664915069759e-01
4.562167486242577064e-01
4.710099954363166086e-01
4.798441041374944538e-01
0.000000000000000000e+00
4.785353545033100842e-01
4.522121496005631625e-01
4.522121496005631625e-01
4.690476673335283175e-01
4.949942403000435753e-01
4.522121496005631625e-01
4.522121496005631625e-01
0.000000000000000000e+00
0.000000000000000000e+00
4.696769810326119066e-01
4.905880425993497940e-01
4.686312395954010945e-01
4.695169925904156272e-01
4.522121496005631625e-01
4.776327998535077612e-01
4.912951091978737805e-01
4.799406460837513655e-01
4.701828393594133515e-01
4.958273523627050317e-01
0.000000000000000000e+00
4.563429315218627269e-01
4.522121496005631625e-01
4.896895051994435977e-01
4.746241187746667589e-01
4.806044932363575106e-01
4.607527769520067817e-01
4.819291671655891451e-01
4.813317928302106030e-01
4.712620454855946939e-01
0.000000000000000000e+00
4.923179326899533303e-01
4.832105785810874021e-01
0.000000000000000000e+00
4.522121496005631625e-01
4.522121496005631625e-01
4.690248164917641405e-01
4.898604018983803154e-01
4.852991942089089905e-01
4.522121496005631625e-01
0.000000000000000000e+00
4.522121496005631625e-01
4.594798205623661924e-01
0.000000000000000000e+00
4.873993065195085239e-01
4.718704357166884633e-01
4.813707854606104064e-01
4.522121496005631625e-01
4.871747111186103263e-01
0.000000000000000000e+00
4.846479477434369465e-01
4.932282548303019709e-01
0.000000000000000000e+00
4.679332020969467210e-01
4.983766898922921129e-01
4.786581847973123138e-01
4.522121496005631625e-01
4.823686517198383372e-01
4.845930501676177782e-01
4.633488322079227784e-01
4.661208304179587647e-01
4.633114687068820570e-01
0.000000000000000000e+00
4.522121496005631625e-01
4.822713890782895363e-01
4.783744189624484222e-01
4.522121496005631625e-01
0.000000000000000000e+00
4.522121496005631625e-01
4.932348923230353566e-01
4.808938957440891393e-01
0.000000000000000000e+00
4.784406038635878877e-01
4.522121496005631625e-01
4.828928816695955417e-01
4.840322645548894021e-01
4.817729020354926117e-01
4.522121496005631625e-01
4.522121496005631625e-01
4.712676702022864927e-01
4.965043568724880063e-01
4.887429162603911803e-01
4.976646284826350963e-01
4.881316553518283419e-01
4.793558281179182146e-01
4.626076040352349317e-01
0.000000000000000000e+00
4.956693190303609886e-01
0.000000000000000000e+00
4.745687062281713220e-01
4.522121496005631625e-01
4.522121496005631625e-01
0.000000000000000000e+00
4.532961383334938033e-01
4.522121496005631625e-01
0.000000000000000000e+00
4.780422267068182851e-01
4.930538694668860633e-01
4.522121496005631625e-01
4.991488099299177250e-01
4.862111542959555166e-01
0.000000000000000000e+00
4.522121496005631625e-01
4.820334793449033706e-01
4.885750100595207535e-01
4.522121496005631625e-01
4.990047642852772358e-01
4.522121496005631625e-01
4.792856735999387885e-01
0.000000000000000000e+00
4.897796101669014690e-01
4.522121496005631625e-01
4.992539182930638697e-01
4.937567167342096219e-01
4.925511944308571533e-01
4.998143543595909288e-01
4.628692089980342983e-01
4.877388262065091018e-01
4.892800944553793441e-01
4.693694941586177283e-01
4.807267885097968874e-01
4.652995143427380298e-01
4.983573385791602028e-01
4.890210423026684072e-01
4.998143543595909288e-01
4.998143543595909288e-01
4.732727459299371775e-01
4.999452507681422797e-01
4.998143543595909288e-01
4.998143543595909288e-01
4.821564031183736554e-01
4.698007089585917173e-01
4.885182859437916525e-01
4.935206246045670264e-01
4.998143543595909288e-01
4.644480472136456872e-01
4.998143543595909288e-01
4.968488457024207161e-01
4.683757107889177096e-01
4.791992573873605776e-01
4.865462213457706353e-01
4.998143543595909288e-01
4.694418608146977423e-01
4.772347103833837201e-01
4.733847445136726284e-01
4.880052497089930053e-01
4.998143543595909288e-01
4.733050536203532443e-01
4.922446439842412258e-01
4.998143543595909288e-01
4.801391663326921022e-01
4.998143543595909288e-01
4.920495469419286505e-01
4.998143543595909288e-01
4.998143543595909288e-01
4.917677446163417065e-01
4.631048867873553410e-01
4.615365413098445613e-01
4.871768713213477930e-01
4.917852363820129358e-01
4.998143543595909288e-01
4.998143543595909288e-01
4.923057842189753619e-01
4.998143543595909288e-01
4.913071876281196460e-01
4.914642335195297251e-01
4.998143543595909288e-01
4.717074021835407360e-01
4.835908219104819716e-01
4.930960879787583129e-01
4.998143543595909288e-01
4.913569124246300324e-01
4.936788849979668048e-01
4.920629028584279085e-01
4.998143543595909288e-01
4.686099035654911482e-01
4.811408569623059073e-01
4.953940316679771305e-01
4.909612378098657803e-01
4.884658244762648538e-01
4.841059145923671814e-01
4.998143543595909288e-01
4.998143543595909288e-01
4.998143543595909288e-01
4.838898003667800318e-01
4.774883554658714835e-01
4.998143543595909288e-01
4.940862190929770636e-01
4.645368836603291363e-01
4.849005929515666224e-01
4.998143543595909288e-01
4.988840080929428100e-01
4.998143543595909288e-01
4.897318296781070224e-01
4.998143543595909288e-01
4.834121734411825355e-01
4.804551528876309652e-01
4.998143543595909288e-01
4.921944386335144195e-01
4.643894376864065032e-01
4.998143543595909288e-01
4.844310562299221079e-01
4.998143543595909288e-01
4.998143543595909288e-01
4.998143543595909288e-01
4.908523162770726533e-01
4.749941937935900915e-01
4.924902684634301919e-01
4.998143543595909288e-01
4.957558533166325776e-01
4.666580345290101128e-01
4.998143543595909288e-01
4.998143543595909288e-01
4.998143543595909288e-01
4.998143543595909288e-01
4.918412684661472301e-01
4.867449602090662131e-01
4.890647116790953763e-01
4.804551528876309652e-01
4.750523893940475362e-01
4.998143543595909288e-01
4.680081376521481595e-01
4.842728007634963250e-01
4.998143543595909288e-01
4.998143543595909288e-01
4.998143543595909288e-01
4.647094353071390405e-01
4.641040305671539912e-01
4.998143543595909288e-01
4.995968073550798305e-01
4.998143543595909288e-01
4.816660105499650513e-01
4.851402925480992612e-01
4.852925971831498764e-01
4.998143543595909288e-01
4.998143543595909288e-01
4.877234720868777740e-01
4.658450746914074569e-01
4.927057220026919149e-01
4.823479950261505556e-01
4.924590055991171500e-01
4.986686805729597660e-01
4.998143543595909288e-01
4.998143543595909288e-01
4.970878835578586008e-01
4.998143543595909288e-01
4.998143543595909288e-01
4.547372979701590490e-01
4.998143543595909288e-01
4.932165018445707205e-01
4.998143543595909288e-01
4.998143543595909288e-01
4.998143543595909288e-01
4.601421387461370749e-01
4.864734300228454877e-01
4.998143543595909288e-01
4.986894467468673819e-01
4.998143543595909288e-01
4.876509491841478638e-01
4.998143543595909288e-01
4.998143543595909288e-01
4.998143543595909288e-01
4.998143543595909288e-01
4.954957345489520715e-01
4.998143543595909288e-01
4.998143543595909288e-01
4.762108619280844279e-01
4.994733210711587157e-01
4.998143543595909288e-01
4.982389333679920207e-01
4.901287784374431800e-01
4.998143543595909288e-01
4.937567167342096219e-01
4.846718861402922740e-01
4.998143543595909288e-01
4.998143543595909288e-01
4.804882547316802199e-01
4.998143543595909288e-01
4.973087916902933503e-01
4.998143543595909288e-01
4.589291692267920553e-01
4.998143543595909288e-01
4.998143543595909288e-01
4.661829243111507703e-01
4.998143543595909288e-01
4.998143543595909288e-01
4.998143543595909288e-01
4.998143543595909288e-01
4.998143543595909288e-01
4.746316105775803540e-01
4.962621321917952133e-01
4.998143543595909288e-01
4.998143543595909288e-01
4.882019282655589154e-01
4.998143543595909288e-01
4.998143543595909288e-01
4.934643652822917614e-01
4.974295802879485362e-01
4.998143543595909288e-01
4.998143543595909288e-01
4.806855175123275759e-01
4.871701531192882406e-01
4.844185045315281268e-01
4.910639421756126111e-01
4.985836908791185795e-01
4.684679253174662272e-01
4.998143543595909288e-01
4.813648991361477170e-01
4.998143543595909288e-01
4.998143543595909288e-01
4.792347103833837219e-01
4.998143543595909288e-01
4.998143543595909288e-01
4.998143543595909288e-01
4.826572450745535980e-01
4.998143543595909288e-01
4.998143543595909288e-01
4.623569468959965456e-01
4.594381037105432219e-01
4.998143543595909288e-01
4.998143543595909288e-01
4.998143543595909288e-01
4.998143543595909288e-01
4.844173538434721205e-01
4.998143543595909288e-01
4.916136875276343465e-01
4.704819119933315585e-01
4.638751053456142137e-01
4.795380069977940307e-01
4.998143543595909288e-01
4.970148545437353405e-01
4.906622359818569867e-01
4.796740670073802448e-01
4.594783308081508144e-01
4.998143543595909288e-01
4.998143543595909288e-01
4.936090775124981067e-01
4.834908102564053345e-01
4.829761666545020482e-01
4.706939170199635480e-01
4.906426354884035890e-01
4.998143543595909288e-01
4.998143543595909288e-01
4.654184099134761055e-01
4.998143543595909288e-01
4.805996944120481951e-01
4.776077743492391781e-01
4.998143543595909288e-01
4.998143543595909288e-01
4.629966284957192091e-01
4.688903523334514434e-01
4.998143543595909288e-01
4.957389645571984582e-01
4.600931230240518643e-01
4.998143543595909288e-01
3.521623327590628905e-01
4.630514414648446153e-01
4.688880799101953767e-01
4.998143543595909288e-01
4.998143543595909288e-01
4.998143543595909288e-01
4.837057805649877529e-01
4.896229922490037412e-01
4.931643826706660350e-01
4.865462213457706353e-01
4.791992573873605776e-01
4.998143543595909288e-01
4.803957807433830718e-01
4.998143543595909288e-01
4.998143543595909288e-01
4.998143543595909288e-01
4.944562728120198702e-01
