-9.714926409549524966e-03
1.450619230245933991e-02
4.736195439761835789e-03
9.478585669132498850e-03
1.830599646481924359e-02
1.778874452982504017e-02
6.709038621867595246e-03
1.862771697188701087e-02
9.172398991625096282e-03
3.784502740310353303e-03
1.914630796510573274e-02
1.910623195675659886e-02
1.946860651288074076e-02
3.635943147327512157e-03
1.095963941398419607e-02
1.849929669895782752e-02
2.114166939721822194e-02
-5.911751654799634464e-03
1.347206863039843855e-02
1.172987137747396463e-02
2.064290087703251481e-02
1.928749162435696579e-02
-6.953914817884651774e-03
-1.228603683355339142e-02
1.175637997805403789e-02
-1.834582586418301992e-02
2.067155451425481405e-02
2.754753859712782624e-02
1.301411366248976520e-02
1.220671098542773503e-02
5.397000985566966468e-03
6.744165405207491575e-03
-6.116007720060077230e-03
6.545454915959102865e-03
1.327207218031033545e-02
1.446786542547618369e-02
4.999234495539680440e-03
6.331900300232552042e-03
1.522418612537579895e-02
1.288536011562343812e-02
7.569071613383617468e-03
1.642878759111501830e-02
-1.320924495554369818e-02
2.267733004402663552e-02
-1.727562188550356773e-02
1.385651643736017513e-02
1.226716426591187466e-02
8.906705283428465597e-03
1.405149245688333201e-02
1.948594226190225945e-02
9.821152711829650439e-03
2.126110612550321036e-02
1.582537824231177934e-02
1.681822692426030233e-02
-1.642824332875496632e-02
7.443420136316713197e-03
1.425693272324159329e-02
1.964449015666893533e-02
8.018652952377375992e-03
6.223500908391120003e-03
-2.399122230838092798e-02
1.829389041962982063e-02
1.607255853602326812e-02
7.852430747672689906e-03
1.589309826078691076e-02
1.257902547916295993e-02
2.250968432476629227e-02
1.461252991532434667e-02
1.548499789290899882e-02
1.262935008564763581e-02
1.373510131835210812e-02
5.959437806736097784e-04
1.224564809580733042e-02
2.749531785750948185e-02
1.062776565885189574e-02
1.090662238529348065e-02
9.776196020262879066e-03
7.326898346007018267e-04
-1.697367358629142675e-02
1.306079931183697432e-02
1.371601814580897076e-02
-1.349143622911235831e-02
2.716716308496444632e-02
3.544142649776636702e-03
2.573197336236974359e-02
1.431984437924568518e-02
9.076936079223600629e-03
9.657011449173098089e-03
2.266916664260698253e-02
1.466072516255574609e-02
1.120974411608230588e-02
1.425332738429916854e-02
1.134887334966892466e-02
2.219238856531635315e-02
9.601307590787432761e-03
6.313953882137381124e-03
3.117160836758426160e-02
7.923043521930074953e-03
2.307261896369825621e-02
-2.107315496765076353e-03
2.528304404753961565e-02
9.461860981930707640e-04
7.815428297345420119e-03
1.788079793434781128e-02
-1.728622178975379453e-02
-1.464132477713392215e-02
1.586520321936651240e-02
6.715888866227820962e-03
2.219978197677190818e-02
-1.617384641109368554e-02
3.564630329226483457e-02
7.371722240946363379e-03
2.015634902179934580e-04
2.862704197290687202e-02
1.060480139256131903e-02
4.750147275404103739e-03
1.529008409413510142e-02
8.270767612420529269e-03
1.318512366641000355e-02
3.010498879391816998e-02
3.577126871415087228e-02
1.311141048566106040e-02
1.630683420196916977e-02
-1.604799750313204779e-02
2.618632141450905407e-02
-3.562303043757471775e-04
-1.822697290130384853e-02
1.188074743092740670e-03
8.150071502720703659e-03
3.932193509804081388e-02
1.107524433263211601e-02
1.053151157562291947e-02
3.206812370628076697e-02
2.813762862182786137e-02
-2.981695817285055436e-02
-2.843477404777205314e-02
7.248374147392786480e-03
-2.527390782646353473e-02
-2.013030846875700150e-02
-3.226410213785931708e-02
6.779875605724840389e-03
4.033714624029176993e-02
2.413991873497592019e-02
-2.531263561631039855e-02
-9.808662964470837506e-03
3.693439921179773877e-02
2.887708298114284242e-02
4.631648589538558958e-02
-6.274342480271250314e-03
3.067403606571435931e-02
3.515825283869223467e-02
4.682195765540532115e-03
4.506265606138246116e-02
4.882394577071346581e-02
-1.598944506157789006e-02
1.227471036473982285e-02
2.666430082223887610e-02
3.791306511410749702e-02
8.562568226922856809e-03
-3.203490284471541272e-02
-2.082327322293168852e-03
9.388047141303947768e-03
4.871992245024704682e-02
3.485955023341087006e-02
3.696566573670471284e-02
3.172995759948634038e-03
7.089928223237250415e-03
4.796826446445894704e-02
5.089909159356841711e-02
-2.516621258700148245e-02
1.230214197275961152e-02
4.899916612164981200e-02
2.680085954180950678e-02
-6.560012191913495126e-03
-4.055436223606596197e-02
3.551272824096566444e-03
2.629934264795442608e-02
4.224830744413299310e-02
2.526771164076229564e-02
3.840253663513047699e-02
7.581906092291607752e-03
3.006088912641352931e-02
5.516171548779296580e-03
4.484515124642000222e-02
4.759376018316243545e-02
1.083116199683936860e-02
1.163065389394798629e-02
2.515405187261006079e-02
2.843195656144711231e-02
3.971517597091905882e-02
1.682409833041243136e-03
3.530236562361050486e-03
3.843061703914481871e-03
1.800930964906693674e-02
2.935816901975422943e-02
3.883217807213603517e-02
1.382491547457306673e-02
4.713962220045357643e-02
4.278077322211632644e-02
-1.640632689861717952e-02
5.503562444764693862e-03
-1.526377342686489544e-02
-3.338368814586371164e-02
4.616277685014726767e-02
-1.685215245677300225e-03
4.586113850504962980e-02
4.767062887735813714e-02
5.155394270373270943e-02
2.609442410077998653e-02
4.385324509324607656e-02
-2.871576600393021747e-02
-1.851256218740794310e-02
7.093011733182555227e-03
-5.292674990628856539e-03
1.344192847827252804e-02
4.104420683431493633e-02
2.943091986777725613e-02
5.861719405855980378e-03
4.723329198457395378e-02
4.600801165893846079e-02
3.203914311071432569e-02
-1.082581244126173611e-02
-1.466321715402077105e-02
4.974008527530531659e-02
1.777556599790840533e-02
-3.072860198009571067e-02
1.390044084611996751e-02
3.979566057502287313e-02
2.793839613204852218e-02
3.326020633392374852e-03
1.489399193438190397e-02
5.053094975971407499e-02
4.499123604817185235e-02
5.261700288869491232e-02
4.616490219417222762e-02
5.812723659786945239e-03
4.917670869199620293e-02
7.701223354739933705e-03
2.796789115725236904e-02
5.366999619656386694e-02
3.059539173286905667e-02
5.040597955493324872e-02
3.897067721572692461e-02
5.436396189762701670e-02
5.199665620011192230e-02
5.130349877207212445e-02
5.682817682118623467e-03
-3.209106085091866650e-02
-3.567570875717025053e-02
4.150402160583923847e-03
4.637825558160906664e-02
3.657378976033816981e-02
3.724003371869252094e-02
5.336230289527772730e-02
5.396364722792287849e-02
4.842690725800558038e-02
-5.126350394247235209e-02
-3.355409440344879479e-02
1.509563676120373975e-02
6.502257253792761114e-03
5.121297177258844063e-02
1.175557216374827768e-02
5.013543274835877139e-02
7.790772493832283721e-03
5.104955586714274296e-02
7.000192659199318962e-03
8.775470992833257072e-03
3.378231385775873341e-02
-5.040176496612680523e-02
-2.929998334377759139e-02
5.062559864192561765e-02
4.976541640039261472e-02
-3.555686997461830062e-02
-1.383377836435261635e-03
8.493505329916635829e-03
8.492602861768252381e-03
4.950248344948102869e-02
1.382498347347923401e-02
5.008161544897544309e-03
5.419175252923436048e-02
4.763308814282470049e-02
5.514636904065194772e-02
3.907753574489335191e-02
1.241896040835368219e-03
5.114201023765042875e-02
-4.194166322021945087e-02
4.439542018315936756e-02
-3.830451744354333027e-02
5.408608815069198411e-02
5.557912685291944294e-02
4.040034547917872865e-02
2.885604546100613461e-03
5.581538132389787799e-02
5.500830059761100538e-03
4.391236377949038483e-02
5.579998158828300414e-02
1.302845484046957422e-02
-1.461940344664657693e-02
7.615980278363902733e-03
5.561032638629921990e-03
-3.775741429692797829e-02
5.574840490123839087e-02
5.590775753462737946e-02
4.154036560629292829e-02
6.364619419101897463e-03
4.200639061090739867e-02
7.060683623099250905e-03
4.256699671688191772e-02
5.208644453403416669e-02
8.136102652405529864e-03
5.790812368062810134e-02
6.401792205234608721e-03
5.485611861171731801e-02
5.420669266804186565e-02
4.010357546068615137e-02
5.558823909165832439e-02
5.624536246095933334e-02
5.466252202957158635e-02
5.496533114157110822e-02
5.593292883199547233e-02
3.989287447281696097e-02
5.501582176095872606e-02
5.634120427556835869e-02
5.052608821940975103e-02
3.768199593873609865e-02
5.571268196374000448e-02
5.131157350334426825e-02
5.590775753462737946e-02
6.991109280820238282e-03
4.005637826787517702e-02
5.466731695957247061e-02
4.022356336604891724e-02
5.550474583046217936e-02
4.161760286983544332e-02
5.520240027851232301e-02
5.536827799409953232e-02
4.864554090114275170e-02
4.555516051996828797e-02
-3.973811328157838413e-02
5.257801589002177034e-02
5.640285390580147135e-02
5.725747990106407753e-02
4.289985373043870426e-02
9.089862625888515263e-03
0.000000000000000000e+00
3.977647909164241241e-02
-5.117761930412022958e-02
3.256971448988837947e-02
8.041946346608472296e-03
8.877245604713892430e-03
5.571268196374000448e-02
5.287942963218382128e-03
5.558340435962013520e-02
3.814052925692264662e-03
3.898206378090262464e-02
3.901453537686425804e-02
7.849000971416962569e-03
4.062985818979769626e-02
5.471279403418877890e-02
4.070628368899212313e-02
5.546419633088076756e-02
4.768184014696606049e-02
5.454864925118456387e-02
5.676759574101351846e-02
7.163407033465385085e-03
8.708689508482475236e-03
4.112099691517466515e-02
5.810598347037745047e-03
2.505101808241201860e-03
5.550474583046217936e-02
5.436287343039359482e-02
5.593805627470452985e-02
4.018848875773525786e-02
5.613666479613439037e-02
5.446326030743189189e-02
2.206951523887386302e-02
5.609471077294218150e-02
-4.003268594387904278e-02
5.556313989143997489e-02
5.669322804320160725e-02
7.747012626258143603e-03
5.302113386564388797e-02
5.517120765423390999e-02
5.725718560390456041e-02
5.500132315162250402e-02
5.548280807651446295e-02
5.592339566405750417e-02
4.949460038705313231e-02
6.646147752363445668e-03
7.590501899632274424e-03
5.513914561311418494e-02
2.463302167885870683e-03
5.239840985880415275e-02
5.588294057254605124e-02
5.548329575006333975e-02
5.463855972205266393e-02
5.513914561311418494e-02
3.952777426630469867e-03
4.126915223730366622e-02
4.187281007291351886e-02
5.737982277820589949e-02
4.141443067093211750e-02
5.700214463398696474e-02
5.607273172696945057e-02
5.700214463398696474e-02
5.663306478666865068e-02
5.865496080940252321e-02
4.460783452079566253e-02
5.831218186615286236e-02
4.084060113408749526e-02
4.743801911452441566e-02
5.316715773719007249e-02
4.449316602871518367e-02
3.136615177189099046e-03
5.805771716614157446e-02
4.745993249927634577e-02
4.743856909222004398e-02
5.784703969908390475e-02
5.570279243996680701e-02
4.606971448678785774e-02
6.106349680805165520e-02
5.664848953439662049e-02
-5.336563380754382781e-03
5.318582147653543035e-02
5.118772034414743183e-02
5.489737341135077220e-02
4.774163678219371827e-03
4.933892821158969433e-02
6.071997716412569357e-02
4.497659972791464428e-02
5.998899214561273507e-02
6.169193353310963024e-02
4.861965875439572260e-02
4.986385178115834010e-02
4.578416631577390122e-02
6.028358234086431816e-02
4.569848770289209466e-02
5.355521297437038780e-02
5.060614022487967822e-02
5.446677223137564444e-02
5.003562251797893240e-02
6.083837480793199970e-02
4.807015693645007998e-02
6.083707003564629151e-02
6.169193353310963024e-02
4.308602266042964313e-02
6.116928835697403588e-02
6.178674425839161821e-02
6.169193353310963024e-02
4.812078315399177103e-02
5.208458077764849259e-02
5.774358128755324726e-02
6.110578780404583160e-02
5.761118844820212193e-02
6.169193353310963024e-02
4.708646885196149379e-02
5.105315887130591063e-02
5.546689286191903295e-02
5.400748963717597051e-02
6.135140974302665667e-02
4.626793337008582724e-02
5.596128707754318560e-02
6.126845323853370717e-02
4.762079508335350514e-02
1.737358903754617845e-03
5.687899933204793729e-02
6.132928047323318865e-02
6.064429851455287873e-02
5.339245408795313674e-02
3.692691817081223543e-03
5.973436202547442730e-02
5.095684014836333181e-02
4.831099822144081790e-02
4.914844970447362904e-02
5.504760785792840033e-02
4.707410103323256267e-02
6.126613079457632338e-02
6.109795258776034438e-02
5.684884213351728416e-02
3.328184525571800147e-03
6.051793326097716641e-02
5.851891535489493756e-02
6.169193353310963024e-02
5.402404698266226324e-02
6.169193353310963024e-02
5.139591643156140449e-02
6.052852306502266161e-02
4.855369293389103641e-02
3.361595535969154683e-03
6.169193353310963024e-02
6.031123312166746658e-02
6.169193353310963024e-02
4.667318841005384245e-02
4.896598716548568320e-02
5.510026510132627620e-02
5.737121851286452329e-02
2.730488344407024266e-03
6.169193353310963024e-02
4.763166321910292100e-02
5.796214261881754704e-02
4.541341948010717278e-02
6.169193353310963024e-02
4.966020901682952765e-02
5.941130100721054436e-02
5.298475145841621131e-02
4.689632178348911856e-02
4.918491719709348897e-02
6.169193353310963024e-02
4.999317960141413941e-02
5.566586451128646001e-02
6.090881825431312263e-02
4.462651205130192811e-02
6.169193353310963024e-02
6.169193353310963024e-02
5.790885454305837177e-02
5.536555412173171931e-02
6.169193353310963024e-02
4.763806155197352482e-02
5.415581673081341224e-02
5.047598008616608484e-02
4.586753735973733703e-02
6.169193353310963024e-02
6.212008746459399267e-02
5.516775693401416297e-02
5.138062847014849416e-02
4.944734344071308185e-02
3.390768605732973930e-03
6.169193353310963024e-02
4.617354763522873995e-02
5.743154414951601172e-02
4.998611035891668830e-02
5.604841496666974204e-02
6.169193353310963024e-02
5.657054023542667370e-02
6.169193353310963024e-02
5.265811404632008558e-02
-3.025178843656265836e-03
5.155420564511819376e-02
5.891316547499594186e-02
4.749286473007643949e-02
6.071353815171178642e-02
5.274945850554013660e-02
3.179847033145376603e-03
5.671572298565736442e-02
4.280004653601995890e-03
5.714376940032989127e-02
5.175677268137145876e-02
5.732590356825377487e-02
6.169193353310963024e-02
6.169193353310963024e-02
5.045742376166054144e-02
6.212008746459399267e-02
4.707649807798858915e-02
3.571404926189391486e-03
5.581087303435566804e-02
6.024689020648391763e-02
6.169193353310963024e-02
5.278756395339356811e-02
6.102400010439516104e-02
4.361569630487210913e-02
5.144758688978564448e-02
3.986489970535764781e-03
6.142052595616669802e-02
6.169193353310963024e-02
2.331125104816232814e-03
6.041790233733664028e-02
6.029333820431354712e-02
6.116366116352034421e-02
6.194371631167110148e-02
5.661402753691200523e-02
5.359005018319820679e-02
6.148985904846461514e-02
4.217815282306677793e-03
6.134217794778113603e-02
5.193326795555686104e-02
5.535853243959900499e-02
6.105699773403860942e-02
6.169193353310963024e-02
-2.410351517146648928e-02
6.169193353310963024e-02
6.169193353310963024e-02
4.757748196837311566e-02
1.997587592355943263e-03
5.147501047773271610e-02
5.258365898478289946e-02
5.381583879252057473e-02
6.149487654193248193e-02
6.169193353310963024e-02
6.169193353310963024e-02
4.957053902636395643e-02
5.770799187522310941e-02
5.709987052501915017e-02
6.169193353310963024e-02
6.169193353310963024e-02
5.666204806117045023e-02
4.808258034999899483e-02
6.140481704622877818e-02
6.094850162747445649e-02
6.169193353310963024e-02
4.777556392941832708e-02
6.137804070334623718e-02
5.001128801392790146e-02
5.868378239618603220e-02
4.954644722087199471e-02
5.155808130644775472e-02
2.193836633145592602e-03
1.898388137080592088e-03
1.983036950272774619e-03
5.346114311114057160e-02
5.676411295052236766e-02
5.368364521686295326e-02
3.682776869165075434e-03
6.169193353310963024e-02
5.074425547760695598e-02
6.115430903944015645e-02
6.143243690038528021e-02
5.172315972736547113e-02
3.386320651698612565e-03
5.549147450227427669e-02
6.115430903944015645e-02
5.613464110454056966e-02
6.094850162747445649e-02
5.932994658136911403e-02
6.060902406345457238e-02
6.169193353310963024e-02
6.112732069762078640e-02
5.358484921556873337e-02
5.828443145966810679e-02
3.991708844058229622e-03
5.449459483506631507e-02
6.169193353310963024e-02
6.169193353310963024e-02
4.982096285844347244e-02
5.485961877541124104e-02
6.169193353310963024e-02
6.169193353310963024e-02
3.239842310933812274e-03
4.009830818330981789e-02
4.936800715964406033e-02
5.931892228997630995e-02
5.695505641754648740e-02
4.955303626649455034e-02
6.169193353310963024e-02
5.402367681187848769e-02
5.495109906944366240e-02
5.813854443571857961e-02
5.406547374055261507e-02
5.711993815887751735e-02
3.092309033002222166e-03
6.023341158221278552e-02
6.169193353310963024e-02
6.042766191803075615e-02
6.116394604443652766e-02
5.747376226498714796e-02
6.069089823280712087e-02
6.104225631673266400e-02
6.037500256148799205e-02
5.406090530128713351e-02
4.013578794469736810e-03
4.799019826397095401e-02
6.121082129959946883e-02
3.946997218925051530e-03
6.169193353310963024e-02
6.169193353310963024e-02
6.169193353310963024e-02
6.169193353310963024e-02
5.318491717925396406e-02
6.169193353310963024e-02
2.918811134810017638e-03
6.169193353310963024e-02
5.925238105177010883e-02
1.553458333230704497e-03
5.350597220635288503e-02
4.830322140203015951e-02
5.905696232482655905e-02
6.169193353310963024e-02
4.917511926844832931e-02
4.425562542555529916e-02
4.912239948246087395e-02
5.847339966953854495e-02
-1.831432395307994697e-03
5.255772980858465504e-02
5.278737719318452731e-02
5.193559855529763375e-02
6.169193353310963024e-02
5.155757244535312533e-02
5.516876565058757148e-02
5.426140174046743120e-02
5.849392850386216092e-02
5.604298669958554524e-02
1.587655621698407264e-03
6.169193353310963024e-02
5.857035206625445939e-02
5.828293856724128807e-02
6.169193353310963024e-02
4.833449924825129057e-02
6.169193353310963024e-02
5.229965953586386551e-02
6.076421126284793639e-02
1.977650717323596857e-03
4.919087535755357898e-02
6.169193353310963024e-02
5.387511956661307500e-02
5.719603011591632008e-02
5.024323713032512184e-02
6.169193353310963024e-02
6.169193353310963024e-02
5.367044419292658214e-02
4.619111078393548647e-02
4.656504435686617538e-02
6.169193353310963024e-02
5.261344515719937331e-02
5.774170861754814726e-02
5.472493309795636168e-02
3.151794853374407894e-03
5.123746807423765898e-02
4.788642859302692095e-02
6.061286478745515210e-02
6.169193353310963024e-02
6.169193353310963024e-02
3.094195229997280007e-03
6.082434894298934663e-02
6.169193353310963024e-02
2.927109058903634362e-04
5.831769554510345815e-02
5.965495232059885716e-02
6.169193353310963024e-02
5.564376497829689322e-02
5.031520352796133716e-02
3.558348859888081986e-03
6.169193353310963024e-02
5.830175616944897887e-02
5.966485425352509309e-02
6.169193353310963024e-02
5.527384709120640449e-02
6.169193353310963024e-02
5.409747245679535216e-02
3.583821516660692583e-03
5.430675727115524126e-02
6.169193353310963024e-02
4.343684670620934912e-02
5.941569403416435691e-02
4.235327361949957348e-02
5.941569403416435691e-02
5.344248724390584376e-02
5.941569403416435691e-02
4.190696082806762840e-02
5.441209936733202440e-02
5.282570393295449307e-02
5.395296251190253439e-02
4.340546814543165544e-02
4.235507904559841774e-02
5.941569403416435691e-02
5.941569403416435691e-02
5.237159294145921073e-02
4.841755993229648891e-02
5.941569403416435691e-02
5.941569403416435691e-02
4.260372946213536460e-02
5.971227782118608551e-02
5.317269381986707011e-02
4.929535328917058340e-02
5.941569403416435691e-02
5.548836676785385419e-02
5.941569403416435691e-02
4.153671517239940214e-02
5.242770608707746083e-02
5.856455004360140021e-02
5.941569403416435691e-02
5.941569403416435691e-02
5.417501200482027074e-02
5.845930811295087931e-02
5.263236558477063509e-02
5.395931614501638107e-02
5.941569403416435691e-02
5.941569403416435691e-02
5.501934341232445763e-02
5.941569403416435691e-02
5.918336556831525763e-02
5.941569403416435691e-02
4.281249651076769747e-02
5.941569403416435691e-02
5.941569403416435691e-02
4.376460310753037264e-02
5.551313494785246883e-02
5.916127766867963766e-02
5.604450831906477443e-02
5.610414279061315401e-02
5.941569403416435691e-02
5.941569403416435691e-02
4.129669224659363036e-02
5.941569403416435691e-02
5.941569403416435691e-02
5.591191231279375035e-02
5.941569403416435691e-02
5.020982006683475524e-02
5.431211790844371612e-02
4.082964046793438606e-02
5.941569403416435691e-02
4.277887629997707136e-02
4.381159053411243925e-02
4.205676386505526748e-02
5.941569403416435691e-02
5.377213975784722599e-02
4.893779348129666945e-02
4.824301300937227505e-02
5.231045649033268241e-02
4.132145983814000667e-02
4.264492990947370971e-02
5.941569403416435691e-02
5.941569403416435691e-02
5.941569403416435691e-02
4.889212341027324854e-02
5.608729851156824681e-02
5.941569403416435691e-02
4.089637002065573540e-02
5.685665017114991532e-02
5.322211466362890969e-02
5.941569403416435691e-02
4.082907509668835810e-02
5.941569403416435691e-02
5.513035430473155196e-02
5.941569403416435691e-02
4.559735371014723287e-02
5.941569403416435691e-02
5.941569403416435691e-02
5.611556426522582713e-02
5.951163596112445803e-02
5.941569403416435691e-02
4.959812224532647584e-02
5.941569403416435691e-02
5.941569403416435691e-02
5.941569403416435691e-02
4.323492163362078339e-02
5.515981275914266097e-02
4.125707711841709174e-02
5.941569403416435691e-02
5.300816927233081843e-02
5.607117331590702469e-02
5.941569403416435691e-02
5.941569403416435691e-02
5.941569403416435691e-02
5.941569403416435691e-02
4.268042701595255173e-02
4.314142147898576002e-02
4.319424304478654275e-02
5.941569403416435691e-02
5.223773496283562467e-02
5.941569403416435691e-02
5.877067492562509238e-02
5.330974855800384160e-02
5.941569403416435691e-02
5.941569403416435691e-02
5.941569403416435691e-02
5.941569403416435691e-02
5.639870611331049277e-02
5.941569403416435691e-02
4.255261695961038565e-02
5.941569403416435691e-02
4.896071566177619128e-02
4.963278943987609049e-02
5.358051432691580962e-02
5.941569403416435691e-02
5.941569403416435691e-02
4.175582455589842840e-02
5.583238052485495206e-02
4.169840640210956823e-02
5.894007007297387413e-02
5.941569403416435691e-02
5.293162775612986898e-02
5.941569403416435691e-02
5.941569403416435691e-02
4.095881369668126493e-02
5.941569403416435691e-02
5.941569403416435691e-02
5.947394220650663310e-02
5.941569403416435691e-02
4.052853240297025345e-02
5.941569403416435691e-02
5.941569403416435691e-02
5.941569403416435691e-02
5.790468737511417913e-02
4.197047514574266808e-02
5.941569403416435691e-02
4.675080760432093196e-02
5.941569403416435691e-02
4.232828075254725653e-02
5.941569403416435691e-02
5.941569403416435691e-02
5.941569403416435691e-02
5.941569403416435691e-02
4.095149544163125682e-02
5.941569403416435691e-02
5.941569403416435691e-02
5.540141480539896579e-02
5.262862517536067569e-02
5.941569403416435691e-02
5.370986993122477821e-02
4.857593626592989627e-02
5.941569403416435691e-02
5.941569403416435691e-02
5.069600418053771262e-02
5.941569403416435691e-02
5.941569403416435691e-02
4.348685380218823143e-02
5.941569403416435691e-02
4.199830129899949360e-02
5.941569403416435691e-02
5.771356704756908096e-02
5.941569403416435691e-02
5.941569403416435691e-02
5.605511811988112686e-02
5.941569403416435691e-02
5.941569403416435691e-02
5.941569403416435691e-02
5.941569403416435691e-02
5.941569403416435691e-02
4.895499982163933894e-02
4.335789376537384221e-02
5.941569403416435691e-02
5.941569403416435691e-02
4.181394667831177941e-02
5.941569403416435691e-02
5.941569403416435691e-02
4.329432158387033075e-02
4.251921371718653947e-02
5.941569403416435691e-02
5.941569403416435691e-02
5.929173072792556787e-02
4.270962703209959382e-02
5.318527139130606318e-02
4.305611718792895504e-02
4.113378489642374736e-02
5.883098386101914129e-02
5.941569403416435691e-02
5.941056000877045079e-02
5.941569403416435691e-02
5.941569403416435691e-02
5.845930811295087931e-02
5.941569403416435691e-02
5.941569403416435691e-02
5.941569403416435691e-02
4.825827988351847481e-02
5.941569403416435691e-02
5.941569403416435691e-02
5.375628571375005993e-02
5.780522900877959475e-02
5.941569403416435691e-02
5.941569403416435691e-02
5.941569403416435691e-02
5.941569403416435691e-02
4.394094241483143676e-02
5.941569403416435691e-02
4.093362985164288731e-02
5.096050461705577128e-02
5.563243127657156728e-02
5.843741392859185674e-02
5.941569403416435691e-02
4.038542905115277692e-02
4.203516197036377688e-02
5.235484493621754554e-02
5.745916268083890721e-02
5.941569403416435691e-02
5.941569403416435691e-02
4.380987459655719118e-02
5.256545409140395142e-02
4.881109468435555765e-02
5.432702488016556697e-02
5.435032625777750509e-02
5.941569403416435691e-02
5.941569403416435691e-02
5.403749935421644363e-02
5.941569403416435691e-02
5.916127766867963766e-02
5.294774923748514495e-02
5.941569403416435691e-02
5.941569403416435691e-02
5.941569403416435691e-02
5.889105715449979156e-02
5.941569403416435691e-02
5.303604111028963064e-02
5.577434823480193621e-02
5.941569403416435691e-02
5.834685141116268542e-02
5.823260184073825174e-02
5.959549994371841908e-02
5.941569403416435691e-02
5.941569403416435691e-02
5.941569403416435691e-02
5.331571170301938056e-02
4.276136190568929907e-02
5.185993107959398912e-02
5.941569403416435691e-02
5.856455004360140021e-02
5.941569403416435691e-02
5.923777245796363333e-02
5.941569403416435691e-02
5.941569403416435691e-02
5.941569403416435691e-02
5.357130012238119771e-02
