1.038959808411203767e+02
1.153979042503832773e+02
1.127351464852312830e+02
1.169966491101989732e+02
1.222215824103026023e+02
1.332977690516757150e+02
1.298401655599423918e+02
1.401785361787426893e+02
1.356515917402639388e+02
1.344549995243533544e+02
1.473966416330534344e+02
1.583887040206737140e+02
1.665987685832831460e+02
1.697402286316199991e+02
1.717049479744388236e+02
1.840302397420441594e+02
1.915137735951399236e+02
1.920815146399559126e+02
1.964134022288048698e+02
1.965337212873593558e+02
1.953308542455762051e+02
1.935724653273581453e+02
1.926195896605652251e+02
1.895373530309601904e+02
1.872196543531381394e+02
1.881813758062098998e+02
1.877787861289141915e+02
1.914044281476350591e+02
1.896550845335258941e+02
1.900313096319769102e+02
1.911224791599118191e+02
1.917939338809910339e+02
1.917356818636166906e+02
1.918277023759764290e+02
1.934140368658859757e+02
1.945720147175284183e+02
1.940131052002160743e+02
1.940436877322703708e+02
1.935061603666858332e+02
1.935998128419165027e+02
1.938603769036261326e+02
1.961520561554314099e+02
1.946418489557634643e+02
1.955104568727844594e+02
1.961441167584881669e+02
1.967773754404490489e+02
1.961995076038795673e+02
1.974733984582779556e+02
1.984447501590398986e+02
1.990539471173340758e+02
1.996048363802007088e+02
2.024405343127634183e+02
2.033770947227651789e+02
2.038210177417600732e+02
2.047236172028337080e+02
2.051898390766575915e+02
2.055090235287972860e+02
2.055805787235872515e+02
2.064291092943660431e+02
2.055247152403105133e+02
2.071481669994113304e+02
2.090153076408597599e+02
2.101524937020408288e+02
2.098805251640421545e+02
2.110000830103451221e+02
2.119809024334549576e+02
2.131388720248737343e+02
2.131967043253804661e+02
2.134513606822561371e+02
2.137972858145315911e+02
2.135661413906563268e+02
2.140945028997462600e+02
2.145149584705633572e+02
2.164054678705425658e+02
2.167980295948366631e+02
2.172333625510553077e+02
2.172567823219939100e+02
2.174837245094994955e+02
2.182268164324653128e+02
2.187562530617528012e+02
2.187169374640172066e+02
2.189592384770253943e+02
2.214819168046476534e+02
2.206978183251934524e+02
2.218742977267268657e+02
2.220675908253305408e+02
2.220050451859074485e+02
2.224614869800665247e+02
2.235718518234598946e+02
2.237923298919878619e+02
2.237024056548596889e+02
2.235181778995364539e+02
2.230585611637750389e+02
2.248522046378548112e+02
2.247084731495923791e+02
2.248319669089199522e+02
2.263199560557692109e+02
2.264225491663920025e+02
2.280338325325492974e+02
2.281476687598933495e+02
2.303366657318662192e+02
2.316215971574513333e+02
2.329011039010178479e+02
2.335539750308695943e+02
2.347343830217373011e+02
2.357500164581501281e+02
2.366865975673195805e+02
2.368658637513554197e+02
2.397055866557640798e+02
2.416483746710142384e+02
2.430634083804716283e+02
2.427393534865384197e+02
2.437916089009777068e+02
2.452085359425088313e+02
2.455402929088874657e+02
2.434348592187548661e+02
2.429751472540041277e+02
2.434262371008804848e+02
2.427304713834872416e+02
2.442070605666206120e+02
2.474769849882660253e+02
2.483990642174103698e+02
2.488223110274497571e+02
2.502998718619779766e+02
2.540462630357795604e+02
2.555716300650268522e+02
2.567525639136316613e+02
2.563362615584065907e+02
2.576244047363411482e+02
2.617054895805371189e+02
2.620775139914843521e+02
2.625547596460271507e+02
2.652282889093632434e+02
2.670073448275522878e+02
2.678319531486417873e+02
2.682497321615266515e+02
2.691696509528353545e+02
2.704006664729693625e+02
2.718322984660755424e+02
2.731394785070744433e+02
2.735517102466558299e+02
2.760441228404641834e+02
2.795348932143090224e+02
2.801439967892893605e+02
2.824746480965437740e+02
2.855649065841934657e+02
2.873857634920806845e+02
2.904647798940185908e+02
2.905516729090135186e+02
2.928748672795331913e+02
2.956688831396133423e+02
2.938058116761907286e+02
2.972466839672304673e+02
3.011764276175924806e+02
3.001998344539974823e+02
3.027481074825819860e+02
3.040160539796372063e+02
3.069526478851403795e+02
3.069024757224241284e+02
3.093885530923588476e+02
3.091694412273029116e+02
3.087910685343904333e+02
3.130768201125046062e+02
3.141319435855409665e+02
3.157003975749649953e+02
3.153728878170114740e+02
3.152215072942024108e+02
3.310807926096090341e+02
3.351199612116883486e+02
3.363950918231629998e+02
3.394269706524631260e+02
3.428486980739666592e+02
3.458888669668673401e+02
3.438786432751177244e+02
3.451850841412783666e+02
3.446553758195982482e+02
3.452313037643949656e+02
3.488050502084986988e+02
3.490381081053416779e+02
3.510093445990345344e+02
3.517482685164390546e+02
3.531494034698665700e+02
3.514492277945907972e+02
3.550739378567523090e+02
3.579422267341534507e+02
3.585274370420150944e+02
3.611182944906784087e+02
3.609500054229034731e+02
3.631334614986368479e+02
3.650366859923300353e+02
3.656677578137488922e+02
3.660437426159932670e+02
3.660048882469976661e+02
3.669976612189803404e+02
3.680423460569759300e+02
3.697025835369109927e+02
3.690041388806193368e+02
3.847003980716513070e+02
3.858430634590424120e+02
3.864189782446680965e+02
3.851728141778150984e+02
3.871176990060673688e+02
3.881385363683819492e+02
3.918637766141723660e+02
3.910155557585157453e+02
3.946543772945489081e+02
3.979500698033448884e+02
4.138253323142056388e+02
4.126732932531988354e+02
4.152173686113646340e+02
4.153899132536618026e+02
4.168508396095694479e+02
4.158282405594597435e+02
4.158482347945226252e+02
4.188774265033160304e+02
4.227610740140608527e+02
4.229376962152317105e+02
4.231093399281040206e+02
4.271862531329539934e+02
4.292177743734852129e+02
4.277373440261800965e+02
4.290629465849556254e+02
4.287747509023263319e+02
4.323781354755803363e+02
4.304349594706033599e+02
4.298417088527854730e+02
4.295580345460520562e+02
4.313896976123309059e+02
4.316381419144876190e+02
4.275537380589371423e+02
4.278419409871274297e+02
4.433386050302402168e+02
4.443205539604594492e+02
4.586628542494319731e+02
4.603262377096456248e+02
4.603409603978375344e+02
4.642304955040257255e+02
4.640289592433001076e+02
4.637208092821076093e+02
4.784411066473494998e+02
4.824054077405455701e+02
4.951018860919427311e+02
4.941388953991498170e+02
5.092411858511226228e+02
5.106790823087475815e+02
5.114506723694558445e+02
5.108462713074181920e+02
5.087517790091077927e+02
5.095027757782621620e+02
5.077426614128928009e+02
5.077801134746310936e+02
5.105651942489078010e+02
5.102272553293680630e+02
5.222340223015211222e+02
5.386759755841079595e+02
5.518793821341537296e+02
5.548526448985575144e+02
5.531795239280039596e+02
5.536542005565474938e+02
5.525469673466953964e+02
5.678105264862966806e+02
5.676411524137168954e+02
5.668455492781287148e+02
5.666326564136271600e+02
5.802776845724656596e+02
5.807331924911463830e+02
5.812409463648120891e+02
5.692581132841077078e+02
5.704208682910289099e+02
5.698502585016839248e+02
5.829245193551900002e+02
5.950167102332352442e+02
5.926640288417091824e+02
5.939859966075347302e+02
5.932728827166795327e+02
5.951315307713512084e+02
6.104852359774212118e+02
6.102901581635106822e+02
6.138662005692974617e+02
6.273891466078498524e+02
6.293701014106173943e+02
6.437331102518830903e+02
6.441342388129057781e+02
6.456833883178160249e+02
6.577081137658594798e+02
6.594738822896521242e+02
6.731967636390336338e+02
6.741179885783236614e+02
6.868816929221694636e+02
7.005843196485666340e+02
7.161171555840144265e+02
7.157850944215990694e+02
7.321862105758575581e+02
7.301379913665581398e+02
7.455113293960332612e+02
7.596854531756478082e+02
7.639081043407412608e+02
7.493907529439003383e+02
7.473775170754571491e+02
7.473662705434340978e+02
7.490163983099878351e+02
7.627375837795541429e+02
7.775431433641236936e+02
7.902372204186306135e+02
7.913177133148699340e+02
7.911878450841838912e+02
7.887348401010785892e+02
7.890248401010785528e+02
8.045427958953524694e+02
8.020337827319277721e+02
8.159280737529727503e+02
8.150771668975123703e+02
8.306163150998369247e+02
8.453136017306429721e+02
8.474375328697526584e+02
8.600802228865791221e+02
8.753808094977123346e+02
8.909707448139453163e+02
9.029757235382078306e+02
9.156094152805442263e+02
9.153126951745472297e+02
9.296985504061796064e+02
9.460769360288581993e+02
9.458288493276656936e+02
9.462744665614618498e+02
9.614101060287024438e+02
9.769297319416385790e+02
9.907814036040539349e+02
9.907231623730748424e+02
9.944119362547010041e+02
1.009693133265583924e+03
9.956351855891437026e+02
1.008170991222512043e+03
1.008380991222512080e+03
1.021569505345980815e+03
1.024613936607100413e+03
1.023645420385173111e+03
1.039224188711581746e+03
1.042877089410102144e+03
1.043037089410101999e+03
1.054777727183604384e+03
1.054857727183604538e+03
1.069527816036855256e+03
1.054528612475170803e+03
1.052630907909399411e+03
1.053947455470113255e+03
1.056398887295887789e+03
1.055699223732707196e+03
1.055534150357035969e+03
1.055949513586250305e+03
1.069076552669196417e+03
1.067761391497580917e+03
1.080297675765652457e+03
1.065211261231541130e+03
1.052826496578332808e+03
1.052816496578332590e+03
1.049541069570039781e+03
1.064511004386823970e+03
1.079680061097001499e+03
1.094939562276408424e+03
1.095039562276408333e+03
1.110948200174208296e+03
1.122831471436729998e+03
1.138241775755493791e+03
1.123204601546387494e+03
1.123373932001267576e+03
1.138521909999825994e+03
1.135412092420538329e+03
1.131004401393766102e+03
1.146033219372220856e+03
1.146153219372220974e+03
1.146313219372220829e+03
1.151433642471625262e+03
1.166727771856859135e+03
1.181835968909627809e+03
1.181305339194957696e+03
1.181375339194957633e+03
1.179073111786667141e+03
1.190672131619799529e+03
1.190812131619799402e+03
1.189056998518348564e+03
1.189026998518348591e+03
1.204102630235904826e+03
1.215592594223528295e+03
1.215652594223528240e+03
1.228956640349807458e+03
1.228636640349807521e+03
1.243801985247573384e+03
1.228796712131000049e+03
1.218122182471521910e+03
1.218012182471521783e+03
1.219010583128861072e+03
1.219060583128860799e+03
1.234459418888905020e+03
1.234099418888904893e+03
1.234049418888904938e+03
1.245023543238570028e+03
1.244516553817620888e+03
1.260037728274513256e+03
1.275478885468241060e+03
1.290086964988156296e+03
1.290306964988156324e+03
1.290376964988156260e+03
1.290316964988156087e+03
1.305743071800598500e+03
1.317541698036253138e+03
1.332821483955297708e+03
1.332941483955297826e+03
1.333031483955297745e+03
1.348126777049494876e+03
1.348456777049495031e+03
1.364037798540135782e+03
1.364267798540135800e+03
1.348187278106730901e+03
1.359400288104709944e+03
1.359860288104709753e+03
1.360290288104710044e+03
1.360740288104710089e+03
1.361290288104710044e+03
1.361740288104710089e+03
1.377204779002267742e+03
1.377714779002267733e+03
1.361771031930489016e+03
1.374421714118398995e+03
1.389476932854924144e+03
1.389976932854924144e+03
1.373887599511916733e+03
1.359724685886956649e+03
1.375509605004459445e+03
1.387894731759317210e+03
1.388454731759317156e+03
1.403182679435757564e+03
1.403662679435757354e+03
1.404082679435757655e+03
1.390227843656211917e+03
1.403099898298765538e+03
1.400614192225157240e+03
1.400764192225157103e+03
1.412877008289978903e+03
1.413347008289978930e+03
1.413777008289978539e+03
1.414377008289978448e+03
1.414457008289978603e+03
1.430076211851663174e+03
1.444735117135260452e+03
1.455763980864901896e+03
1.469089917322060728e+03
1.484911594095464352e+03
1.500488081369029715e+03
1.515760592153927973e+03
1.516190592153928037e+03
1.531753132725954629e+03
1.532353132725954538e+03
1.547889547260066138e+03
1.561034311913274678e+03
1.546216097857855175e+03
1.561666482076203465e+03
1.562016482076203374e+03
1.562546482076203574e+03
1.563066482076203101e+03
1.563506482076203383e+03
1.563616482076203283e+03
1.564136482076203492e+03
1.564506482076203156e+03
1.563648395721423640e+03
1.579273725456460397e+03
1.579523725456460397e+03
1.595356376116452111e+03
1.610934463604725806e+03
1.594944337466614115e+03
1.595494337466614070e+03
1.595964337466614097e+03
1.606268549270140966e+03
1.606708549270141020e+03
1.607218549270141011e+03
1.622461405909145242e+03
1.623041405909145169e+03
1.638315381957768068e+03
1.638825381957768059e+03
1.622755814511176823e+03
1.638405351996004129e+03
1.638965351996004074e+03
1.639615351996004165e+03
1.640075351996003974e+03
1.640615351996003938e+03
1.641185351996003874e+03
1.641675351996003883e+03
1.641725351996003837e+03
1.640756653887894572e+03
1.652161183547372957e+03
1.652621183547372539e+03
1.668291324728553491e+03
1.668621324728553645e+03
1.668971324728553554e+03
1.669481324728553545e+03
1.670011324728553973e+03
1.653936199778622722e+03
1.669600540596412884e+03
1.669640540596412848e+03
1.669910540596412829e+03
1.655408719119272064e+03
1.655728719119272228e+03
1.656088719119272128e+03
1.656448719119271800e+03
1.656818719119272146e+03
1.657248719119271755e+03
1.657718719119272237e+03
1.657898719119271846e+03
1.658198719119272027e+03
1.658558719119271927e+03
1.658628719119272091e+03
1.658418719119271827e+03
1.658758719119272200e+03
1.675389239552677054e+03
1.675379239552677063e+03
1.675479239552676972e+03
1.675709239552676991e+03
1.660312079881682621e+03
1.660332079881682603e+03
1.645489648106359709e+03
1.645389648106359800e+03
1.645439648106359527e+03
1.661833395178138062e+03
1.661883395178138244e+03
1.661903395178138226e+03
1.661873395178138253e+03
1.661880384816583728e+03
1.676603298441543529e+03
1.661277419854741311e+03
1.661857419854741238e+03
1.661777419854741311e+03
1.661677419854741402e+03
1.661887419854741211e+03
1.661867419854741229e+03
1.676342255634286630e+03
1.676272255634286466e+03
1.675377214029236256e+03
1.675367214029236266e+03
1.675457214029236411e+03
1.675497214029236375e+03
1.675697214029236420e+03
1.675627214029236256e+03
1.659253684949541821e+03
1.659253684949541821e+03
1.642748128165512071e+03
1.642948128165512117e+03
1.642888128165512171e+03
1.642878128165512180e+03
1.642858128165512198e+03
1.643078128165512226e+03
1.643058128165512244e+03
1.643218128165512098e+03
1.643048128165512253e+03
1.626657371357548982e+03
1.626577371357549055e+03
1.642115585412968358e+03
1.642215585412968267e+03
1.642185585412968294e+03
1.642165585412968312e+03
1.641695585412968285e+03
1.641715585412968267e+03
1.625318467371057295e+03
1.625278467371057104e+03
1.625528467371057104e+03
1.625630064779383019e+03
1.625630064779383019e+03
1.625610064779383038e+03
1.625510064779382901e+03
1.625510064779382901e+03
1.642070190917494756e+03
1.641940190917495102e+03
1.642050190917495001e+03
1.625747998930975655e+03
1.625807998930975828e+03
1.625807998930976055e+03
1.625937998930975937e+03
1.625877998930975764e+03
1.625937998930975709e+03
1.609445837597278114e+03
1.626005405043869132e+03
1.626025405043869114e+03
1.625905405043868996e+03
1.609411733245007554e+03
1.609371733245007590e+03
1.609381733245007581e+03
1.609461733245007736e+03
1.609471733245007727e+03
1.609661733245007554e+03
1.626225704469690072e+03
1.626105704469690181e+03
1.626115704469690172e+03
1.626025704469690027e+03
1.626225704469690072e+03
1.626325704469690208e+03
1.626335704469690199e+03
1.626195704469690099e+03
1.642780829419621114e+03
1.642820829419621077e+03
1.643040829419621105e+03
1.627623906352966742e+03
1.642645727830107489e+03
1.642525727830107598e+03
1.642605727830107526e+03
1.642505727830107162e+03
1.642525727830107144e+03
1.626124908659118773e+03
1.609679398782998078e+03
1.593087284002421939e+03
1.593147284002421884e+03
1.593137284002421893e+03
1.593137284002422348e+03
1.576955982486185349e+03
1.576895982486185403e+03
1.576745982486185767e+03
1.576845982486185449e+03
1.576945982486185358e+03
1.576835982486185458e+03
1.575865441114875921e+03
1.575845441114875939e+03
1.590887872890198878e+03
1.590977872890198796e+03
1.590917872890199078e+03
1.590887872890199105e+03
1.590827872890198705e+03
1.590947872890198823e+03
1.591057872890199178e+03
1.607610216594760459e+03
1.607590216594760477e+03
1.606519642663678042e+03
1.606519642663678496e+03
1.606659642663678142e+03
1.606669642663678360e+03
1.606499642663678287e+03
1.606479642663678305e+03
1.606499642663678287e+03
1.606659642663678369e+03
1.606726062490520690e+03
1.591155996270889773e+03
1.591075996270889846e+03
1.591095996270889827e+03
1.590965996270889946e+03
1.590975996270889937e+03
1.607519525350584217e+03
1.607519525350584217e+03
1.623935082134614049e+03
1.623965082134614022e+03
1.623995082134613995e+03
1.623985082134614004e+03
1.607507659053459975e+03
1.607427659053460047e+03
1.607557659053459929e+03
1.607427659053460047e+03
1.607617659053459874e+03
1.624018415861423136e+03
1.624108415861423055e+03
1.624108415861422827e+03
1.624038415861422891e+03
1.624058415861423100e+03
1.607715070240900104e+03
1.608095070240899986e+03
1.608195070240899895e+03
1.608214556099731681e+03
1.608344556099731335e+03
1.608314556099731362e+03
1.624788219255291324e+03
1.624838219255291733e+03
1.624858219255291715e+03
1.624908219255291669e+03
1.608533957016106342e+03
1.608643957016106242e+03
1.608713957016106178e+03
1.592235059952722850e+03
1.608627251939241887e+03
1.608587251939241924e+03
1.608587251939241924e+03
1.608627251939241432e+03
1.608517251939241532e+03
1.592866798005376950e+03
1.609328959339075482e+03
1.609268959339075309e+03
1.592689011029560334e+03
1.592789011029560243e+03
1.609192682828421766e+03
1.609202682828421757e+03
1.609262682828421930e+03
1.609202682828421757e+03
1.609202682828421757e+03
1.609102682828421848e+03
1.609032682828421912e+03
1.609072682828421875e+03
1.592589575265685653e+03
1.592689575265685562e+03
1.592609575265685635e+03
1.592599575265685644e+03
1.592659575265685362e+03
1.577414396195749305e+03
1.577474396195749023e+03
1.577404396195749314e+03
1.577334396195748923e+03
1.576209515454871052e+03
1.576089515454870934e+03
1.576239515454871025e+03
1.576199515454870607e+03
1.576309515454870962e+03
1.576259515454871007e+03
1.592770334625859505e+03
1.609365844501979836e+03
1.625837959282555857e+03
1.625707959282556203e+03
1.625577959282555867e+03
1.625697959282556212e+03
1.642069260798792811e+03
1.642019260798792857e+03
1.642039260798792839e+03
1.625496659318275533e+03
1.625336659318275679e+03
1.609990546724432306e+03
1.626338247766736004e+03
1.626388247766736413e+03
1.626398247766736404e+03
1.610013961163245767e+03
1.609983961163245795e+03
1.610113961163245449e+03
1.593676484447363237e+03
1.593556484447363118e+03
1.593476484447363191e+03
1.593566484447362654e+03
1.593536484447362682e+03
1.609902936965247591e+03
1.593519913582297931e+03
1.593509913582297941e+03
1.593499913582297950e+03
1.593569913582298113e+03
1.593689913582298232e+03
1.593559913582298122e+03
1.593549913582298359e+03
1.609934380132775459e+03
1.609064079657326829e+03
1.609084079657326811e+03
1.609154079657326747e+03
1.609524079657326865e+03
1.609084079657326811e+03
1.609244079657326893e+03
1.608944079657326711e+03
1.608964079657326693e+03
1.608604079657326793e+03
1.608934079657326720e+03
1.608974079657326911e+03
1.625431502738480958e+03
1.625461502738480931e+03
1.625731502738480913e+03
1.626081502738480822e+03
1.625601502738481031e+03
1.625261502738480885e+03
1.625181502738480958e+03
1.625061502738480840e+03
1.624641502738480995e+03
1.624311502738480840e+03
1.641024848359004181e+03
1.640754848359004200e+03
1.640704848359004245e+03
1.657062480542083449e+03
1.656592480542083422e+03
1.656512480542083495e+03
1.656122480542083395e+03
1.656312480542083449e+03
1.656372480542083395e+03
1.655992480542083513e+03
1.672016742781268931e+03
1.671556742781268895e+03
1.671566742781268886e+03
1.687615639844652605e+03
1.687685639844652542e+03
1.687765639844652696e+03
1.687415639844652560e+03
1.687055639844652660e+03
1.687155639844652569e+03
1.702376093778517088e+03
1.702076093778517134e+03
1.701726093778516997e+03
1.718546042088032209e+03
1.718206042088032063e+03
1.717906042088032109e+03
1.718306042088032200e+03
1.718236042088032036e+03
1.717936042088032082e+03
1.717956042088032063e+03
1.717966042088032054e+03
1.717606042088032154e+03
1.717256042088032018e+03
1.733949149650768277e+03
1.733469149650768486e+03
1.733139149650768331e+03
1.733119149650768350e+03
1.732669149650768304e+03
1.748104328720704643e+03
1.748034328720704707e+03
1.748134328720704616e+03
1.747754328720704734e+03
1.764666132528237313e+03
1.765076132528237395e+03
1.765276132528237440e+03
1.764946132528237285e+03
1.764966132528237267e+03
1.765026132528237440e+03
1.764926132528237304e+03
1.764866132528237358e+03
1.765116132528237358e+03
1.765626132528237349e+03
1.765416132528237313e+03
1.764996132528237467e+03
1.764686132528237295e+03
1.764656132528237322e+03
1.764676132528237304e+03
1.780758734008754573e+03
1.780968734008754154e+03
1.796314846602597981e+03
1.796354846602597945e+03
1.795944846602597863e+03
1.795954846602598082e+03
1.811979133206088363e+03
1.811979133206088363e+03
1.811529133206088545e+03
1.828106609921971085e+03
1.827796609921971140e+03
1.827416609921971030e+03
1.827346609921971094e+03
1.827006609921971176e+03
1.826676609921971021e+03
1.843079633304920662e+03
1.842619633304920626e+03
1.842239633304920517e+03
1.841889633304920608e+03
1.842149633304920599e+03
1.842179633304920571e+03
1.842309633304920681e+03
1.841989633304920517e+03
1.858450000000000045e+03
1.858490000000000009e+03
1.858069999999999936e+03
1.857359999999999900e+03
1.857420000000000073e+03
1.856829999999999927e+03
1.857450000000000045e+03
1.857789999999999964e+03
1.858500000000000000e+03
1.857809999999999945e+03
1.857799999999999955e+03
1.857490000000000009e+03
1.857109999999999900e+03
1.856759999999999991e+03
1.856019999999999982e+03
1.856049999999999955e+03
1.856049999999999955e+03
1.855670000000000073e+03
1.855700000000000045e+03
1.855769999999999982e+03
1.856440000000000055e+03
1.855740000000000009e+03
1.856089999999999918e+03
1.856069999999999936e+03
1.856079999999999927e+03
1.856059999999999945e+03
1.855680000000000064e+03
1.856329999999999927e+03
1.856099999999999909e+03
1.856380000000000109e+03
1.856390000000000100e+03
1.856369999999999891e+03
1.856730000000000018e+03
1.856339999999999918e+03
1.856319999999999936e+03
1.856430000000000064e+03
1.856059999999999945e+03
1.856059999999999945e+03
1.856039999999999964e+03
1.855680000000000064e+03
1.856069999999999936e+03
1.856000000000000000e+03
1.856000000000000000e+03
1.855299999999999955e+03
1.855289999999999964e+03
1.855960000000000036e+03
1.855250000000000000e+03
1.855200000000000045e+03
1.855170000000000073e+03
1.855509999999999991e+03
1.855109999999999900e+03
1.855099999999999909e+03
1.855079999999999927e+03
1.854259999999999991e+03
1.854779999999999973e+03
1.854759999999999991e+03
1.854380000000000109e+03
1.854769999999999982e+03
1.854720000000000027e+03
1.854380000000000109e+03
1.854309999999999945e+03
1.854660000000000082e+03
1.853960000000000036e+03
1.853220000000000027e+03
1.852890000000000100e+03
1.852900000000000091e+03
1.852519999999999982e+03
1.852900000000000091e+03
1.852569999999999936e+03
1.852839999999999918e+03
1.852309999999999945e+03
1.851579999999999927e+03
1.851589999999999918e+03
1.851559999999999945e+03
1.851930000000000064e+03
1.851579999999999927e+03
1.851230000000000018e+03
1.851240000000000009e+03
1.850740000000000009e+03
1.850380000000000109e+03
1.850329999999999927e+03
1.851049999999999955e+03
1.850619999999999891e+03
1.850650000000000091e+03
1.850960000000000036e+03
1.850950000000000045e+03
1.850460000000000036e+03
1.851170000000000073e+03
1.851880000000000109e+03
1.851519999999999982e+03
1.851519999999999982e+03
1.851549999999999955e+03
1.851900000000000091e+03
1.852269999999999982e+03
1.853009999999999991e+03
1.853549999999999955e+03
1.852789999999999964e+03
1.852420000000000073e+03
1.851839999999999918e+03
1.851829999999999927e+03
1.851410000000000082e+03
1.851049999999999955e+03
1.851039999999999964e+03
1.851049999999999955e+03
1.851029999999999973e+03
1.851359999999999900e+03
1.850720000000000027e+03
1.850019999999999982e+03
1.849680000000000064e+03
1.849700000000000045e+03
1.849309999999999945e+03
1.849279999999999973e+03
1.849220000000000027e+03
1.848859999999999900e+03
1.849609999999999900e+03
1.849599999999999909e+03
1.850099999999999909e+03
1.850500000000000000e+03
1.850529999999999973e+03
1.850500000000000000e+03
1.849789999999999964e+03
1.850019999999999982e+03
1.850339999999999918e+03
1.850359999999999900e+03
1.849990000000000009e+03
1.850000000000000000e+03
1.850000000000000000e+03
1.850069999999999936e+03
1.850079999999999927e+03
1.849839999999999918e+03
1.850190000000000055e+03
1.850559999999999945e+03
1.850180000000000064e+03
1.850200000000000045e+03
1.850589999999999918e+03
1.850089999999999918e+03
1.850079999999999927e+03
1.850450000000000045e+03
1.850450000000000045e+03
1.850450000000000045e+03
1.850049999999999955e+03
1.850099999999999909e+03
1.850099999999999909e+03
1.850460000000000036e+03
1.850859999999999900e+03
1.850210000000000036e+03
1.841284188090707403e+03
1.840964188090707466e+03
1.841014188090707421e+03
1.840324188090707366e+03
1.840364188090707103e+03
1.840394188090707075e+03
1.840784188090707175e+03
1.841744188090707212e+03
1.841624188090707094e+03
1.841594188090707121e+03
1.841624188090707094e+03
1.841264188090707194e+03
1.840924188090707275e+03
1.840884188090707084e+03
1.840494188090707212e+03
1.840144188090707075e+03
1.840494188090707212e+03
