1.042767570024677894e+02
1.068970875328584782e+02
1.062605855271390993e+02
1.045894138075241671e+02
1.066244338083343308e+02
1.083502295073023305e+02
1.109028144971760952e+02
1.091214540463867735e+02
1.086939030942907465e+02
1.091767140081865080e+02
1.225824963425314564e+02
1.236710544668839873e+02
1.199333294369754555e+02
1.210579209259998805e+02
1.199151507202204527e+02
1.273085946086522426e+02
1.209074620246929896e+02
1.201733112401827555e+02
1.225592948833408258e+02
1.188074849580288230e+02
9.616460539860266010e+01
9.110625318331278777e+01
9.260154364276891670e+01
9.152686288545044135e+01
8.923982464900906564e+01
8.880848077443037880e+01
9.588900150297851610e+01
1.001395244657644952e+02
9.331795900415264100e+01
9.342357338013997037e+01
1.223857564997959742e+02
1.142915452185540346e+02
1.189871617307636456e+02
1.194864379283848592e+02
1.064842638595291930e+02
1.108047213899535990e+02
1.041433103653337611e+02
1.195175241418278773e+02
9.874798247868758949e+01
1.078896361959789658e+02
1.204282939372011043e+02
1.056125728341039007e+02
8.689729855827863503e+01
9.743262225541057830e+01
1.007235799269942618e+02
1.097729417906480478e+02
9.890539308084665038e+01
1.257346268615003737e+02
1.135604251584510109e+02
9.293300220270269563e+01
1.227149299523533585e+02
1.055166399971163713e+02
1.074767176076873909e+02
9.629174395620314897e+01
1.138084635762222945e+02
1.230832042136971296e+02
1.123666980073055015e+02
1.018687149655385724e+02
1.255643882399536295e+02
8.478345339489635535e+01
1.100256290638244252e+02
1.112620433564583919e+02
1.097200467213831985e+02
1.099983937604523163e+02
1.094410211353085316e+02
1.069120260589615157e+02
1.072078155959855081e+02
1.060819351188104918e+02
1.022857237751333912e+02
1.237666119941538341e+02
9.731962470789753183e+01
1.251608170045125377e+02
1.102906256101524605e+02
1.122743827533961536e+02
1.079199163430562578e+02
1.249883334267453847e+02
1.219036684913328941e+02
1.234958272947428952e+02
9.956412792170293358e+01
1.164171911992692259e+02
9.584941836740591725e+01
9.881052203667519507e+01
1.014470693467511779e+02
8.443823554695056544e+01
1.101934784501585369e+02
9.593803610418886763e+01
1.216626120195520144e+02
1.262171923071912119e+02
1.005176119680680387e+02
1.243376853893846175e+02
1.120944485185431887e+02
9.975735192417424457e+01
9.864964034754549971e+01
1.075097669242360752e+02
1.211197713252926036e+02
1.236563874045032208e+02
1.133465929879087497e+02
1.236374080896801928e+02
1.094217381876854915e+02
1.239403293302842854e+02
1.113059270043258095e+02
1.255392970218160400e+02
1.235360305311581328e+02
9.880264919170865312e+01
9.817235258517196428e+01
9.814336291388670475e+01
9.979331963159870611e+01
1.230473748913926357e+02
1.075468724444808686e+02
9.886648851049454834e+01
1.098467652062249016e+02
1.246895900891175160e+02
1.030882102641867277e+02
1.031487113619016611e+02
1.151607891972534929e+02
8.416337527571309352e+01
1.122179693796834670e+02
1.246842097089466961e+02
9.663201643474501168e+01
1.095493578640671331e+02
9.767997990318899326e+01
1.248854220959216264e+02
9.798223457776745704e+01
1.123264829218032901e+02
1.093260811266579964e+02
1.002022472996248155e+02
9.960165332081983536e+01
1.247666527130598695e+02
1.269487781131925601e+02
1.064083476255347875e+02
1.261060006092688184e+02
1.260333595688719868e+02
1.017362326774483705e+02
1.020096833902534286e+02
8.921545072010059130e+01
9.594102647182651822e+01
1.265884241707841085e+02
1.123711774843643525e+02
9.935063813510808473e+01
1.090172103201316958e+02
1.245506113330152971e+02
1.106476318958769838e+02
1.147716893978346775e+02
1.093176551704226824e+02
1.020400462772487771e+02
1.043745268376166422e+02
9.300334622080254121e+01
1.149985746114220291e+02
1.253758933295106743e+02
9.740066916398163244e+01
9.869800395596132603e+01
8.392460174687975893e+01
1.127689516087909993e+02
1.123993647487794760e+02
8.452162242749264465e+01
1.053902539461289223e+02
1.074845496728635226e+02
1.080948693316150155e+02
1.250626666127906503e+02
9.270355412078860979e+01
1.282644086039871922e+02
1.285073617477961818e+02
1.078029829511926181e+02
9.895767236785971477e+01
1.089809258249328963e+02
1.242983189140243354e+02
1.274426812777608262e+02
1.137924695772252477e+02
1.093777569974538153e+02
9.609978398879194117e+01
1.076446395127207012e+02
1.149340470192062185e+02
1.055037019618386864e+02
8.466097151059334180e+01
9.024769696967688049e+01
8.030874979005612602e+01
1.232355664572860547e+02
1.041739650344151329e+02
9.130425806285138890e+01
1.155252398020278832e+02
1.289464081385622762e+02
8.737057135149093767e+01
1.258323972142089389e+02
1.188200585303642782e+02
1.153460564562311674e+02
1.297018534992800483e+02
1.091461377415991620e+02
9.436161093305675251e+01
1.089693969944970036e+02
1.106573262462686387e+02
1.278716406455216514e+02
1.244351932389551223e+02
8.231116154258346285e+01
1.112051799223761464e+02
9.577192637661522667e+01
1.128583973119334303e+02
1.172724595284550304e+02
1.045964712691864094e+02
1.103167098392316205e+02
1.117196954952719494e+02
8.018207286468957307e+01
1.006120828011739263e+02
1.112270364091548345e+02
1.165201540231017248e+02
8.236599708681649190e+01
1.108802353099627567e+02
1.199256312430624121e+02
1.001759112437792396e+02
9.793494816132231051e+01
1.098937103294131816e+02
9.355663417384792524e+01
1.133368661011309086e+02
1.268085179767539898e+02
1.140148635102836323e+02
9.915364494598905765e+01
1.097330714063093922e+02
9.892981846060945372e+01
1.264006468376705072e+02
1.157975411928760963e+02
1.158610973824803949e+02
8.895959680069370279e+01
1.166153381546665457e+02
8.537998037630549675e+01
1.158075949934796824e+02
1.142956174068719406e+02
1.121505935501926103e+02
9.410225993850970383e+01
1.147850372947910671e+02
9.629735732711304763e+01
7.993900636483849098e+01
1.162855443870750349e+02
1.097589611179398617e+02
1.123317260019205150e+02
1.098238085548668437e+02
1.111965769882012296e+02
1.278351409632694242e+02
1.180480002463072537e+02
1.298123167359116508e+02
9.279964842710730011e+01
1.151015008395488763e+02
1.078282076498847459e+02
1.031923491831596209e+02
9.523438097735314045e+01
1.121329122911106992e+02
1.076473342806174287e+02
1.085698758177008614e+02
1.291263171706638389e+02
1.131824963716831007e+02
1.114302375459005816e+02
1.285212598588780679e+02
1.159140881809402828e+02
8.748316580745355964e+01
1.084769578802144281e+02
9.667971972098455069e+01
1.180978086768224387e+02
1.146022906128392975e+02
9.219379530323473659e+01
1.130507428282001428e+02
1.298094328982271577e+02
1.290049882059296067e+02
1.052201563770804995e+02
9.375819367362647938e+01
1.158733977039888572e+02
1.276969568123595593e+02
1.112474552908232397e+02
1.288533981008316402e+02
1.325202200144173901e+02
1.076434158338779667e+02
8.429105182376950722e+01
1.130175895667860146e+02
1.077449394662927062e+02
1.077524185744180869e+02
1.123935676189003772e+02
1.285587061476626616e+02
1.305180294723142254e+02
1.214462009255076538e+02
9.943958094011318849e+01
1.000335841289406460e+02
9.600472692709375622e+01
1.123881068633307905e+02
1.155768924524531087e+02
1.026648591732641620e+02
9.793846425345651596e+01
9.147273990209623662e+01
1.052963699161866771e+02
9.013437727908319630e+01
7.650721906437325970e+01
1.125046970273633491e+02
1.043024934412353417e+02
1.146263721730368133e+02
8.077352086623496064e+01
7.888541838519786609e+01
1.009482700042407117e+02
1.286116423995605658e+02
7.426111840298648303e+01
9.818335961481632523e+01
1.010388669775675368e+02
1.178847835227546028e+02
1.298882554310769706e+02
1.295884280627204248e+02
1.103311254214838044e+02
9.981807688351513264e+01
1.046284872725039179e+02
7.949845010054998795e+01
1.284389318755776799e+02
1.054172603961492030e+02
1.287021408095549475e+02
7.588947375667032702e+01
9.913880340871504870e+01
1.321470690580282508e+02
9.497400224039162708e+01
1.307897850935916608e+02
9.830710220208629835e+01
9.470733404409521938e+01
8.976295592999004214e+01
1.079159724979082142e+02
1.115955448898920253e+02
9.659402053597491999e+01
1.051687101687076762e+02
1.100296503294097619e+02
9.643121700297550092e+01
1.013386916848964319e+02
9.594103384935084478e+01
1.053238439153262931e+02
9.463867765672790711e+01
1.059298959812379053e+02
9.746502434053813602e+01
1.096614873477069523e+02
1.288508088249704429e+02
8.996917964697730952e+01
1.040545583856083596e+02
9.181925428467970107e+01
1.131388844275872003e+02
8.485117074353301803e+01
1.073971735679598964e+02
1.247598368019528294e+02
1.165941199678843958e+02
7.372983367457021586e+01
9.183215902404730002e+01
1.025599587861068329e+02
1.025960649868744667e+02
1.058407193612506063e+02
7.674267386801146529e+01
1.304079643831549618e+02
1.166370814301808281e+02
8.926455286932288402e+01
8.616392084701588772e+01
9.788609266806980713e+01
1.312351272643448965e+02
1.326748921510198898e+02
1.014597603947879207e+02
1.307745942797328382e+02
1.050466121457590560e+02
1.312358546588868364e+02
8.828877676598581559e+01
9.053184939473136694e+01
1.319961578165189451e+02
8.174111547133429667e+01
1.034201305306170866e+02
8.717649204996776291e+01
9.924950030181896921e+01
7.559341422446640024e+01
1.036337820367842824e+02
1.059548329999297493e+02
1.300282579089362684e+02
1.305467026496336302e+02
7.892207245117405989e+01
1.293734934000812018e+02
1.310191251172625186e+02
1.095713952134970413e+02
1.010315735033121740e+02
1.005420308421665396e+02
9.185605219860022430e+01
1.044187225072652438e+02
1.003110045527178329e+02
1.192280445398158832e+02
9.767811487706316598e+01
1.136716333078425833e+02
1.054283521448236343e+02
9.854733270286291713e+01
1.312046251517276687e+02
1.050450960656092434e+02
1.115758031128820846e+02
9.806341797138115624e+01
1.051113921858898550e+02
1.143987881129958879e+02
1.019041722555424343e+02
7.856742064376710744e+01
1.315472688342695164e+02
1.014725300996431940e+02
9.886001874472526652e+01
1.310985881881919113e+02
9.721145437264142686e+01
9.327117875697098270e+01
1.010574330128140161e+02
1.041825030200510724e+02
9.818998278725464957e+01
1.303565918220996025e+02
7.426814019290428348e+01
7.839293646783073655e+01
9.447505404130214401e+01
7.607054941199777431e+01
9.463635934982742981e+01
9.287477346813525969e+01
9.547713318287544837e+01
9.615823539717356994e+01
9.668377684224320490e+01
7.376450618927565017e+01
9.206892510954229181e+01
8.183228712256665460e+01
7.130479677598519572e+01
7.240661632162910166e+01
7.451892404265097980e+01
7.840520433404910250e+01
7.512187428258623356e+01
7.197916909930283680e+01
7.300983139973604352e+01
7.775024056626426727e+01
7.456407938007043867e+01
7.179974685779032484e+01
7.906191543002904609e+01
7.208369845682894095e+01
7.713747071778561804e+01
7.083260985333643589e+01
7.289177248982070978e+01
7.284781283711760125e+01
7.899333343007461394e+01
9.670775420447439785e+01
7.997907184959792914e+01
9.242864530343358354e+01
6.953364551446561848e+01
6.839599933492979744e+01
7.207581330878620918e+01
6.855526923277707851e+01
9.432911480973493212e+01
7.390800502182709408e+01
9.835883048371904636e+01
7.028459076659754601e+01
7.261749212068130532e+01
7.551797458952124487e+01
7.379663393354910284e+01
6.874145269633523014e+01
7.272902330097616641e+01
7.986580067076025102e+01
6.739161430687191512e+01
7.452899714900075878e+01
7.831237613049069068e+01
7.748448449006538397e+01
7.574933548191678767e+01
7.258481776309939448e+01
7.152619799142026125e+01
7.706242669012978297e+01
6.783842983564989026e+01
7.743469155112723001e+01
7.134048619862062424e+01
9.808939617377542675e+01
7.147551316738164928e+01
7.581497619243103259e+01
7.141420648408117700e+01
7.999459972488457993e+01
6.784679517702500107e+01
7.266117380876615073e+01
7.724313421449495820e+01
7.333787693691647291e+01
7.855260563885850900e+01
7.806473048797342074e+01
7.996195780237680140e+01
6.832519934996393829e+01
7.133492880660263324e+01
7.880126138111857870e+01
6.820997768773656844e+01
7.129566986763394709e+01
7.236958175252965475e+01
7.239565802209928336e+01
7.492294898206459663e+01
7.294112781807939427e+01
6.702850199283271593e+01
7.539449887206038170e+01
7.363446359185422807e+01
7.829567446591354951e+01
6.600398790017015926e+01
7.479368090010127901e+01
7.495069262860799597e+01
7.238675613352964433e+01
7.609595062837962587e+01
7.406615769294370466e+01
7.915593372565392372e+01
7.262573301104221457e+01
7.813971224682526895e+01
6.806831642931174997e+01
7.758398119020149863e+01
6.803857361284083538e+01
7.356900602266856026e+01
7.129005334482880585e+01
7.302158008830357971e+01
7.479853974902435709e+01
7.885124949930816740e+01
7.608961854419119675e+01
7.235366417742291389e+01
7.722958755352149751e+01
9.568952956028329027e+01
6.838710213170274699e+01
7.157161357516203282e+01
7.684107271040942067e+01
7.512470688606744318e+01
6.948588281165801561e+01
7.229474662377914740e+01
6.736854713786753734e+01
7.379233590747209348e+01
7.476054038192333451e+01
8.091438212206844582e+01
7.586436623365560195e+01
6.744839393204888722e+01
6.551037956839019216e+01
7.570817394837843040e+01
7.283394039713554946e+01
6.697000204791523004e+01
9.748856797891103554e+01
7.144036848142313545e+01
9.711472300492548015e+01
7.022106153202642531e+01
6.862761089868573094e+01
7.752436514181268024e+01
7.196496756438966713e+01
7.288385881956654089e+01
6.850842196248230209e+01
7.892343704561815798e+01
7.202147297708424389e+01
9.665106791923093965e+01
7.794295556857598228e+01
7.034005703179691693e+01
7.371460549259874995e+01
6.929206770834771589e+01
7.419247301523898841e+01
6.748432700884626456e+01
7.305313908722899896e+01
7.800886377319609721e+01
6.803346969998666793e+01
7.296401608818023021e+01
6.946840871717414245e+01
6.820477967560564991e+01
7.097006043121878349e+01
7.783529079694363872e+01
7.528276791705815185e+01
7.735556784029861888e+01
7.585473717793828996e+01
7.372852326069921958e+01
7.524625949427574767e+01
7.833237932157804551e+01
6.895077005810560422e+01
7.079967794430285721e+01
6.549709228973777897e+01
7.119617159567147269e+01
7.730756807963044253e+01
7.381551487371592657e+01
6.623005748975589313e+01
7.072360887382667727e+01
7.193752085147301045e+01
7.993202554004187732e+01
8.419720082252906934e+01
7.223316702173723058e+01
7.697118041911083708e+01
8.060265831852291285e+01
6.645166757121494072e+01
7.753663155560066400e+01
7.810135680907333722e+01
8.078998165540846799e+01
7.916811863681240879e+01
7.815948643437550913e+01
7.389780033914045987e+01
7.504740620349905100e+01
6.716556404700122584e+01
7.742191986519027580e+01
8.053450096256401025e+01
7.084592904851056971e+01
7.552213983001979614e+01
7.489406075553770847e+01
6.930881571027283883e+01
7.884596455303172036e+01
7.250712374095495250e+01
6.662146658479186101e+01
7.352886251406933127e+01
7.783671798861419688e+01
7.182397717618422917e+01
7.213099340095932632e+01
7.115811147101217671e+01
7.993533594697761657e+01
6.905923502613731557e+01
7.004609881289954387e+01
7.067975326020827254e+01
7.579280629416641091e+01
7.402605555606574228e+01
7.103796673026648989e+01
7.462882918413568234e+01
7.275951434562182385e+01
7.355617083170004378e+01
7.790599072174528317e+01
7.124147638509185754e+01
6.799040094313025406e+01
9.882738137064885109e+01
6.905463703376737783e+01
6.961758989150109755e+01
7.511082678665158596e+01
7.487372364429064930e+01
7.140181430682282837e+01
7.760819170988420979e+01
7.825509876120723618e+01
7.822114780576164605e+01
7.435118116904801866e+01
7.626145932153146134e+01
7.293078681777673467e+01
7.731301516236486293e+01
7.261232370055658691e+01
7.158240907629175354e+01
6.707008507296156097e+01
6.761791267828691332e+01
7.020702574137013130e+01
7.687701042304115617e+01
7.369733090395267538e+01
6.589547671308558563e+01
7.467592340557385455e+01
7.426147430216943235e+01
8.015848380010946528e+01
8.111868375074439541e+01
6.833414141638176886e+01
6.710760744970988867e+01
7.325099246548754195e+01
7.527087086245251157e+01
7.726452517884781912e+01
7.385082289633237451e+01
6.578101175496712472e+01
7.721976483757610765e+01
7.185256519251569785e+01
7.380262717380712445e+01
6.533067845500372073e+01
6.667576309819281732e+01
7.734466550477341684e+01
9.700053465818606924e+01
7.075718185827957996e+01
7.508760209964749777e+01
7.534086784251496738e+01
6.879203120356993395e+01
6.885800658722392598e+01
7.342785066767544322e+01
7.237698442311918257e+01
7.467818221602965423e+01
7.282063584822451219e+01
7.567378194585299411e+01
7.797423081154113333e+01
7.798714735585791402e+01
6.809224443117939529e+01
7.817503635085712688e+01
6.689680111039893973e+01
7.555181547136605502e+01
6.738446094543216702e+01
6.924952632469646119e+01
7.826565533147595488e+01
7.195675219292040481e+01
7.683345620523161301e+01
7.162714370153334187e+01
7.003003241977147297e+01
7.677632183079481365e+01
6.774522398660019462e+01
6.777609000743846934e+01
7.283201948509024248e+01
7.124673699843646091e+01
7.281671069467624591e+01
7.371064930178242491e+01
7.694262239185253804e+01
6.548799167350539108e+01
7.501504363491369531e+01
7.708897063383557224e+01
7.285745084643527036e+01
7.091978544215413649e+01
7.715789822862569736e+01
7.500779529150545955e+01
7.166260991243650835e+01
9.649808948538647257e+01
6.919711339397042593e+01
7.635993069110368481e+01
7.789948309514903713e+01
7.306477631807337048e+01
7.383928778749741184e+01
7.150377209385015931e+01
6.753114240837717830e+01
7.264453330024596767e+01
7.396629849558911474e+01
7.389800369676378011e+01
7.535902486471994166e+01
7.256171746468345418e+01
7.803107562736360592e+01
6.542447954743774119e+01
7.642649526841960039e+01
7.385234984947454961e+01
7.092251595823906030e+01
9.888291354393426502e+01
6.949036866326585482e+01
7.135775896091506354e+01
7.478420108799025456e+01
7.871803807532792518e+01
7.129389166281026746e+01
6.550567499544924033e+01
7.338563955176270781e+01
7.422678106983809698e+01
7.231093678904105104e+01
7.007716558977034538e+01
6.929246905258679590e+01
7.311676704179330955e+01
7.421956421244348689e+01
7.378640093612851558e+01
6.727912093030647611e+01
7.282421177121919698e+01
7.592201031219256890e+01
7.400344432822259932e+01
7.762601480517129460e+01
7.328200562173883270e+01
9.814681958915662108e+01
7.988458397543807621e+01
7.250905581945143297e+01
6.533018122646082304e+01
7.724286603490403991e+01
7.898425943886775258e+01
6.672016958966189293e+01
7.777476715882801273e+01
7.846859674332299051e+01
7.686318316554903163e+01
6.939112932002154821e+01
7.405606970849726167e+01
7.090652999274560386e+01
7.723023382949394033e+01
6.541737442876095088e+01
7.589087519031174622e+01
7.745648204135054016e+01
6.678637093392600832e+01
7.407784921968220715e+01
6.681835971823839770e+01
7.289513967905286052e+01
7.740366695079374892e+01
7.426462471628069295e+01
6.953434730007424491e+01
5.332689506968682025e+01
9.320531635245546909e+01
5.674120572580338262e+01
9.171895344209629286e+01
7.340713161534176834e+01
9.082871504134121210e+01
5.413391826424350484e+01
7.404840460046627015e+01
7.442748003887717800e+01
7.247071777566743833e+01
5.295819362070114522e+01
5.311393474555811167e+01
9.334037271407035519e+01
9.117950066117393249e+01
7.356040157005135427e+01
7.085548627739797212e+01
9.395574127597750191e+01
9.202651572926828294e+01
5.282517980263678936e+01
9.147909483930949648e+01
7.272172062284580818e+01
7.032373218064566345e+01
9.231957429572095464e+01
7.617456161864295439e+01
9.162962327261097073e+01
5.625593866823845701e+01
7.137057699833758306e+01
9.137432785887116893e+01
9.187926233463137748e+01
9.188151327622060194e+01
7.388964155793691191e+01
9.043423881731354186e+01
7.163035035419578378e+01
7.405768067118249576e+01
9.086403713352017064e+01
8.877690657010870723e+01
7.424760848225605514e+01
9.176606442186871959e+01
9.017451799901230913e+01
9.178550724440928832e+01
5.299418828698971851e+01
9.122419449834498550e+01
9.209975951622844548e+01
5.272316698051891137e+01
7.483311678615673657e+01
9.097804878689434815e+01
7.709694654255098101e+01
7.622575902450059004e+01
9.113932453253619315e+01
8.960259278161812801e+01
5.771109460554598769e+01
9.137300147416253537e+01
9.094488921921917779e+01
7.728954693241516338e+01
9.175628824823562013e+01
6.957806777627909867e+01
7.490940632873054028e+01
6.243195776147807408e+01
9.355621764981091815e+01
5.201247183614620440e+01
5.275778237342262855e+01
5.411929216417675548e+01
9.213900455877879381e+01
7.331140840035048711e+01
7.028400133579376075e+01
7.074242320411150331e+01
7.198303253083200559e+01
5.725549077094018458e+01
5.285847136730821916e+01
9.236191783340973416e+01
8.971487561712949343e+01
9.460119198217516612e+01
7.079311574390264639e+01
7.731348300561056419e+01
9.100630885105829293e+01
6.025017572820195255e+01
7.847087957172101369e+01
7.298926844898342381e+01
9.304231114581668294e+01
6.102394574586845977e+01
9.197215884903459937e+01
7.652158038495325343e+01
9.353313367499004016e+01
6.336022640473111522e+01
9.281217907172546688e+01
9.185831235927533100e+01
7.742647466562291925e+01
8.991393772521182370e+01
9.131157413886812435e+01
7.041679625043390445e+01
9.144016635470960352e+01
9.276995038024182350e+01
9.178744103821742328e+01
5.282640147432579880e+01
7.577826658363169088e+01
5.564694793589734445e+01
9.079498633394459262e+01
7.275880426360949116e+01
7.659766116439405437e+01
9.046163741239105605e+01
9.104956506531345894e+01
9.197739516779201097e+01
9.083820238956492688e+01
5.464102435966041327e+01
5.275436240166726520e+01
5.279504119766226466e+01
9.300025790944825133e+01
7.264354849231807520e+01
9.113843729872461097e+01
9.219396600043091894e+01
7.260099962867397494e+01
9.736402628100100287e+01
9.110819359350020363e+01
9.338876573831805672e+01
9.116884883361854008e+01
7.815549013081981400e+01
9.258862626244287242e+01
5.370765308827898110e+01
9.210705056609268127e+01
7.029838125732530330e+01
7.043774251839030853e+01
7.451502259130458583e+01
9.178892693805066472e+01
9.204626843326803964e+01
5.429896720174308200e+01
7.642098149545445551e+01
5.292094892115500926e+01
9.051628720657568294e+01
9.161199316156138650e+01
7.323567416188247137e+01
9.251984983516726402e+01
9.082873615000349332e+01
5.994010480811160591e+01
9.319804982208233923e+01
9.208376873888674652e+01
9.066004761115998178e+01
9.143212300114207380e+01
6.326875109636792160e+01
9.695551706589021990e+01
9.110947884745884551e+01
9.227038975513512753e+01
9.237876763139853153e+01
5.403073523335162065e+01
9.282910749779928494e+01
6.951549925988221901e+01
9.174964772320161899e+01
5.309104794722311738e+01
9.287251502568213368e+01
9.137470838371201864e+01
9.159720545898262856e+01
1.015249966776483603e+02
5.991850378501444396e+01
9.220753337924818993e+01
9.235144096016043136e+01
7.593548565727951427e+01
7.475635156361205702e+01
9.000991084302772549e+01
7.244856187001079206e+01
7.009841526781212906e+01
9.141593965430942603e+01
9.220946847606307983e+01
7.250350062483722979e+01
9.085849982635292577e+01
9.208616314119558410e+01
5.251931949249717491e+01
9.326989962154942759e+01
5.453507073349938850e+01
9.029983251277212730e+01
9.169188106958820583e+01
9.117179370635689395e+01
9.104745680510349359e+01
7.546589167567971401e+01
9.208758738964240820e+01
9.127732588609904951e+01
9.303495663545947991e+01
9.318741554054864196e+01
9.200910025566085437e+01
7.085673802452282644e+01
5.292137898221007930e+01
8.824420955611145700e+01
9.283079254465030772e+01
5.458493689117167946e+01
9.224713395519296455e+01
9.182806592155017711e+01
5.287224619578658746e+01
5.325441360271212687e+01
9.113962315642626777e+01
8.942960499588363632e+01
9.030572080507596411e+01
5.291081117813828882e+01
7.282688864057936939e+01
5.312145011389167593e+01
5.826807434517159834e+01
9.342566389503005553e+01
9.114704535191943080e+01
9.317160125771538048e+01
9.221705491323037052e+01
9.288901017864736787e+01
9.246569237486529858e+01
9.128541715884996677e+01
9.182808414141047137e+01
9.137554467208076403e+01
6.996549879154247265e+01
9.085828549015603528e+01
9.147239586684951007e+01
7.338043360586398478e+01
9.157706617847163955e+01
9.242991235707671649e+01
9.216870702269795856e+01
9.737554808403145046e+01
9.209655404664826506e+01
5.336084897992357412e+01
9.276274205798755190e+01
5.986580931721641008e+01
7.002050481456869591e+01
7.563723845788653932e+01
9.276207896741748016e+01
9.317632795100794851e+01
7.017388723368534897e+01
5.409710520858546801e+01
7.253819686542969691e+01
9.111964072178255947e+01
9.216622139454079843e+01
9.144356846463642796e+01
5.275651758580153938e+01
7.235345432050495162e+01
6.650681055960180288e+01
7.399301192521465964e+01
7.496839349653971851e+01
9.105832622270946786e+01
9.211040608429784982e+01
7.270871725572246191e+01
9.184260507161660314e+01
9.125444121918914675e+01
7.351379586205146666e+01
9.147843724644557994e+01
9.147630876569506597e+01
9.142084270471251273e+01
9.117359094785568630e+01
9.299967871068986369e+01
7.364472941171433717e+01
7.417463755303904804e+01
8.937801001154362268e+01
1.062615526959307886e+02
9.115178914120335207e+01
8.893914181836956345e+01
9.214490163640331843e+01
9.145251948337674719e+01
9.142071418946828487e+01
7.180185603239296199e+01
5.295271906662607364e+01
7.139456455829839854e+01
9.336753246292256847e+01
9.168697057770332037e+01
9.205965324988027021e+01
9.079597243105291682e+01
9.132026272119006194e+01
9.357746923750812584e+01
9.162563584721840471e+01
7.396328368916334739e+01
