1.038959808411203767e+02
1.268998276596461920e+02
1.074096309549273229e+02
1.297811569851020010e+02
1.431213156107172040e+02
1.886787022585411648e+02
1.090945446095426092e+02
2.125471305103446582e+02
9.943603623243390643e+01
1.236856695811578817e+02
2.768130627200544041e+02
2.793013902844969039e+02
2.651195433345960737e+02
2.105792092599989758e+02
1.992110187739027083e+02
3.689096162561244796e+02
3.112503152446719241e+02
2.017331124018276398e+02
2.743873788280864119e+02
1.988197833998943622e+02
1.712735134099135621e+02
1.566462980447783480e+02
1.716563249911216076e+02
1.186459105500442064e+02
1.315948860854083762e+02
2.122244121330043924e+02
1.773114545192258618e+02
2.892967626530978578e+02
1.406734633384693893e+02
2.009418374870567732e+02
2.238575649979596562e+02
2.126090302344461520e+02
1.898716173076368818e+02
1.948643792838485354e+02
2.473494095228105891e+02
2.351012395250135967e+02
1.738923625769717773e+02
1.951752414182789721e+02
1.730801204744732331e+02
1.972522593759131837e+02
2.042829393720103042e+02
2.901109054794482631e+02
1.312131465697096075e+02
2.328605973046866211e+02
2.240251517294505561e+02
2.252740161286895955e+02
1.696175871216828455e+02
2.573462686150032255e+02
2.450696317956132191e+02
2.289045980737488719e+02
2.271492995235336991e+02
3.470611288734612003e+02
2.520782360428562185e+02
2.273489377484887939e+02
2.534639881008100133e+02
2.308320421369715518e+02
2.233833528486195519e+02
2.096592248266157696e+02
2.556438823995364658e+02
1.521654660510360770e+02
3.045552725454592746e+02
3.229108867692138460e+02
2.806580294952666463e+02
1.927465072701255053e+02
2.826517851737353908e+02
2.757341649355957998e+02
2.895648650585122823e+02
2.170714684593306174e+02
2.307679929498032720e+02
2.376661199415381986e+02
1.973860317193893366e+02
2.516081700451256609e+02
2.447877595693948649e+02
3.544126540690253933e+02
2.458475971925992951e+02
2.498833342674542166e+02
2.190366849133291680e+02
2.349582729474287532e+02
2.761879864237982929e+02
2.605817467754627614e+02
2.155716896451697551e+02
2.385856205306867821e+02
4.283415396696730113e+02
1.556176445304944878e+02
3.206985674555332935e+02
2.384975042066426170e+02
2.166261201955204001e+02
2.621719230719117490e+02
3.212839580420767334e+02
2.434148779909772031e+02
2.156092243133253703e+02
2.067534521651221553e+02
1.807738214737273097e+02
3.916610477272751609e+02
2.111977132529260928e+02
2.365638740450319801e+02
3.691669141532997287e+02
2.363740808968018143e+02
3.859396024159657372e+02
2.394174552669538514e+02
3.227956780384041622e+02
2.553929702181607126e+02
2.353603053115812429e+02
1.950682699702732066e+02
2.611621146974886187e+02
2.902420458998194590e+02
2.027526555264882688e+02
2.304737489139270110e+02
3.834083266733011897e+02
3.179644711061778821e+02
4.183164336657936246e+02
2.468959008911753017e+02
3.703450847785157976e+02
3.522719134131151577e+02
2.323867154117645555e+02
1.583662472428693491e+02
2.652791187695976873e+02
2.468420970894675577e+02
2.048108070887614076e+02
3.464787017132304641e+02
4.982659555744552904e+02
2.488542209592160077e+02
2.139810059950562220e+02
2.664019940028656492e+02
5.062340034655642853e+02
3.647611150577309331e+02
2.954048393797068570e+02
2.476665271305990359e+02
2.694877811319266243e+02
6.090503219066482643e+02
2.610600060926875017e+02
2.603335956887199814e+02
4.572245436412479762e+02
3.727699711027522653e+02
3.298102416317613574e+02
2.768791408135030565e+02
2.658842417078408857e+02
3.182767934316809146e+02
3.162433197850893976e+02
3.279702634758053250e+02
2.455061133301531129e+02
5.393521648602782079e+02
4.802901839541924573e+02
2.937709548027203823e+02
4.570902824548978742e+02
5.342998648936538757e+02
3.517032779104019937e+02
5.652479088087931132e+02
2.537589332951063739e+02
4.612240351257177622e+02
5.065508855315503070e+02
1.607539825312026096e+02
5.961654651468271595e+02
6.203233027846879395e+02
1.558046717413180318e+02
4.856593449954154380e+02
3.501780025541399368e+02
5.033186153769341331e+02
2.506266661279072707e+02
4.007732030445081364e+02
2.826440860398720361e+02
2.850736174779618182e+02
7.092331873066815433e+02
2.982588545737581285e+02
4.394971841161428756e+02
2.429831891402436383e+02
2.744268127776084611e+02
1.803000000000000000e+03
6.346848531577263657e+02
3.651791810890031797e+02
5.005739146493992848e+02
5.937809121954757074e+02
5.488046488594702623e+02
1.533902848940663830e+02
3.764916838086615485e+02
1.969125020994385409e+02
2.766294793930084097e+02
5.923329173578053997e+02
2.994937761080926748e+02
4.577053961447485335e+02
2.894640813856236718e+02
3.786991158734404621e+02
2.583239721420893034e+02
5.180886507466512967e+02
6.075274551956450750e+02
2.970185349928009941e+02
4.757118650618503466e+02
2.453430162944201527e+02
5.396295656154213702e+02
4.337373273602869403e+02
2.787164064552166565e+02
2.443519323895513367e+02
1.768883845741657126e+02
4.909383449255452092e+02
3.156661970524885987e+02
4.025876220385296733e+02
2.993224485241443062e+02
1.806000000000000000e+03
5.002061411550740786e+02
2.970089338295238122e+02
1.981792713531039283e+02
4.498814530433880350e+02
3.374440415430428857e+02
5.675922945493099405e+02
1.763400291318353936e+02
6.541241995031286933e+02
5.323219064060868959e+02
1.818000000000000000e+03
2.682044205726169821e+02
5.723720069227562135e+02
4.355708978955127577e+02
3.929885364819440952e+02
2.680851797675405237e+02
3.542713369194071333e+02
5.353058862910988864e+02
5.467309983173561250e+02
2.829413388866824448e+02
2.640064683767049019e+02
6.125021275737533415e+02
5.496308257663523591e+02
3.502229208439351282e+02
3.814144768367764868e+02
1.851614377321247673e+02
6.267404513282685912e+02
3.119164029678672705e+02
3.054360532759355351e+02
2.670374087063741513e+02
4.308328337584849805e+02
2.943322113475887818e+02
2.006099363516147207e+02
2.898802989117174320e+02
1.810000000000000000e+03
5.554194366631618323e+02
1.807000000000000000e+03
4.961485876531274926e+02
2.783514096326937874e+02
6.548377523266684648e+02
2.981231673591166214e+02
2.854283236658324086e+02
1.800000000000000000e+03
6.419362226497553365e+02
1.809000000000000000e+03
3.839911146749039972e+02
1.804000000000000000e+03
6.008799282173870324e+02
6.114588709644893925e+02
2.912631717066382748e+02
3.557986789777417584e+02
3.288586102105497275e+02
2.852125985887803381e+02
5.102960917053759431e+02
4.392620599588698269e+02
5.623715731928565447e+02
1.821000000000000000e+03
1.800000000000000000e+03
1.806000000000000000e+03
6.475042789945050572e+02
3.360065183215668867e+02
2.980943289822716338e+02
2.900498820592961806e+02
1.809000000000000000e+03
2.681362102199893229e+02
6.296728737478565563e+02
2.769695681235953089e+02
1.804000000000000000e+03
2.885339810083159477e+02
3.252022001441748102e+02
6.047166919295718799e+02
7.509603538498497528e+02
3.081182021545085377e+02
1.808000000000000000e+03
1.803000000000000000e+03
3.135365097068661839e+02
2.855870614766263884e+02
3.051802947231421967e+02
3.827773075666092950e+02
1.812000000000000000e+03
5.728251359667542602e+02
6.570980166867639127e+02
1.810000000000000000e+03
4.875595616623754722e+02
1.815000000000000000e+03
2.984368282443787734e+02
6.730036012376497183e+02
1.810000000000000000e+03
4.735953873720721390e+02
1.848000000000000000e+03
3.374655102234199262e+02
1.816000000000000000e+03
1.804000000000000000e+03
1.832000000000000000e+03
2.111458161480212254e+02
1.817000000000000000e+03
2.861164239956054871e+02
1.853000000000000000e+03
1.820000000000000000e+03
7.215875650334776310e+02
3.542648603159169056e+02
2.988825543107697627e+02
2.958842806272044754e+02
3.631920480084936003e+02
1.822000000000000000e+03
1.818000000000000000e+03
1.837000000000000000e+03
2.843893187557762872e+02
6.411373764345293012e+02
2.870214080955499867e+02
1.847000000000000000e+03
1.820000000000000000e+03
3.214706905802827919e+02
1.825000000000000000e+03
3.078978509359168356e+02
1.822000000000000000e+03
1.824000000000000000e+03
7.476990002020791053e+02
1.811000000000000000e+03
1.813000000000000000e+03
1.823000000000000000e+03
1.813000000000000000e+03
1.813000000000000000e+03
3.205509102442235871e+02
1.820000000000000000e+03
1.823000000000000000e+03
6.019317812090176858e+02
3.564781263474801563e+02
1.819000000000000000e+03
1.819000000000000000e+03
1.816000000000000000e+03
2.885080882497035759e+02
5.694873245142441647e+02
1.818000000000000000e+03
4.042052323559817069e+02
1.809000000000000000e+03
1.828000000000000000e+03
1.815000000000000000e+03
5.827945357446481012e+02
5.579861301339224156e+02
1.856000000000000000e+03
6.507183935178439924e+02
1.816000000000000000e+03
1.816000000000000000e+03
1.817000000000000000e+03
1.851000000000000000e+03
3.040796438315495038e+02
4.111094716402584481e+02
7.431136270358525735e+02
5.364063542841043954e+02
2.858323226596534710e+02
3.123512726434490219e+02
3.267489215101984428e+02
1.823000000000000000e+03
3.077459427973287234e+02
1.816000000000000000e+03
3.123585465888676254e+02
5.615235346791631628e+02
1.805000000000000000e+03
3.199615781651901898e+02
1.833000000000000000e+03
1.815000000000000000e+03
1.816000000000000000e+03
1.819000000000000000e+03
1.859000000000000000e+03
1.818000000000000000e+03
1.818000000000000000e+03
3.002825790893627982e+02
3.054670264963360182e+02
1.840000000000000000e+03
2.937349340008127569e+02
3.101912511726246748e+02
1.811000000000000000e+03
1.820000000000000000e+03
1.819000000000000000e+03
8.255788196473135940e+02
1.815000000000000000e+03
1.816000000000000000e+03
3.297143360995952435e+02
1.819000000000000000e+03
3.426023951377078447e+02
1.817000000000000000e+03
1.824000000000000000e+03
3.120462515172768576e+02
1.812000000000000000e+03
1.806000000000000000e+03
1.822000000000000000e+03
1.816000000000000000e+03
1.804000000000000000e+03
1.816000000000000000e+03
1.854000000000000000e+03
3.154726883426953918e+02
7.365470340521673052e+02
1.821000000000000000e+03
3.109858818819189423e+02
1.822000000000000000e+03
1.826000000000000000e+03
1.817000000000000000e+03
1.815000000000000000e+03
1.819000000000000000e+03
3.035659182209963660e+02
1.851000000000000000e+03
1.840000000000000000e+03
1.824000000000000000e+03
1.844000000000000000e+03
1.825000000000000000e+03
1.831000000000000000e+03
1.827000000000000000e+03
1.821000000000000000e+03
1.815000000000000000e+03
1.859000000000000000e+03
1.829000000000000000e+03
1.831000000000000000e+03
1.858000000000000000e+03
1.866000000000000000e+03
1.845000000000000000e+03
2.159479566595091171e+02
1.869000000000000000e+03
1.857000000000000000e+03
1.856000000000000000e+03
1.868000000000000000e+03
1.868000000000000000e+03
1.858000000000000000e+03
1.867000000000000000e+03
1.871000000000000000e+03
2.286252928221436491e+02
1.867000000000000000e+03
1.862000000000000000e+03
1.869000000000000000e+03
2.100666656992541164e+02
3.997086375040062762e+02
1.867000000000000000e+03
1.808000000000000000e+03
1.874000000000000000e+03
1.877000000000000000e+03
1.857000000000000000e+03
1.870000000000000000e+03
4.295164220454599899e+02
1.870000000000000000e+03
3.094155227730673801e+02
1.871000000000000000e+03
1.862000000000000000e+03
1.863000000000000000e+03
1.859000000000000000e+03
1.877000000000000000e+03
1.859000000000000000e+03
1.866000000000000000e+03
1.877000000000000000e+03
1.846000000000000000e+03
1.869000000000000000e+03
1.868000000000000000e+03
1.870000000000000000e+03
1.854000000000000000e+03
1.866000000000000000e+03
1.864000000000000000e+03
1.876000000000000000e+03
1.866000000000000000e+03
1.876000000000000000e+03
3.231785944580801697e+02
1.865000000000000000e+03
1.868000000000000000e+03
1.868000000000000000e+03
1.868000000000000000e+03
1.863000000000000000e+03
1.870000000000000000e+03
1.870000000000000000e+03
1.855000000000000000e+03
2.144739436114151090e+02
1.868000000000000000e+03
1.865000000000000000e+03
1.877000000000000000e+03
1.868000000000000000e+03
2.119873861888141278e+02
1.875000000000000000e+03
1.866000000000000000e+03
1.856000000000000000e+03
1.859000000000000000e+03
1.867000000000000000e+03
1.854000000000000000e+03
1.877000000000000000e+03
1.870000000000000000e+03
1.868000000000000000e+03
2.170432553408647891e+02
1.877000000000000000e+03
1.868000000000000000e+03
1.871000000000000000e+03
1.868000000000000000e+03
1.870000000000000000e+03
1.861000000000000000e+03
1.865000000000000000e+03
1.859000000000000000e+03
2.186028775317477084e+02
1.877000000000000000e+03
1.867000000000000000e+03
1.878000000000000000e+03
1.855000000000000000e+03
1.861000000000000000e+03
1.868000000000000000e+03
1.868000000000000000e+03
2.114875050069186386e+02
1.870000000000000000e+03
1.855000000000000000e+03
1.867000000000000000e+03
3.738178522859206510e+02
1.876000000000000000e+03
1.861000000000000000e+03
1.867000000000000000e+03
1.864000000000000000e+03
1.864000000000000000e+03
1.862000000000000000e+03
1.877000000000000000e+03
1.859000000000000000e+03
1.867000000000000000e+03
1.865000000000000000e+03
1.845000000000000000e+03
1.879000000000000000e+03
1.879000000000000000e+03
1.868000000000000000e+03
1.867000000000000000e+03
1.879000000000000000e+03
3.282840329005473450e+02
1.870000000000000000e+03
3.737568224677119133e+02
1.857000000000000000e+03
1.876000000000000000e+03
1.868000000000000000e+03
1.872000000000000000e+03
1.864000000000000000e+03
1.866000000000000000e+03
2.107656295438186760e+02
1.872000000000000000e+03
3.344121413197576658e+02
1.866000000000000000e+03
1.866000000000000000e+03
1.867000000000000000e+03
1.878000000000000000e+03
1.868000000000000000e+03
1.877000000000000000e+03
1.863000000000000000e+03
2.199113622680386300e+02
1.870000000000000000e+03
1.871000000000000000e+03
1.867000000000000000e+03
1.879000000000000000e+03
1.870000000000000000e+03
2.216470920305637549e+02
1.866000000000000000e+03
2.264443215970148060e+02
1.866000000000000000e+03
1.863000000000000000e+03
1.867000000000000000e+03
1.868000000000000000e+03
1.876000000000000000e+03
1.864000000000000000e+03
1.880000000000000000e+03
1.859000000000000000e+03
2.269243192036952905e+02
1.868000000000000000e+03
1.877000000000000000e+03
1.875000000000000000e+03
1.865000000000000000e+03
1.866000000000000000e+03
1.821000000000000000e+03
1.865000000000000000e+03
2.302881958088920840e+02
1.866000000000000000e+03
1.880000000000000000e+03
2.246336844439933884e+02
1.868000000000000000e+03
1.863000000000000000e+03
1.867000000000000000e+03
1.868000000000000000e+03
1.868000000000000000e+03
1.862000000000000000e+03
1.877000000000000000e+03
2.257808013480971852e+02
1.865000000000000000e+03
1.867000000000000000e+03
1.867000000000000000e+03
1.871000000000000000e+03
1.876000000000000000e+03
2.187838666301942112e+02
1.873000000000000000e+03
1.879000000000000000e+03
1.856000000000000000e+03
2.216328201138578606e+02
1.864000000000000000e+03
1.871000000000000000e+03
1.869000000000000000e+03
1.866000000000000000e+03
1.878000000000000000e+03
1.875000000000000000e+03
1.865000000000000000e+03
1.868000000000000000e+03
1.869000000000000000e+03
1.875000000000000000e+03
1.871000000000000000e+03
1.869000000000000000e+03
1.854000000000000000e+03
1.870000000000000000e+03
1.874000000000000000e+03
1.877000000000000000e+03
3.253076933345540738e+02
1.876000000000000000e+03
1.864000000000000000e+03
1.869000000000000000e+03
1.857000000000000000e+03
1.866000000000000000e+03
2.239180829011579590e+02
2.174490123879281782e+02
2.177885219423833121e+02
1.865000000000000000e+03
1.866000000000000000e+03
1.865000000000000000e+03
2.268698483763514560e+02
1.873000000000000000e+03
1.864000000000000000e+03
1.878000000000000000e+03
1.877000000000000000e+03
1.868000000000000000e+03
2.312298957695884383e+02
1.868000000000000000e+03
1.878000000000000000e+03
1.866000000000000000e+03
1.870000000000000000e+03
1.865000000000000000e+03
1.866000000000000000e+03
1.876000000000000000e+03
1.877000000000000000e+03
1.866000000000000000e+03
1.870000000000000000e+03
2.273547482115218088e+02
1.866000000000000000e+03
1.880000000000000000e+03
1.868000000000000000e+03
1.861000000000000000e+03
1.866000000000000000e+03
1.879000000000000000e+03
1.879000000000000000e+03
2.265533449522655474e+02
3.129933780369299257e+02
1.863000000000000000e+03
1.869000000000000000e+03
1.866000000000000000e+03
1.871000000000000000e+03
1.876000000000000000e+03
1.866000000000000000e+03
1.868000000000000000e+03
1.869000000000000000e+03
1.866000000000000000e+03
1.866000000000000000e+03
2.202576918845884677e+02
1.868000000000000000e+03
1.877000000000000000e+03
1.867000000000000000e+03
1.878000000000000000e+03
1.867000000000000000e+03
1.877000000000000000e+03
1.877000000000000000e+03
1.868000000000000000e+03
1.867000000000000000e+03
2.316654379476839551e+02
1.859000000000000000e+03
1.875000000000000000e+03
2.322367816920518351e+02
1.879000000000000000e+03
1.877000000000000000e+03
1.872000000000000000e+03
1.873000000000000000e+03
1.865000000000000000e+03
1.872000000000000000e+03
2.305737760814744206e+02
1.879000000000000000e+03
1.869000000000000000e+03
2.291102936616441923e+02
1.865000000000000000e+03
1.861000000000000000e+03
1.867000000000000000e+03
1.871000000000000000e+03
1.860000000000000000e+03
3.109546066135393403e+02
1.865000000000000000e+03
1.867000000000000000e+03
2.210051690485096572e+02
1.866000000000000000e+03
1.862000000000000000e+03
1.865000000000000000e+03
1.877000000000000000e+03
1.863000000000000000e+03
1.866000000000000000e+03
1.868000000000000000e+03
1.868000000000000000e+03
1.869000000000000000e+03
2.196892437263635429e+02
1.879000000000000000e+03
1.867000000000000000e+03
1.870000000000000000e+03
1.875000000000000000e+03
3.294820930063830247e+02
1.876000000000000000e+03
1.867000000000000000e+03
1.870000000000000000e+03
2.128196192467213450e+02
1.864000000000000000e+03
1.879000000000000000e+03
1.865000000000000000e+03
1.868000000000000000e+03
1.861000000000000000e+03
1.875000000000000000e+03
1.877000000000000000e+03
1.865000000000000000e+03
1.852000000000000000e+03
1.853000000000000000e+03
1.877000000000000000e+03
1.864000000000000000e+03
1.868000000000000000e+03
1.866000000000000000e+03
2.237398519482875372e+02
1.861000000000000000e+03
3.333887406156429165e+02
1.866000000000000000e+03
1.873000000000000000e+03
1.879000000000000000e+03
2.275713396509592030e+02
1.867000000000000000e+03
1.878000000000000000e+03
2.222523284117196454e+02
1.864000000000000000e+03
1.869000000000000000e+03
1.875000000000000000e+03
1.867000000000000000e+03
1.864000000000000000e+03
2.276976617050615062e+02
1.879000000000000000e+03
1.867000000000000000e+03
1.868000000000000000e+03
1.878000000000000000e+03
1.866000000000000000e+03
1.878000000000000000e+03
1.865000000000000000e+03
2.259633304920623971e+02
1.865000000000000000e+03
1.876000000000000000e+03
1.903000000000000000e+03
1.827000000000000000e+03
1.892000000000000000e+03
1.836000000000000000e+03
1.870000000000000000e+03
1.833000000000000000e+03
1.899000000000000000e+03
1.870000000000000000e+03
1.866000000000000000e+03
1.871000000000000000e+03
1.904000000000000000e+03
1.902000000000000000e+03
1.830000000000000000e+03
1.833000000000000000e+03
1.869000000000000000e+03
1.865000000000000000e+03
1.826000000000000000e+03
1.834000000000000000e+03
1.903000000000000000e+03
1.832000000000000000e+03
1.870000000000000000e+03
1.868000000000000000e+03
1.832000000000000000e+03
1.869000000000000000e+03
1.833000000000000000e+03
1.892000000000000000e+03
1.871000000000000000e+03
1.834000000000000000e+03
1.833000000000000000e+03
1.833000000000000000e+03
1.870000000000000000e+03
1.834000000000000000e+03
1.872000000000000000e+03
1.869000000000000000e+03
1.832000000000000000e+03
1.835000000000000000e+03
1.870000000000000000e+03
1.833000000000000000e+03
1.835000000000000000e+03
1.832000000000000000e+03
1.903000000000000000e+03
1.832000000000000000e+03
1.832000000000000000e+03
1.905000000000000000e+03
1.870000000000000000e+03
1.833000000000000000e+03
1.868000000000000000e+03
1.869000000000000000e+03
1.832000000000000000e+03
1.834000000000000000e+03
1.889000000000000000e+03
1.831000000000000000e+03
1.834000000000000000e+03
1.868000000000000000e+03
1.830000000000000000e+03
1.873000000000000000e+03
1.869000000000000000e+03
1.877000000000000000e+03
1.832000000000000000e+03
1.904000000000000000e+03
1.905000000000000000e+03
1.899000000000000000e+03
1.832000000000000000e+03
1.870000000000000000e+03
1.867000000000000000e+03
1.865000000000000000e+03
1.871000000000000000e+03
1.890000000000000000e+03
1.903000000000000000e+03
1.832000000000000000e+03
1.835000000000000000e+03
1.833000000000000000e+03
1.865000000000000000e+03
1.868000000000000000e+03
1.832000000000000000e+03
1.882000000000000000e+03
1.868000000000000000e+03
1.870000000000000000e+03
1.832000000000000000e+03
1.880000000000000000e+03
1.830000000000000000e+03
1.867000000000000000e+03
1.833000000000000000e+03
1.880000000000000000e+03
1.833000000000000000e+03
1.831000000000000000e+03
1.868000000000000000e+03
1.833000000000000000e+03
1.831000000000000000e+03
1.868000000000000000e+03
1.833000000000000000e+03
1.829000000000000000e+03
1.833000000000000000e+03
1.904000000000000000e+03
1.869000000000000000e+03
1.891000000000000000e+03
1.833000000000000000e+03
1.872000000000000000e+03
1.869000000000000000e+03
1.834000000000000000e+03
1.832000000000000000e+03
1.833000000000000000e+03
1.833000000000000000e+03
1.898000000000000000e+03
1.904000000000000000e+03
1.904000000000000000e+03
1.830000000000000000e+03
1.869000000000000000e+03
1.835000000000000000e+03
1.833000000000000000e+03
1.869000000000000000e+03
1.828000000000000000e+03
1.833000000000000000e+03
1.833000000000000000e+03
1.831000000000000000e+03
1.868000000000000000e+03
1.833000000000000000e+03
1.901000000000000000e+03
1.833000000000000000e+03
1.867000000000000000e+03
1.868000000000000000e+03
1.869000000000000000e+03
1.830000000000000000e+03
1.831000000000000000e+03
1.898000000000000000e+03
1.869000000000000000e+03
1.899000000000000000e+03
1.835000000000000000e+03
1.831000000000000000e+03
1.869000000000000000e+03
1.831000000000000000e+03
1.832000000000000000e+03
1.883000000000000000e+03
1.832000000000000000e+03
1.832000000000000000e+03
1.833000000000000000e+03
1.834000000000000000e+03
1.872000000000000000e+03
1.828000000000000000e+03
1.832000000000000000e+03
1.833000000000000000e+03
1.831000000000000000e+03
1.899000000000000000e+03
1.834000000000000000e+03
1.865000000000000000e+03
1.830000000000000000e+03
1.902000000000000000e+03
1.829000000000000000e+03
1.831000000000000000e+03
1.832000000000000000e+03
1.807000000000000000e+03
1.883000000000000000e+03
1.832000000000000000e+03
1.830000000000000000e+03
1.869000000000000000e+03
1.868000000000000000e+03
1.835000000000000000e+03
1.870000000000000000e+03
1.867000000000000000e+03
1.834000000000000000e+03
1.831000000000000000e+03
1.866000000000000000e+03
1.833000000000000000e+03
1.832000000000000000e+03
1.905000000000000000e+03
1.832000000000000000e+03
1.898000000000000000e+03
1.837000000000000000e+03
1.830000000000000000e+03
1.833000000000000000e+03
1.832000000000000000e+03
1.870000000000000000e+03
1.830000000000000000e+03
1.833000000000000000e+03
1.833000000000000000e+03
1.832000000000000000e+03
1.832000000000000000e+03
1.865000000000000000e+03
1.904000000000000000e+03
1.837000000000000000e+03
1.833000000000000000e+03
1.898000000000000000e+03
1.832000000000000000e+03
1.831000000000000000e+03
1.904000000000000000e+03
1.902000000000000000e+03
1.832000000000000000e+03
1.833000000000000000e+03
1.834000000000000000e+03
1.903000000000000000e+03
1.870000000000000000e+03
1.903000000000000000e+03
1.887000000000000000e+03
1.828000000000000000e+03
1.832000000000000000e+03
1.833000000000000000e+03
1.832000000000000000e+03
1.830000000000000000e+03
1.833000000000000000e+03
1.833000000000000000e+03
1.833000000000000000e+03
1.831000000000000000e+03
1.866000000000000000e+03
1.834000000000000000e+03
1.834000000000000000e+03
1.870000000000000000e+03
1.832000000000000000e+03
1.830000000000000000e+03
1.832000000000000000e+03
1.827000000000000000e+03
1.833000000000000000e+03
1.903000000000000000e+03
1.832000000000000000e+03
1.883000000000000000e+03
1.871000000000000000e+03
1.871000000000000000e+03
1.830000000000000000e+03
1.830000000000000000e+03
1.856000000000000000e+03
1.899000000000000000e+03
1.870000000000000000e+03
1.832000000000000000e+03
1.831000000000000000e+03
1.831000000000000000e+03
1.905000000000000000e+03
1.870000000000000000e+03
1.875000000000000000e+03
1.870000000000000000e+03
1.868000000000000000e+03
1.831000000000000000e+03
1.833000000000000000e+03
1.871000000000000000e+03
1.833000000000000000e+03
1.831000000000000000e+03
1.869000000000000000e+03
1.833000000000000000e+03
1.834000000000000000e+03
1.832000000000000000e+03
1.833000000000000000e+03
1.832000000000000000e+03
1.869000000000000000e+03
1.871000000000000000e+03
1.834000000000000000e+03
9.414188090707343690e+02
1.833000000000000000e+03
1.835000000000000000e+03
1.833000000000000000e+03
1.833000000000000000e+03
1.834000000000000000e+03
1.871000000000000000e+03
1.903000000000000000e+03
1.871000000000000000e+03
1.829000000000000000e+03
1.833000000000000000e+03
1.833000000000000000e+03
1.834000000000000000e+03
1.831000000000000000e+03
1.831000000000000000e+03
1.832000000000000000e+03
1.869000000000000000e+03
