7.540818913307442140e-01
1.102806233976308281e+00
8.172592796630442358e-01
1.042966792355616290e+00
1.116002775712259476e+00
1.636105226416910918e+00
4.973474660320466589e-01
1.857765096306594144e+00
4.889604455759966606e-01
6.614356959881615428e-01
1.782177483747153124e+00
1.793373456119140785e+00
1.731633750457973075e+00
6.423411325735567390e-01
9.258332627746339583e-01
2.541239010792795128e+00
2.306134985577755536e+00
4.545875109104334788e-01
1.728808020748332064e+00
1.055497112825334538e+00
1.557145178929872253e+00
1.249960667630540367e+00
1.551664841678717988e+00
1.067602678092342439e+00
9.676930139051634905e-01
1.726071273247138604e+00
1.580837313542827305e+00
2.428455819727202147e+00
1.184925960412809731e+00
1.762079582860571314e+00
3.657900059206506405e-01
7.416641343914642803e-01
6.156146931911751219e-01
4.806967215017241557e-01
1.508500594076840118e+00
1.239976257312692010e+00
7.325333745332692770e-01
6.027935038438720916e-01
9.137793650556585989e-01
8.019755408416513465e-01
4.293588311968620785e-01
1.701949980676530805e+00
5.277860862797165709e-01
1.365446317760541817e+00
1.526226308243129326e+00
1.301115515237915465e+00
1.003298992261045575e+00
1.006007627908406477e+00
1.061728941057829001e+00
1.141139201316520468e+00
6.327456112190752435e-01
2.225906134145554827e+00
1.477682290879036575e+00
1.279987716230936323e+00
1.569616706789664251e+00
8.687344089952481196e-01
1.194346359812044955e+00
1.225628430695257176e+00
8.217699544871344131e-01
4.768835021329555501e-01
2.199860320229424460e+00
2.165380687660592329e+00
1.647803857697482943e+00
7.156936142931175082e-01
1.595380306648969349e+00
1.600665044936959491e+00
1.872691233448737114e+00
1.312037019369186819e+00
1.383666861352593314e+00
8.582540167083918536e-01
7.980900619806562402e-01
7.213058382203971775e-01
1.175675084651562452e+00
2.390600929355505500e+00
1.294071651310081617e+00
1.097222072071828647e+00
8.636185952664798826e-01
5.996869776743782854e-01
1.850011552109722679e+00
1.339358701031481802e+00
8.083517163227283975e-01
1.401437792808367666e+00
2.720871647453558140e+00
3.043801029945998327e-01
1.825142070955160456e+00
1.093726498279604220e+00
5.834104831879081132e-01
6.317999981567520296e-01
2.032280603394732488e+00
1.056510633733223514e+00
9.348624693336058389e-01
9.070415052991962490e-01
6.393867535752086884e-01
2.200087465486428862e+00
3.742408090297652534e-01
5.124672917739488964e-01
2.477165020788689276e+00
7.365395438670901962e-01
2.300103504535738974e+00
1.111972994165558948e+00
1.996379560357610661e+00
6.432142961013596061e-01
8.850045364207839160e-01
1.012654616437782096e+00
1.700415279753537234e+00
1.791734748665893662e+00
8.193360266743038300e-01
7.656770871903867404e-01
2.256480109440778925e+00
2.027364914412328467e+00
2.805735395187098025e+00
6.334019724823104491e-01
2.094713017465316351e+00
2.035438789043882757e+00
1.037457389054162071e+00
3.817666009914196801e-01
1.611806044269471938e+00
7.706727013392056236e-01
9.808555803122896988e-01
2.303052198738542611e+00
2.959319914407025021e+00
6.988268240793091834e-01
8.980307774700941881e-01
1.066068652328998834e+00
2.734739824865477509e+00
2.071923124934324623e+00
1.794607544542643707e+00
5.428759266496329117e-01
7.118627144325129219e-01
3.238297159528751301e+00
9.742632567203677318e-01
9.779890911056240421e-01
2.486706741374676177e+00
2.126073524708270046e+00
1.753494025885139695e+00
1.686205616629256054e+00
4.579117428317970306e-01
1.432211029522677315e+00
1.990148777874568786e+00
1.740574135746351114e+00
5.985112622934859461e-01
3.093811036787702751e+00
2.609717236271466678e+00
1.528022479589154381e+00
2.649718533428385037e+00
3.014932850328463143e+00
1.767909769709457235e+00
3.513339722300180323e+00
6.615077197709900991e-01
2.606633317455465448e+00
2.793080971606107354e+00
2.971427662734261732e-01
3.263474752733149575e+00
3.312122499861046787e+00
3.649793768295260254e-01
2.683598111676419151e+00
1.930766709886492238e+00
2.792687408450829967e+00
7.720451959894383265e-01
2.445529999326862658e+00
3.594027732506522854e-01
7.101256977010186322e-01
3.905548224005343627e+00
1.762568194659315024e+00
2.662851985298242852e+00
2.838189284446405725e-01
6.454963012364095531e-01
3.794776170465944620e+00
4.178655877567125643e+00
2.265070921373673052e+00
2.698063095184393134e+00
3.467290241242906745e+00
3.054267036894731557e+00
3.137280033222247244e-01
2.333132897647041126e+00
3.880214280838935048e-01
1.135727845923669932e+00
3.136138894824907819e+00
1.263731294513635417e+00
2.714499290205117266e+00
7.701633650980018730e-01
1.741582148272834640e+00
4.492710995966419651e-01
3.035233231896257600e+00
3.478025660429510335e+00
1.122265314612677312e+00
2.513078449338180587e+00
1.173200217265749412e+00
2.987453684628889494e+00
2.532638715834008902e+00
7.058895392753762321e-01
2.861564214939258388e-01
2.993886361244411098e-01
2.557713518614387116e+00
1.613915044868012849e+00
2.407269254115742996e+00
1.157192723636723430e+00
4.274903781303845740e+00
2.835063306184643750e+00
1.536461542446183604e+00
4.129865768160549400e-01
2.628387282580681106e+00
1.636723581958285934e+00
3.209232232672766028e+00
2.408394587380125462e-01
3.890069414296396744e+00
3.198967383540957332e+00
3.920154274164720842e+00
1.116909773896415103e+00
3.075600318410260936e+00
2.619715373401330538e+00
2.194065652942568168e+00
7.013262399321928964e-01
1.858376930179081565e+00
3.059933124980853236e+00
3.134285877739713566e+00
1.463650351800057647e+00
5.173146661073705355e-01
3.637531171947251618e+00
3.074058497900627351e+00
1.640565991983358396e+00
1.928428460051167859e+00
6.713595446629389007e-01
3.663872762631043223e+00
1.031130517959649717e+00
1.326706462485675253e+00
7.406842594428865167e-01
2.537041980084631554e+00
1.381888422497263846e+00
2.453533935007997102e-01
9.876413074999990105e-01
3.709103210504134829e+00
3.037567978544064573e+00
3.717470844037018551e+00
2.853107613895899952e+00
4.301555902515428187e-01
3.824347170586310796e+00
8.379268716593969435e-01
1.219658851352669604e+00
3.754346980801228195e+00
3.402892505906476295e+00
3.986500870435972566e+00
1.844368358551277121e+00
3.719122373826281525e+00
3.943383534709639093e+00
4.022452802113628323e+00
8.460787391244023459e-01
1.877317167734882775e+00
1.512086797202638389e+00
6.160568391553691292e-01
2.879710026169192361e+00
1.813619048073619844e+00
3.027852218051896305e+00
3.915681110900462780e+00
3.542768644238993847e+00
3.354185186178777478e+00
3.370095886776250715e+00
1.905096976178435098e+00
9.751581584600417241e-01
6.754259102121422664e-01
3.991565281238861562e+00
8.197746138921520043e-01
3.493258362737891698e+00
6.019630163865130612e-01
3.632212925422524386e+00
6.393463250935270681e-01
1.037804172651819457e+00
3.317498042108366629e+00
2.695105826360836954e+00
1.293270437746685264e+00
3.787613799838159601e+00
3.894414997355543306e+00
1.413234099321093451e+00
7.178720360934252032e-01
9.226770945802085233e-01
1.730127742861468754e+00
4.257115227703597071e+00
3.075435540777610832e+00
3.387181056040173832e+00
3.657631319035307360e+00
2.797197330242276792e+00
4.096428844765470423e+00
1.431445246077200473e+00
3.260830680336085141e+00
3.845554730551584477e+00
2.773349025261872214e+00
2.272048706370467297e+00
1.557462141648344733e+00
3.855051472715889549e+00
3.538114263894122313e+00
2.078403131288089067e+00
2.954596313842784427e-01
4.009673046507806760e+00
4.679287994696669784e-01
2.218132310900869264e+00
3.860707973314134733e+00
3.492198697058468415e+00
1.706964034923020401e+00
7.139291316088680617e-01
5.836457623788722238e-01
1.868189605813171505e+00
3.783971292947065912e+00
3.669707845144889902e+00
2.200397616935036549e+00
5.280577780722428560e-01
3.407507511881150641e+00
5.475516202120782605e-01
2.175301789991696655e+00
3.951929414327363332e+00
9.785872790498277851e-01
3.869248537024482903e+00
7.728294288874224538e-01
3.920901636378344435e+00
3.986156263747254513e+00
2.023885659492956179e+00
3.507404929081860079e+00
3.581557325353280863e+00
4.157627720863044551e+00
3.794806996015500644e+00
3.705686018436034512e+00
1.640566677474556645e+00
3.801839774448120490e+00
4.058114214554581878e+00
3.534462717164923884e+00
1.777753865899582619e+00
3.626286893384135013e+00
4.381693521743904363e+00
3.663726497358472223e+00
6.184602865427866192e-01
1.865256718161942606e+00
3.870007095470998859e+00
1.797775501851758939e+00
3.608879012122024665e+00
2.243342270568267960e+00
3.608907806983136624e+00
3.358973835723082502e+00
3.145371846059971332e+00
2.219123614571938408e+00
3.318499969381821568e+00
4.015962943243096994e+00
3.959794415789904765e+00
3.898566154740034762e+00
2.304447273637113991e+00
8.339143408204476859e-01
2.223922617956737291e+00
2.140313486084519212e+00
2.708357645095129662e+00
1.129952384349403927e+00
8.114986674529172106e-01
9.211751309527802523e-01
3.974131404528006062e+00
4.864830248071064789e-01
3.662102878992874455e+00
8.799297861649544306e-01
1.997626980185603474e+00
2.105238846098042682e+00
8.991991032162206521e-01
2.229648120262894384e+00
3.831013084244567768e+00
2.087122900516098056e+00
3.947546745262387802e+00
2.480546354497312311e+00
3.762716681915292849e+00
3.717827646609466186e+00
7.874092177523339675e-01
7.752560152418616068e-01
2.082332525297865278e+00
6.537488086867467851e-01
6.105960080499027720e-01
3.653672598168744123e+00
4.111026762532244305e+00
3.878373995321626744e+00
1.957885011312264556e+00
3.856737064235320034e+00
4.052716490646503189e+00
1.108457417688670787e+00
4.256956768827894422e+00
1.569085683420826438e+00
3.662633839954481996e+00
3.864040900767786724e+00
7.775730627187894539e-01
3.641151324512381660e+00
3.721354807727584646e+00
3.743806646938881766e+00
3.732161222599926553e+00
3.509288295665394131e+00
3.816477359107859346e+00
2.542862385742066689e+00
7.735432547117404578e-01
3.708383161377220016e+00
3.937235684097601496e+00
6.307260666582235054e-01
3.970343941792278120e+00
4.100931236867996432e+00
3.867953324093916123e+00
3.655429795117668856e+00
4.194561476462545180e+00
4.301794749205297141e-01
2.189594855946810803e+00
2.312778224923650594e+00
4.416414177607477676e+00
2.150098395140482843e+00
4.185633534808411049e+00
3.815190124939174865e+00
3.890189046685514462e+00
4.434531724492565274e+00
4.654898078113683724e+00
2.238411999628416194e+00
4.075379853434422550e+00
2.113267422950324548e+00
2.260058041889955849e+00
2.569564229825821222e+00
2.131404396931418255e+00
2.329785913287399368e-01
2.804300519889207255e+00
2.248420694717170765e+00
2.221408792496264883e+00
2.928951613186911995e+00
2.728090850659191435e+00
2.154701732235984935e+00
2.917547427609859412e+00
2.708303434898467810e+00
4.274208080220495698e-01
2.528658123133178393e+00
2.468149581293584749e+00
2.597309461549835330e+00
3.791972537759359940e-01
2.374445247124223890e+00
2.901694376997146385e+00
2.185480319903397195e+00
3.132473012692714942e+00
3.108290275024910621e+00
2.288477300300858719e+00
2.355788419001976663e+00
2.076682230801378815e+00
3.022260142750257117e+00
1.533792050400675899e+00
2.506179422434171133e+00
2.315139647070006301e+00
2.580987584769765419e+00
2.292948772554039394e+00
3.080252698665230771e+00
2.359913150492213063e+00
2.885571430317266373e+00
3.093122086026991457e+00
2.123442394210177220e+00
2.902485267352170162e+00
2.971369582080086946e+00
2.930170411906842798e+00
2.248335195206407899e+00
2.510030565614885134e+00
2.751769245830224531e+00
3.128177919083406255e+00
2.919080461076946964e+00
3.027508958193914523e+00
1.632594131290214579e+00
2.363554004567355538e+00
2.702104133331177493e+00
2.540965228639001428e+00
2.985997584542547933e+00
2.254171232603247699e+00
2.570872110530394661e+00
2.980319382675180151e+00
2.278747116859924482e+00
2.333504422250986254e-01
2.877168660449016535e+00
2.966657722316490275e+00
3.087118534689608840e+00
2.473425328262975231e+00
3.350548808881131935e-01
3.069961808995826047e+00
2.421769774493909733e+00
2.145166157987085320e+00
2.278580732670206999e+00
2.630959515667342874e+00
2.088153481908315623e+00
3.129469391603881601e+00
2.956103540739213553e+00
2.652475856174083990e+00
2.724720687068231673e-01
3.160749410989220909e+00
2.790557508608469739e+00
3.058739653286769666e+00
2.551093173121641300e+00
2.924671219532967825e+00
2.441760010787526358e+00
3.036438168604270516e+00
2.255358881809852001e+00
2.965718567677538275e-01
3.097302425989240771e+00
2.892599437370662496e+00
3.145313470212566020e+00
2.213343247362577593e+00
2.279188296808810854e+00
2.568147494244191531e+00
2.741327194185200433e+00
4.317907704516747991e-01
2.916243076876156692e+00
2.192982371133231911e+00
2.773291080304566059e+00
2.037108856780188493e+00
3.114082653601239148e+00
2.242285958820501079e+00
2.828182432729822171e+00
2.605603601476779385e+00
2.354476355053557235e+00
2.347566135584170155e+00
3.082732151937446208e+00
2.369546229209059884e+00
2.727544599651827717e+00
2.900579077797757588e+00
2.050471367171137427e+00
3.026138627809852544e+00
3.082804661940595103e+00
2.826662661753763128e+00
2.631323175114325785e+00
3.097794964268995699e+00
1.719734515039509359e+00
2.519940905310127377e+00
2.156121386832985376e+00
2.144258653932754832e+00
3.047865562830218256e+00
2.964196967687417583e+00
2.609740654782835012e+00
2.494515663473295675e+00
2.363676439499163617e+00
2.213932405167723105e-01
3.041805697334658554e+00
1.853850270246203857e+00
2.797988257295909165e+00
2.332365897992384252e+00
2.624896767266474029e+00
2.994572347870238183e+00
2.656141767529237807e+00
3.155760854275998284e+00
2.433565730598787002e+00
1.783391529850673618e-01
2.477335508304656209e+00
2.846352901407867453e+00
2.117041796794615571e+00
3.053930070350257431e+00
2.470662153352747747e+00
2.690077346788076196e-01
2.708660768690471787e+00
4.204494128913986439e-01
2.677700301100545577e+00
2.400831456958442356e+00
2.750299065884419303e+00
2.957231584369182986e+00
3.078080939273698746e+00
2.389464594541060638e+00
3.074967750489766782e+00
2.215842582260026283e+00
3.613561085703003162e-01
2.592965485126978553e+00
3.146534402590315693e+00
2.971520007662492802e+00
2.430669940621170699e+00
2.984790953459638185e+00
1.984603539082692381e+00
2.449213757948899506e+00
3.937624074471274827e-01
2.897061197350140560e+00
3.040208451076697571e+00
2.560034678932650021e-01
2.895775978884974844e+00
2.841653265604567657e+00
2.924256192106242214e+00
3.003635329322813519e+00
2.675692565173640958e+00
2.574686284002305481e+00
3.119674864690154870e+00
3.191957229257870732e-01
2.923002564707501083e+00
2.406670916137934491e+00
2.737599441454475979e+00
3.021298143319756324e+00
3.028301959651778841e+00
5.319957257509183579e-01
2.961152439535815972e+00
3.061323891591591906e+00
2.272827903266660510e+00
2.323222084151477795e-01
2.466072745856849213e+00
2.475099945733141737e+00
2.607597704862151478e+00
2.957522932727403298e+00
2.996564368061650274e+00
2.998400572076986847e+00
2.266280876003889055e+00
2.771001788554881440e+00
2.712980339478046066e+00
3.005790822119953631e+00
2.967726894609887811e+00
2.639537948713825966e+00
2.244957750806661601e+00
2.932800555013100663e+00
3.019809143112401895e+00
3.037925913550559631e+00
1.549428998968595428e+00
3.044371812722230786e+00
2.369927229267063673e+00
2.789653445976693735e+00
2.399650481712936934e+00
2.467733591751158251e+00
1.181270177433852431e-01
2.074895440696153393e-01
2.403117354339141254e-01
2.575780616358720021e+00
2.712732383677804560e+00
2.470938591386391270e+00
3.384264886982692455e-01
2.973936812114873263e+00
2.339342749925833242e+00
3.083094977859542674e+00
3.097288490903820080e+00
2.416632666393250251e+00
4.285225616019797124e-01
2.612457788224683330e+00
3.139155896154198544e+00
2.592287673717777352e+00
3.023195687828452272e+00
2.910333497479749010e+00
2.900503051987528558e+00
3.091539661148209550e+00
3.026793734151102200e+00
2.625924886784404944e+00
2.721261387553227440e+00
4.591060011627457471e-01
2.541082636370352699e+00
3.125446019746229709e+00
2.963713123440963049e+00
2.281787166965068003e+00
2.555700604956936406e+00
3.126772137957006148e+00
3.080207314462811485e+00
4.066440434121267877e-01
1.218513377976313539e+00
2.305909044605284119e+00
2.796163398715866943e+00
2.685100106658533381e+00
2.260899469100377868e+00
3.011694324617164575e+00
2.498081740225161163e+00
2.583169774760402326e+00
2.685039059040662757e+00
2.485336038723164886e+00
2.684362482537542505e+00
4.505514335899609146e-01
2.881123125536085183e+00
3.038503435708730827e+00
2.880349471259961547e+00
3.079890996540703529e+00
2.687591711153727747e+00
3.096114114496166358e+00
3.072137830884161591e+00
2.908219249819892660e+00
2.531408157929623925e+00
4.636156117135281640e-01
2.254344043930893271e+00
3.020979331102525478e+00
4.854649063312897472e-01
3.028234094153168687e+00
3.089518280619099944e+00
2.966929123310192207e+00
3.086919482307501461e+00
2.469695167469637020e+00
2.934367241277671123e+00
3.728075521392554270e-01
3.088543069317145839e+00
2.788546907981583445e+00
1.935527193951878944e-01
2.467347892199930559e+00
2.277268945426174973e+00
2.770267689866413363e+00
2.932497814283647752e+00
2.273166043957625337e+00
1.519479182111988846e+00
2.277948432716224048e+00
2.826017033976497395e+00
1.933001574971587033e-01
2.504777589740556198e+00
2.477437274377940035e+00
2.402338808557890282e+00
3.088203249738090239e+00
2.381931729119413088e+00
2.563474366773899060e+00
2.547947206116329966e+00
2.730531113641961660e+00
2.592729163780089330e+00
1.390450270293498714e-01
3.104401879812241916e+00
2.798631843734053604e+00
2.732975989666272643e+00
2.983621213286924867e+00
1.599278709394464260e+00
2.999897650915898328e+00
2.464597793077821564e+00
2.985761892590176991e+00
2.544338974308292811e-01
2.247262600606818150e+00
3.084017177081407102e+00
2.502956099611429508e+00
2.692215089805447992e+00
2.308442423915789465e+00
2.980316621151598788e+00
2.984605172463733247e+00
2.475608124217189676e+00
2.228053503602288821e+00
2.218892174538135365e+00
3.128465929456085259e+00
2.433705814261853728e+00
2.704810769715426666e+00
2.556764273025190271e+00
2.445134346713124240e-01
2.396600028466211896e+00
1.695168711442176512e+00
2.889875075441067587e+00
2.955066630235350100e+00
3.126887595246920615e+00
4.992458435645548698e-01
2.881652161775448917e+00
3.101924855590460606e+00
1.434322510537951456e-01
2.772355267617562458e+00
2.895949664992192307e+00
3.036611774920219275e+00
2.604791290331383902e+00
2.357338386317433532e+00
5.016519685618410218e-01
3.106138917948626066e+00
2.792870013910644822e+00
2.818434863786687394e+00
3.082437858303742395e+00
2.584135882544775331e+00
3.072653747654015444e+00
2.520898669739605413e+00
3.563161680481217730e-01
2.541364060344102338e+00
2.972381690639282592e+00
1.932362102279284288e+00
4.454281993255374772e+00
1.887899272690759966e+00
3.723196922845113832e+00
2.473998532661850547e+00
3.909710316681080489e+00
1.934324961479578109e+00
2.528596084077040285e+00
2.449613148812798791e+00
2.571759135919430950e+00
1.930371216878845608e+00
1.884432017849807961e+00
3.964703892942980534e+00
4.146488767189884683e+00
2.470422470954691807e+00
2.171884754568080389e+00
4.463198594829158594e+00
4.232173577073478299e+00
1.886229642481880742e+00
4.096467455907818689e+00
2.497349105271254643e+00
2.218173952421730544e+00
3.877515932976165036e+00
2.618196869002365368e+00
4.247674912496457900e+00
1.879240812388186743e+00
2.412244300773847439e+00
4.167281783206933099e+00
3.818037862658405945e+00
3.896436593827500960e+00
2.516732008956368727e+00
3.921328248039820608e+00
2.410292741235315006e+00
2.553547821195743417e+00
4.031600577013978004e+00
3.938791938509622614e+00
2.614904536076361641e+00
4.256644536941910140e+00
3.859356548911066831e+00
4.200422720141949284e+00
1.903395951944115705e+00
3.971123441090769646e+00
4.314546121107577292e+00
1.936311906340775435e+00
2.634746083104869907e+00
4.269314932371111482e+00
2.682253048113177218e+00
2.665818370644800428e+00
3.982221604099751566e+00
4.010189668306601618e+00
1.863045861124489333e+00
4.102729305476021437e+00
4.224372883130490308e+00
2.683348533247153167e+00
4.133534364275399220e+00
2.291828903947394469e+00
2.559445073779670121e+00
1.856014792798931445e+00
3.705591874388445284e+00
1.915265529312579318e+00
1.939863496755310779e+00
1.877080245225553057e+00
4.308699844580544891e+00
2.569902538527902625e+00
2.180381448251699439e+00
2.156381479941793966e+00
2.464035716335131632e+00
1.854856795417264781e+00
1.889614470156197656e+00
4.347224443045745623e+00
3.999951762279785772e+00
3.612198715354657974e+00
2.180380996588101805e+00
2.676865997615404780e+00
4.038712918014584652e+00
1.852846156307994097e+00
2.719678313230586397e+00
2.475349411783319908e+00
3.770826105762637770e+00
1.855323137134453182e+00
4.142776570890426946e+00
2.622311581426839400e+00
3.770697521067687408e+00
2.079022836445802991e+00
3.784372226196460964e+00
3.940529588230531566e+00
2.692790047744733073e+00
4.065642960515680748e+00
4.115967660029727249e+00
2.217589116937046079e+00
4.162597305587991237e+00
4.093120041865239145e+00
4.225949290391835866e+00
1.916919856972310043e+00
2.610533012395761521e+00
1.863358564379293814e+00
3.945021227068621350e+00
2.501057732487663721e+00
2.647607895099538311e+00
4.160042131799580822e+00
4.029569363150392824e+00
4.257349184531439512e+00
3.935523334291465058e+00
1.898586466083019397e+00
1.909553339841545849e+00
1.913714240905142416e+00
4.345023165835960377e+00
2.410630035468525723e+00
3.833397703422360969e+00
3.853723359268725002e+00
2.460664117611397028e+00
3.626322624763844704e+00
4.053729369967469687e+00
3.716674924926598678e+00
4.040628288622925446e+00
2.700684204388268839e+00
3.793234098240876762e+00
1.901889438223053341e+00
3.811184130612180532e+00
2.182286143171206394e+00
2.220229143284174533e+00
2.556130080685281136e+00
4.086079468741864673e+00
4.377382044677677442e+00
1.862252371794929084e+00
2.635528461315488347e+00
1.846608117247356740e+00
4.168460005489003528e+00
4.008551294569908663e+00
2.480675569185464280e+00
4.357469797421600788e+00
4.018189537339052819e+00
1.858000254685688191e+00
3.743190550378712178e+00
3.935680138648317783e+00
3.936727926310771064e+00
3.728378194733734219e+00
1.852437337235083747e+00
3.632340748403136477e+00
3.989756393130897028e+00
3.903061201639014932e+00
4.293728147570739395e+00
1.868483848469707720e+00
3.692710776201755252e+00
2.137285873169134653e+00
4.134890113204142459e+00
1.882128323253943636e+00
4.068786287344964947e+00
4.102353085918577058e+00
4.173475469972080631e+00
4.865633826433698239e+00
1.856155898076148114e+00
4.275646711387865118e+00
4.338835146338186455e+00
2.622413325583296650e+00
2.555846439950058446e+00
4.184835231378365883e+00
2.536306042689349116e+00
2.185600197254517152e+00
4.196193511481260963e+00
4.203287364810954330e+00
2.318374203647667109e+00
3.895202876134273406e+00
3.935063792379586811e+00
1.915340579145052180e+00
3.792033056799698265e+00
1.880288908467906639e+00
3.747053994676863731e+00
3.945524333564027764e+00
3.845200139592293453e+00
4.030025406810567645e+00
2.671398439457300267e+00
4.009197237721851437e+00
4.018260913194127149e+00
3.744813445376180994e+00
3.744960712857550167e+00
4.041257440971655512e+00
2.174907767551912841e+00
1.926617042260898360e+00
3.985426887872023816e+00
3.767946535271986086e+00
1.886653689052738558e+00
3.897819634313040016e+00
4.154730825529784788e+00
1.921602722644750960e+00
1.898558546492773003e+00
3.982154708418665923e+00
4.113729768067923231e+00
3.812449639112071242e+00
1.894932629456367756e+00
2.461026635084945013e+00
1.910899284396594622e+00
1.873325435250046800e+00
4.069605160505769703e+00
3.980485066597526433e+00
3.706206283883751063e+00
3.904718785236320322e+00
4.402949310152630247e+00
3.818678464630778535e+00
3.991122248148674778e+00
4.246380346704045294e+00
4.078106302743937484e+00
2.147634184081051334e+00
4.326772053082906133e+00
4.161485718928904731e+00
2.507395190969067045e+00
3.904679042557470670e+00
4.097435520209275595e+00
3.915458886930046845e+00
3.639034657651775362e+00
3.823250505799019372e+00
1.935119444254770338e+00
4.239603879534880271e+00
1.851658094105830266e+00
2.442366189306631963e+00
2.621603047809316411e+00
4.380661346522048305e+00
3.958747397136476387e+00
1.890459225402231436e+00
1.874926840094598202e+00
2.422786473840174981e+00
3.990239059367097330e+00
4.024081267218637237e+00
4.063708323686253898e+00
1.939733776703611134e+00
2.453682962418099578e+00
2.157025746326923343e+00
2.525621964078377690e+00
2.565167741626167341e+00
4.072423839747718155e+00
3.820515925019930759e+00
2.543185979403430608e+00
4.212995282698139832e+00
4.060159100351446781e+00
2.464781146627982977e+00
4.153870172433006047e+00
4.185240884253932592e+00
4.287905336339813189e+00
3.938119553059942213e+00
3.755046845065467043e+00
2.487165698846059758e+00
2.598943083293263623e+00
4.097542722174878804e+00
4.451648004683455895e+00
3.802925655248610592e+00
3.954054449387269798e+00
3.813615464537690070e+00
4.160119863791154948e+00
4.195353954179529943e+00
2.438148636453969065e+00
1.899187860648595461e+00
2.393957989988029667e+00
4.371028714713544261e+00
4.234392994292182522e+00
4.176255933376880058e+00
4.239383493904758993e+00
4.083456639716112058e+00
3.764011940273276569e+00
3.948422885243453972e+00
2.511877414168901090e+00
