1.908349968036834809e+02
1.648298414921453059e+02
1.725739234356008467e+02
2.184935455748531581e+02
3.452760291144793570e+01
6.434713881793118162e+01
5.730725307696960158e+01
9.899898132484618429e+01
1.528434474869421251e+02
2.056418340524966197e+02
6.775214669715843741e+01
1.206282081569652149e+02
1.069983689493010104e+02
7.879567666742737231e+01
1.233408654712768993e+02
1.158640367539438110e+01
4.076726812872931305e+01
2.705842759030358646e+00
2.486470866498202881e+01
3.223824948422695513e+01
1.585007832798615084e+02
3.145694436743149822e+02
3.271012175721858739e+02
3.512138550980951663e+02
3.746297723594899480e+02
4.633754902129638822e+02
2.768625461996945774e+02
3.997358558901908623e+02
1.753724213465311550e+02
3.980601213250982937e+02
2.280187214267664046e+02
3.011372501930637782e+02
4.470516068713615141e+02
1.886205358963694891e+02
4.179599888964351067e+02
3.633637095776417709e+02
4.189195060781534039e+02
4.391207650266363771e+02
1.818577222289908946e+02
3.863504539858550970e+02
1.835059152132649558e+02
1.812020416579637185e+02
1.812526675073913793e+02
1.728816894729034459e+02
4.583936036954640372e+02
3.717720328531282803e+02
3.573288048028417165e+02
4.623129362764736356e+02
3.771135088300916891e+02
1.782470217925656755e+02
1.923453566602144349e+02
1.735548151300715460e+02
1.747744323575662406e+02
4.033486042699562404e+02
1.849929261970651169e+02
2.673571380586873829e+02
3.783951891839599284e+02
3.901029974048183249e+02
3.633822543439157471e+02
4.762501890891588232e+02
2.195874554268375434e+01
4.715272245376230842e+01
1.485213247480603194e+01
4.583968789016324195e+02
1.847928743518968133e+02
2.814338331100416895e+02
2.874041610399789874e+02
1.924951259104378494e+02
4.167174305639543945e+02
2.584716968667947867e+02
3.008976711955003225e+02
3.035164719681761767e+02
3.074930346820950717e+02
3.817258528456064823e+02
2.863494289426700448e+02
5.238266903177601534e+02
2.582503207633967008e+02
2.367974242708728809e+02
2.745811301385348884e+02
2.924900313983841897e+02
4.002120451619452979e+02
4.109471830032679236e+02
1.922091483847119093e+02
2.943698616021860062e+02
3.891941815144185171e+02
1.801230935019658546e+02
1.990992252121399986e+02
3.109048580687925210e+02
4.398172528097703662e+02
1.950031945474681834e+02
3.911986325207384425e+02
1.752495875061783011e+02
1.987351366021148920e+02
1.902111121045635116e+02
1.886376303402693679e+02
4.420246288357437834e+02
4.526726571340052487e+02
4.283378535273720331e+02
1.811166152816895476e+02
4.107515991257215546e+02
4.948694798824384975e+02
4.050140268042482603e+02
4.509829831281773522e+02
4.265656302489990139e+02
3.953420174594264722e+02
4.057948454022206874e+02
1.969592065298043337e+02
1.936669456460720653e+02
4.489574347176218794e+02
1.958821412152631467e+02
3.067982290509526706e+02
3.762948199082916290e+02
4.104164254213328604e+02
4.668548533046104012e+02
4.191066443143170090e+02
1.779745727745159911e+02
4.318357794425794509e+02
2.515079604422622026e+02
9.915646708500041484e+00
4.147341792502015210e+02
4.036734262598164378e+02
3.755011643933634673e+02
1.787571478551747646e+02
4.266684488163826927e+02
1.860047356807217795e+02
3.942020610409402366e+02
4.066619759717912643e+02
1.710847004147453561e+02
3.812439896547546141e+02
1.803608070886504890e+02
3.085598791541077617e+02
1.914898256484889885e+02
1.838526269287605714e+02
4.347040661208245069e+02
4.040284697774829965e+02
1.882649142947850862e+02
3.874379167676199245e+02
1.894597643030514007e+02
3.088283471182644462e+02
3.124591253178414831e+02
4.273529567955808375e+02
4.061222948180982257e+02
1.751817244663404551e+02
1.767091067029181772e+02
1.777717152449097000e+02
1.940566365526832726e+02
4.335709658195885368e+02
4.569279929203387383e+02
2.002631900066798210e+02
1.746878282985237831e+02
4.448078242060607295e+02
1.766603859027321448e+02
1.713249493239241019e+02
4.639242154569849959e+02
4.253958705053033782e+02
4.334245970935103855e+02
3.802048888004476339e+02
1.746600105621908199e+02
3.863408555133987647e+02
1.998088981118982304e+02
4.222849036146928370e+02
3.830099553275192079e+02
4.356778420640658851e+02
4.341887385974067683e+02
3.895991842604362319e+02
4.170381345341353949e+02
4.736368106180132145e+02
1.834759018630609262e+02
3.804187191158702035e+02
3.955978942993928626e+02
4.728884113216328728e+02
1.957120367802844783e+02
1.985938727058947961e+02
4.033270714268349479e+02
4.693919268977061847e+02
4.434279995968009871e+02
1.805020996064853591e+02
4.799027269081025224e+02
4.091960149949788956e+02
4.351288715891673178e+02
1.722496265308863883e+02
3.801330105154864896e+02
1.844848098624671309e+02
1.845442721871021092e+02
1.751296456833445347e+02
1.975314488594294744e+02
4.315428033078936778e+02
3.708475673572294227e+02
4.524093473316772815e+02
4.440786980111744811e+02
4.785990106152319186e+02
1.945157191443198315e+02
4.204626806194555115e+02
1.956622227081617496e+02
4.275972272005795958e+02
4.247864996205968282e+02
1.959416495974748216e+02
1.823525149495720257e+02
4.113625342613682392e+02
4.091051803792539090e+02
4.815227086601842075e+02
4.380733782645917245e+02
1.849980214682810526e+02
1.837205666319206614e+02
1.976226613678438184e+02
3.885698093885696949e+02
2.997493328266207300e+02
1.923095906092751193e+02
4.355331033028834327e+02
1.741793767780698658e+02
4.679563108871151940e+02
1.968033692939909827e+02
3.922399314184371519e+02
2.492415729950361651e+02
1.758293496672366416e+02
1.883525442965971024e+02
4.223450116947678339e+02
2.960804745419627579e+02
4.550782302362096061e+02
1.985655585380989123e+02
2.895910209214377460e+02
3.851979711136022502e+02
4.540213783119889968e+02
1.804458302599832962e+02
4.588246667101108187e+02
3.870200267059046269e+02
4.019922166251827775e+02
1.923650634410925875e+02
1.802223423730816876e+02
1.847169339225442002e+02
1.971477391032858009e+02
4.384554365697124467e+02
1.861666315438852450e+02
4.079365675082599978e+02
1.827324927361232483e+02
1.739622098962937571e+02
1.714998886483463423e+02
4.325914659546477310e+02
4.449420996677692415e+02
3.917165241083503702e+02
2.352429411971040452e+02
4.609014819164515302e+02
4.310736024290170576e+02
4.097802155566866986e+02
3.080113852920068780e+02
4.290535967805915334e+02
2.958308141310452584e+02
1.806673527019045764e+02
1.775025808319218470e+02
4.259276081100810529e+02
1.782966151478019867e+02
1.790963749052723131e+02
4.194970554652383612e+02
2.523952341159487958e+02
3.743743230518448968e+02
4.331222271894275764e+02
1.962215363386459046e+02
3.143934205347501916e+02
1.848916043406750305e+02
1.862517481098155940e+02
4.457967955341940751e+02
2.635535196095910351e+02
1.955702886760147692e+02
1.952263339900523533e+02
4.391181207027586311e+02
1.848501242081307225e+02
4.171812052619299607e+02
3.068564742190367838e+02
4.772799268725148067e+02
3.754712564420282774e+02
1.796367887267868184e+02
2.915395494915090921e+02
1.910764095076479521e+02
3.962328312701569075e+02
4.605656788776901749e+02
2.920730230923157364e+02
1.859823767332065358e+02
3.795466052802615877e+02
4.602501581477737886e+02
2.929531682379516155e+02
3.879022953270166454e+02
4.887582052209391037e+01
4.694007962854713583e+02
2.218803581868600361e+02
3.753306298737263660e+02
1.856743220011192079e+02
4.397179739910540093e+02
1.912899752110535587e+02
1.841417360095981337e+02
3.891311680891906803e+02
4.071399460595056325e+02
3.042529529111887427e+02
1.756324218348030399e+02
1.818959603862252550e+02
4.039318363619013894e+02
3.131507634720865667e+02
1.922595554627442596e+02
1.958813977717741182e+02
3.724302660590611254e+02
1.775380058516592783e+02
1.792713520489216421e+02
4.403397307015249567e+02
3.883893814072986856e+02
4.421048320516783861e+02
3.953505893866229712e+02
1.918721596537973255e+02
3.119041297058957412e+02
4.486144340108201618e+02
4.227722049700225853e+02
1.768071926059919861e+02
2.963675270241666340e+02
1.964824453726140518e+02
3.002739636770212428e+02
4.382430510193937039e+02
4.292674374809818687e+02
1.976979442919295309e+02
1.945999046995381718e+02
1.979659973194034990e+02
4.168389314003866275e+02
1.818762653728607575e+02
3.726711999935413360e+02
4.117199268472651852e+02
1.938468830199261674e+02
3.880811021443509503e+02
3.098318483172255924e+02
4.331062337841869407e+02
3.944464576884049620e+02
1.765871097588762666e+02
4.269595718022114283e+02
4.173959376438365894e+02
1.776478576991401894e+02
3.871883262281321549e+02
1.715797850110006380e+02
1.906855411932701543e+02
1.951715071412772602e+02
3.729892333808239187e+02
1.897922714419166255e+02
1.850040074322140526e+02
4.123670763075759282e+02
4.577954588696748033e+02
1.910989690138850392e+02
1.907105636984927628e+02
2.702004213812378453e+02
1.813026035334082451e+02
4.583307382562075531e+02
4.736770283521939291e+02
3.930800289296320784e+02
3.951557371171110731e+02
3.885215944969730799e+02
3.959132059132909944e+02
3.673066752540358948e+02
4.635810263710160939e+02
1.864230282238578411e+02
4.179497824385902049e+02
1.752209953859298821e+02
3.932567143249538617e+02
4.558248302518546780e+02
4.356014513671100872e+02
4.249728658278125977e+02
1.758497103300892945e+02
1.805850916024691912e+02
4.249335721934508001e+02
4.625102597722051883e+02
4.007512870546457293e+02
4.248880359711680512e+02
1.813470725698914237e+02
1.897433067349477369e+02
2.719127079948022470e+02
4.349314716400151042e+02
2.583156987791576285e+02
4.621820554145119218e+02
3.920704241500346825e+02
1.910406355858053189e+02
1.773709731321497145e+02
4.582445201639692414e+02
3.062962705594641193e+02
4.780763660948751408e+02
4.712103119843612262e+02
3.001156118793426231e+02
2.453831011198662679e+02
2.942610624708762543e+02
4.087665271326596894e+02
4.357642665092107563e+02
1.961864718596431487e+02
3.857205325794065516e+02
1.787377023720809177e+02
4.513843350959880922e+02
4.728967140449739190e+02
4.531627940495422990e+02
1.927138448908136468e+02
4.394895871093927440e+02
4.372400760663861092e+02
3.113428490355360054e+02
3.714045517966063699e+02
1.711153130535617493e+02
4.596768585351002798e+02
3.991996114522348762e+02
4.412161833964783000e+02
4.002410278476606322e+02
3.919096818562529734e+02
2.839792915583027479e+02
2.379067754197712148e+01
1.942783331012084602e+02
4.227382724609378215e+02
1.874083107483850199e+02
3.744156632020118991e+02
1.822611562045844380e+02
4.664951964400218003e+02
4.349095755258570080e+02
2.795032567234438261e+02
5.215993264441150359e+02
4.933040552709933309e+02
1.749636086421374443e+02
3.827245414519148881e+02
1.941804760012421411e+02
4.046816104864849990e+02
1.970866880892904192e+02
3.778505242753473112e+02
1.863076661775966443e+02
4.124462605033695013e+02
4.396684455467081989e+02
4.161769582378028076e+02
1.734370504663522183e+02
4.031136158722595155e+02
1.816829465614986532e+02
4.711481112923360683e+02
1.863159762379648043e+02
4.129321525987505197e+02
3.982059025372404335e+02
3.939294018673710980e+02
4.690404186532575181e+02
1.882234780074963396e+02
4.305849731593411320e+02
1.977775939142184995e+02
4.223409043340192852e+02
3.776875280296658275e+02
3.857455805795520973e+02
3.781883269681018760e+02
4.156482591523335941e+02
1.799043648291225281e+02
1.782747061588415249e+02
1.719833738245755512e+02
2.196419349909426160e+02
1.876415962042856336e+02
1.882946161767797548e+02
1.944611939653699437e+02
2.629274786730862274e+02
3.099865111231053447e+02
5.721081505276044936e+02
3.680147275228953845e+02
4.272971397441495469e+02
1.839704239868569289e+02
4.512316269087753540e+02
1.967678848381554531e+02
4.098339260761320588e+02
1.759866023617060478e+02
4.417037150707716933e+02
1.858180433405282201e+02
4.038644164812843655e+02
1.732163827934622589e+02
1.870855803860863489e+02
1.841444537184674175e+02
1.870987140986208601e+02
4.417549545837522373e+02
1.823669818518175703e+02
2.000925456022537503e+02
2.920979181711580850e+02
3.826015557559787226e+02
3.061401591462012561e+02
1.980695291566750598e+02
4.799690180590529280e+02
2.894601812613872767e+02
4.188607482778214148e+02
3.622851198842366216e+01
1.896417530635997366e+02
3.935712239943540567e+02
3.968331797976919120e+02
4.124358690925270707e+02
4.182078156576385481e+02
1.760046569731043746e+02
4.557242048969112034e+02
1.810963522368040515e+02
4.008166709932585263e+02
1.531331475485931470e+01
4.409555288593763862e+02
3.070109900580497992e+02
3.113373118559807153e+02
1.806411759345685937e+02
4.570987669931547543e+02
1.773621010746209379e+02
4.158848973379487006e+02
3.786482682066661027e+02
1.908647476730705534e+02
3.081545244201518585e+02
1.897149832616622689e+02
4.619792335883896612e+02
4.494397303492739297e+02
2.849832289218113033e+02
2.187776204263965383e+02
6.550725661317096638e+01
4.990432028123665305e+02
1.863293728657672546e+02
3.124643324923302998e+02
3.015214739731372333e+02
6.738648215340343484e+01
4.818465174844475563e+00
3.094512429856857239e+02
3.910856214995317259e+02
3.203656277452516861e+02
2.921351860256951340e+02
3.457411199093245386e+02
3.082902671659770135e+02
2.947619947974324646e+02
3.523720016768999153e-01
2.910044327611989843e+02
3.936296007688690111e+02
3.002906500143785706e+02
3.118683168829732040e+02
4.776151791449495931e+02
2.283060337364407530e+02
1.138681801479770606e+01
3.129456367306516427e+02
3.070021666667809654e+02
4.837655298167461524e+02
4.844626489393343718e+02
4.961692845815953774e+02
4.835171166448844815e+02
4.359133760204688883e+02
2.952276678712227636e+02
4.666170687587011798e+02
1.911293983652455495e+02
4.369057604518741300e+02
3.283411490599426088e+02
3.085703822907587437e+02
5.038111195595219556e+02
4.466711270641067131e+02
3.016260117322951828e+02
3.021290753810385468e+02
1.379565108697105735e+01
4.276063685785518942e+02
4.077281301051468176e+02
4.004976673235014317e+01
9.149747188672833431e+01
8.220822880282788958e+01
3.108767041072190196e+01
5.336179426273880466e+01
7.039494045264016009e+00
4.095014153802922010e+02
3.452530693278972080e+02
4.189665403098802585e+02
5.187428599570432652e+01
3.267985513510387250e+02
3.205427008319402375e+02
1.862654557109075881e+02
4.497564788787288990e+02
4.309118533948990262e+02
3.108090114970807463e+02
4.240536009947732623e+02
2.467690787014058458e+02
4.241278033363498707e+02
3.018828511921566360e+02
1.817554577733670271e+02
1.786048423383758461e+02
1.905111138560947950e+02
2.943142421245161131e+02
4.155284870357325300e-01
3.967336491138098040e+02
3.076478417572470789e+02
3.019928270009527296e+02
4.343734795273072677e+02
2.975052509960664224e+02
8.812491956180949160e+00
1.549473006818490362e+01
2.144788171914428005e+02
4.224296768110246489e+02
4.017160399612164383e+02
1.826376355576154538e+02
3.775075632711989897e+02
4.391048392460248238e+02
1.725999670367556860e+02
4.040219229867249169e+02
1.860073021166404885e+02
1.461235650586610291e+01
3.061141658547414295e+02
4.214189432012552743e+02
3.047831632315089223e+02
4.532022350041003733e+02
1.711819100029665606e+02
3.069676814797438169e+02
3.158646994140020183e+02
4.695337419703819251e+02
4.476752237046423488e+01
3.003961680818828768e+02
3.420783377228213453e+02
3.765672423140696310e+02
3.108047333089672861e+02
6.317558903515813284e+01
2.461331493606033121e+02
3.013168997558943829e+01
1.199997222953327203e+01
6.155065260688683537e+01
1.143924754392744880e+01
3.322541629420809954e+02
1.662843280366584509e+01
1.800878787624181410e+00
1.401121733253397394e+01
2.955948748652620566e+02
5.627966854853358569e+01
3.067148025015015946e+02
4.915781894329347779e+01
2.892638301026692034e+02
2.959620224826987283e+02
3.316426549707342701e+02
3.743174811773811257e+02
1.992978104181537162e+02
1.972158675550620899e+02
3.079218230985432001e+02
3.052480214098814031e+02
4.481875557981355200e+02
3.095640847185061943e+02
3.034773844541753647e+02
2.999475087899152186e+02
2.114056963883523466e+01
4.040640677513570154e+02
3.094160165651491070e+02
2.987294696785135670e+02
3.911057367241120346e+02
4.491437980723711121e+02
3.931945402412125077e+02
4.284338845882097644e+02
1.867561131180534915e+02
7.760665851260857551e+01
4.703671553280583453e+02
8.196148015438662071e+01
1.956749551864552643e+02
3.069427954318005050e+02
5.013071235551624483e+01
3.238877315311104894e+02
4.230684374404948471e+02
2.301869954531005931e+02
4.184119783047988221e+02
4.129951322056556364e+02
3.155516599015633119e+02
2.943384715735234067e+02
4.482868157107142224e+02
3.014499656533121765e+02
3.142109852845518390e+02
3.521032242483819346e+02
3.310148679137229806e+02
2.792993641610763689e+02
4.520838648395179007e+02
2.885826217421406881e+01
3.009229439237341239e+02
1.055365821812433680e+01
1.961903923186617362e+02
1.588148171235142314e+01
2.518136366257305667e+02
4.639280369610421673e+01
3.069820917493211141e+02
3.188063805212539705e+02
3.811123911438626237e+02
9.815704324623149901e+00
3.176450537482652976e+02
6.277561841085586991e+01
7.354107358698807673e+01
1.041765056572915569e+02
2.433175591520212677e+01
3.712621831373444365e+02
3.530182320701312619e+02
2.907051782031414291e+02
3.762928962002666822e+02
7.994404015890521187e+00
6.388074224922048217e+01
7.479659575682892125e+01
3.186423131043678723e+02
5.029015595331893564e+02
3.654188584172645449e+01
1.877760431752921733e+01
6.280844166477513824e+01
2.907102036938302803e+01
4.422356140840427656e+02
4.360195594147568841e+02
7.982748295775110137e+01
3.358350821204678596e+02
6.812246099361325946e+01
6.515312243136968107e+01
2.914289512312091119e+02
2.899444274691674082e+02
3.139497711631281049e+02
3.542132094775678297e+01
3.032469050015101857e+02
9.418904363884484710e+00
3.250807645838726785e+02
3.772007443512527658e+01
1.223137521672155792e+01
3.036692570700358260e+02
1.649555291680127311e+01
2.707806402922527766e+01
3.670181993218881189e+01
4.032783197918734430e+01
3.054254947953536998e+02
6.066614394804422261e+01
8.524660518722824065e+01
6.437192047422716712e+01
1.122408575793753904e+01
3.481503903139084173e+02
2.924791127721690600e+02
1.364283498212843959e+01
4.590374770693723008e+02
2.693544310976645662e+01
1.789895149523913460e+02
1.913098300498587889e+02
6.878211784669222340e+00
3.205342790563455537e+02
2.873367147452302373e+00
3.423595249345868563e+00
2.768948689580490736e+02
4.642081944836734664e+01
2.232464605121717582e+01
2.560802578900049298e+02
4.055766178256311036e+02
2.806139479602490496e+02
2.996256645574524669e+02
8.331107686031451465e+01
5.587497428532955013e+01
4.619006445940922134e+01
2.107535259848653197e+01
2.870504737085290685e+02
6.136626299785478977e+01
1.123026295083595372e+01
1.620435164171812303e+01
6.525020413711091294e+01
3.230780923069285109e+02
4.394815827658083549e+02
1.553188378639550171e+00
4.952119924729440470e+01
2.951026870469825667e+02
3.374208809392725072e+01
3.328882292804140661e+02
2.815836689341588794e+02
4.573018258435320149e+02
1.840944759708577010e+02
1.626947435498891181e+01
3.405912675423734868e+02
4.705214841867212954e+02
1.998287113997462825e+02
3.127842607800682799e+02
4.394741995582377569e+01
3.009998813621318270e+00
2.000832321179342443e+01
4.564984984603606222e+02
2.138481837197767987e+01
3.319653004357065811e+02
3.678112353304164230e+02
3.997639626489055900e+02
3.116539986877826891e+02
4.384369076792409032e+02
3.901723345449287308e+02
4.510432963414490928e+02
2.007823676549229788e+02
1.889751482946674344e+02
1.953275853175334476e+02
1.959259021832960457e+02
4.144741138780598817e+02
1.811239188243600040e+02
4.222581681370099318e+02
4.598859016254770609e+02
2.636161922488969367e+02
2.864083366188169748e+02
2.819514192835293898e+02
2.904955971979857168e+02
1.989708409017182760e+02
2.846063957160659541e+01
5.971432141040939712e+01
4.788528427149224598e+01
2.978859819391479391e+02
4.510907820157864023e+01
1.182191205625649921e+01
6.855297368616265885e+01
5.817783357597520677e+01
3.920673618595412222e+02
3.910154366790731615e+02
3.107994461789003822e+02
1.839922884017115337e+02
3.137266702619290299e+02
3.091666352497650223e+02
3.057515774699179474e+02
2.954144898892828905e+02
1.929993603089990586e+02
4.589023116113459650e+02
4.250041347324678895e+02
3.044767535152886353e+02
3.256723217482154951e+02
1.773469515217909986e+01
2.911071440535820898e+02
2.400955404487995182e+01
2.298301416671662878e+01
3.413006552975153340e+02
4.151947240130774475e+01
2.888757455960230303e+01
4.250769781371219551e+02
7.316765058121522713e+01
6.168113854412307973e+01
4.447891787053931978e+01
3.168474176750370930e+02
8.412899141417547355e+01
5.271853516910208270e+01
3.896958023931660620e+01
1.106909981447943352e+02
6.882361068251228176e+01
3.706843684596391881e+02
4.219522273822129250e+02
4.549287006267531979e+02
4.460401804728903130e+01
4.927394041271100491e+02
3.320744953156892052e+02
3.387415919838116452e+01
4.951720724067939727e+02
3.680722654484365819e+01
3.154897161481105883e+01
3.085502884515578330e+02
4.065915691105321912e+02
7.616927049197860811e+01
3.377603694897092055e+02
1.185743553118756566e+01
7.186082080958615848e+01
3.822355416230408309e+01
8.886317672002629564e+00
4.833105130052256726e+01
3.372094402927695569e+02
1.906047288634228778e+02
3.725289592733015098e+01
2.083056618400062732e+01
4.719695572886887902e+01
5.864606058936848143e+01
6.368340377350011039e+01
5.028293928316033501e+00
6.260943850883798945e+01
3.527146489856933442e+01
8.891477593818642333e+01
1.908082678914725818e+02
5.286409647158367875e+01
3.186994928133786971e+02
2.395543798503496191e+01
2.430712714770724858e+01
6.781544200052776716e+01
5.337446647884436146e+01
4.309545238717119275e+01
7.279908603612371110e+01
6.780477419352939705e+01
4.006048457686898701e+02
2.984553880830284811e+02
1.146588353654009795e+00
5.592225161466524952e+01
4.992731238291756313e+01
5.192923469107741496e+00
2.507901227253701748e+01
5.294942483485803564e+01
9.144837720370925638e+01
1.090234084176541671e+02
4.200673255637001944e+02
3.020384086454491239e+02
3.514547872377903559e+02
3.373828107411634960e+02
3.328699579649444331e+02
3.269002575965736810e+02
3.040789587131432086e+02
1.831297924363501011e+02
3.056106881796648054e+02
4.652122945597562875e+02
1.823617572769053652e+02
3.077460806149024961e+02
1.983262778309193379e+02
4.033010819806937093e+02
1.795107291224577466e+02
1.946546619386739394e+02
2.870100369006994470e+02
3.153717846235875299e+02
3.024355741265566166e+02
1.729737297191880430e+02
1.868798804283332800e+02
1.704684994931517110e+02
4.694656486896411138e+02
2.943314355318822209e+02
4.402359287019752543e+01
6.361758178589038693e+00
3.269283814222551428e+02
3.080887084001217247e+01
1.074703149197295176e+02
7.185217745778547282e+01
4.651185231783237555e+02
1.904052070800602507e+02
1.831282400276630824e+02
2.086118530023495765e+01
7.072470405238291846e+00
5.553348660214835064e+01
2.344520883436096170e+01
3.380803628581161888e+02
9.255895177879263258e+01
5.489003094677407546e+01
1.874972487167355268e+02
4.520759983773776298e+02
5.920157276482915876e+01
3.507430758603347698e+01
2.873463531602460463e+01
3.053578163482347918e+02
2.476633807306777157e+01
5.092100097728514640e+01
1.233510164792293473e+01
2.659882626116133224e+02
2.002847411041943531e+02
4.356655475947177933e+02
1.970191519470444632e+02
3.246955377171469195e+02
4.605691251428705755e+02
1.729895950007130523e+02
2.084384108066449315e+01
4.404346712042880085e+02
3.182910488702995622e+02
4.970835194640901591e+02
3.880047306461368635e+02
1.908362199287219596e+02
4.701114260955365580e+02
3.284477492704958195e+02
4.991602555198856805e+01
3.201182702189693146e+02
5.755481295819908638e+01
3.875489355601935699e+02
3.205296574140455732e+02
2.558216125021754994e+00
4.437362606557774711e+02
4.666930522994564399e+02
4.860545708182283988e+02
2.826237376767668152e+01
4.498874982980162684e+01
3.277741273504231856e+01
1.296920497134666164e+02
8.507475090627774250e+01
2.680875314892856309e+01
1.602864378055783412e+00
1.894155158048449152e+02
2.929293610115940396e+02
4.619738614084699861e+02
4.498103612082841209e+02
1.734093786941389510e+02
1.928057092025480870e+02
1.936204326454581235e+02
3.224590864268662926e+02
4.434857237618161321e+02
4.422967266488670361e+02
3.719653056211806188e+02
4.437330346965007948e+02
1.885381110039542705e+02
1.963706907574548381e+02
4.560872546534608887e+02
3.135932295816782016e+02
4.413735609419381944e+02
3.103853392826582080e+02
8.639527082315153450e+01
3.386969454982778984e+02
1.903382430069865734e+02
1.026823685153020094e+01
4.927668224311193512e+02
3.186932336313037695e+02
2.131755751239107610e+01
3.220397873663259247e+02
1.468319490996560006e+01
5.006651650811591736e+01
7.532878416130850496e+01
6.388287228875872614e+01
1.962734924351616428e+02
1.854098410292242818e+02
5.298297953495696078e+01
1.201948387952453956e+01
2.310551110685424803e+01
1.200804747910442316e+01
2.996617217123232990e+02
4.220398191258729526e+01
6.749660167617975048e+01
1.318869056409966163e+02
4.848304999693285708e+02
3.836776338543583051e+02
4.656243787607274953e+02
6.394412580195792373e+01
4.179794794052384077e+01
4.513735812102265044e+01
7.485734976881259684e+01
4.889135487524845871e+02
1.533412714311125669e+01
5.497645268363628190e+01
3.807030712470624962e+02
1.856231636770805267e+02
4.342639034467929378e+02
1.772221465679552068e+02
3.016910767575661794e+02
6.048327042555867195e+01
3.724973195668266612e+02
4.127430557591436582e+02
4.758153767541566026e+02
3.070441180636720446e+02
3.866886655115687859e+02
4.635331481164271281e+02
1.906009689124387592e+02
4.946700679022678173e+02
4.390201333097612633e+02
1.995669317071449029e+02
1.751453766480045999e+02
4.161340438862072233e+02
3.150889109610050127e+02
2.374311481920531719e+02
3.693765228247170285e+02
1.777854611132508182e+02
1.871554447886977357e+02
1.985030947378360224e+02
4.687373480045414453e+02
3.160055439625629958e+01
4.306646312092394879e+01
8.694326877714530610e+01
2.419333162994202269e+01
3.020048127316835007e+02
1.831507468512148762e+02
7.649993524257247657e+01
3.381122096672101520e+02
1.041558912771465195e+01
4.593471407894248273e+02
3.002936216553126769e+02
2.996188554815143448e+02
4.017834541402988435e+01
4.337195417760170102e+01
2.573170437211080639e+02
1.738354334267806962e+02
2.241141789825130459e+01
1.501435420281432975e+01
5.656371302259945821e+01
1.946968005575088156e+01
5.519898219900817082e+00
1.078639850870589498e+02
9.275746475830127125e+00
7.579707358249896743e+01
6.073513137509836213e+01
1.850641566639749556e+02
4.203020714836120533e+02
1.939276431635481686e+02
1.867293763166869951e+02
1.831875488775753809e+02
1.974728976225255792e+02
4.591012444951790030e+02
3.144925324443943850e+02
1.031336749583725698e+01
7.863671731989299474e+00
3.133292852445561607e+02
1.800069475145557760e+02
3.248408865208516545e+02
1.664133890094193902e+01
1.842192289406187626e+02
1.280531960840457728e+01
8.155728781670235605e+01
8.636713568052844892e+01
8.801871128898238794e+01
1.421963534378704930e+00
4.266375100898886785e+02
8.975062208829400845e+01
6.264029537048982910e+00
7.325116262335479078e+00
3.743405521221002452e+00
1.277247837797154517e+02
2.732823194392481625e+01
1.036884214027089826e+02
3.549493808683353535e+01
1.255342283854878502e+02
1.764681874915066544e+02
3.858718022610428733e+01
4.535292767842700812e+01
1.055816207277260048e+02
6.227403119227120953e+01
6.945695002039074950e+01
3.402137253227949714e+02
3.452659608620675158e+01
2.740078450481507844e+01
3.391401053765455345e+02
5.810480135361508758e+01
9.305006405623942101e+00
4.492785432195633888e+01
4.912622307050157389e+01
8.487782137817674766e+00
3.080652154514768881e+02
3.301937903467246542e+02
6.763534143823794409e+01
9.535478670041190696e+01
3.817238506991847657e+01
1.851425216255838109e+02
4.782431990756946050e+01
5.761178364953453013e+01
1.091261287222067722e+01
8.814053074526536591e+01
4.883308636625953625e+01
4.321554321240789420e+01
1.900441329287389181e+01
3.581511063694834718e+01
3.311269083696541884e+02
4.567637096721495595e+02
3.831491334532074120e+02
4.526837454511225900e+01
3.052994567592245403e+02
3.633194829409197268e+01
4.884050186036588137e+00
9.537274367082825677e+01
3.324471823585779617e+01
2.594958292566868607e+01
8.302329402975514938e+01
1.803840222028116784e+02
4.746179233309371881e+01
8.768812416164772117e+01
2.227075645672815085e+01
2.733789218554442968e+01
8.316553857306982422e+01
3.516942945966232692e-01
6.566565150154494290e+01
7.235864372731647620e+01
6.636308081794176417e+01
1.918078004315103442e+02
1.281501417152403803e+02
3.019199541833628331e+01
1.218331131638384619e+02
4.689190363027535113e+01
7.718395398131896457e+01
6.995589712346514943e+00
1.295725034175346195e+02
1.724894553203379033e+01
4.266348835132500739e+01
1.972912745328959545e+02
4.414334518588761966e+02
4.462475200719047166e+02
3.312830074826572968e+01
9.769869266032468147e+01
9.330359500846033427e+01
1.069752208476683109e+02
3.300411569270948320e+01
6.137037226812277879e+01
8.970070453922477327e+01
4.249791012261158016e+02
3.880587527364474454e+02
2.995808625445934581e+02
3.435851345080835273e+01
4.771945269740719908e+01
3.138254810292780661e+01
1.119295096490489243e+02
1.146773677985556006e+01
1.763030700704813825e+01
4.121810076829260794e+01
1.956549149665920027e+02
1.526073421664692376e+01
1.915501863432674838e+02
4.201781682306343555e+02
1.844211316734364630e+02
1.842231986301546272e+02
7.497457554394561896e+01
5.454347536239951211e+01
2.308565563802440224e+01
9.553571023246240657e+01
3.913749331284111577e+02
1.947660136995963001e+02
3.714098808039519213e+02
3.985712255744160188e+02
1.842548416518575607e+02
4.360473105885598670e+02
1.960633947293996471e+02
1.905170211215106235e+02
1.820005655245908542e+02
3.294799278920095844e+02
3.812833388180922043e+02
1.713038607060326797e+02
4.330873442148368895e+02
1.896001911289743873e+02
3.033915725369463985e+02
7.121143325052995010e+01
6.852821453513031713e+01
5.594144567633251341e+01
1.853354129423224208e+02
8.211754274675058696e+00
3.430278498833418155e+01
1.261985810424423038e+00
3.457592860148378691e+02
5.383236793567635914e+01
9.924405573453657325e+01
3.271008449324907019e+02
7.084338928049233175e+01
1.097601353797901425e+02
3.399250403760294148e+02
7.262527090706753086e+01
1.318305667379655333e+01
7.671432173174602553e+01
8.580965934227455705e+01
2.648088924325526605e+01
5.514715784708574375e+00
9.240899366747153465e+01
7.799707831501368105e+01
4.364750444982306021e+01
4.403967729840101875e+00
3.023747721360930996e+01
4.456872884309367464e+02
4.237466210116816114e+02
4.558057555366972906e+02
5.238267981818892594e+01
8.948438100814465201e+01
1.166073671947241763e+02
4.497930162180228564e+01
9.764555381628079900e+00
5.548182427567358843e+01
5.489446535664747273e+01
1.774526128405674115e+02
8.176333815955020512e+00
4.436824838637937773e+02
1.845889824684959706e+02
2.993389525924778809e+02
3.454077642367529011e-01
1.772347890165616775e+02
3.347949684227855869e+02
2.282234219961091881e+01
3.513748916854418525e+01
3.802926252500743090e+02
4.441955957285219370e+02
7.880107698366588531e-01
1.763355021801742168e+02
3.111537125005133930e+02
1.926270751189904047e+02
1.763626654442007293e+02
1.937110186058487571e+01
3.231966093275333378e+02
2.991791322721121471e+00
3.114501911174428983e+02
1.794141405441937991e+02
2.939977615914032185e+02
3.066041429750156908e+02
4.672296965414317356e+02
7.380354628730810873e+01
2.229307754503859940e+01
4.207006685449403705e+01
1.809282644701542608e+02
9.083668720756078585e+01
3.954371216882789213e+02
1.607386147240791630e+01
6.000979863808957759e+01
1.059034843310057639e+01
1.165855665386879565e+02
2.060414664398674134e+01
7.909123776997401478e+01
9.980614222646447331e+01
4.552061766605888238e+01
6.026738300697254402e+01
1.872370024317888237e+02
4.698995476410020160e+02
3.301150961501540451e+02
7.037179895783179973e+01
7.340264163415355370e+01
3.391298490033226471e+02
3.286557965645060904e+02
7.072614051526646506e+01
3.024004953619612479e+02
1.771884393116086187e+02
3.110604317599919568e+02
7.607784146876783282e+00
7.761846928354198205e+00
5.644192986711834692e+01
1.925205623774809567e+02
3.474878471725853615e+02
1.254060932092001579e+01
4.455826484645012897e+01
1.026201563983102574e+02
3.489869949968926335e+02
4.277934569004045784e+02
1.890490567793687262e+02
7.883207028674467765e+00
4.426771826052888628e+02
1.889998212347007609e+02
1.882539229595354016e+02
1.247405734878942596e+01
2.993541027559908230e+02
3.372063469211209963e+02
1.257176118889482730e+01
4.384769254019524851e+02
1.751679443870194746e+02
1.766391457526193278e+02
4.001515799361861241e+02
1.823646363790679743e+02
4.009101428498511837e+02
8.777394889333403682e+01
4.929104634671741536e+01
7.942494262528865079e+01
1.139260730464219620e+02
4.193984321047404933e+02
4.462132847364609347e+02
1.731057510770449994e+02
1.879495514283533453e+02
1.965233720265308932e+02
1.905010246541793606e+02
1.734191566254269787e+02
4.383329199668382898e+02
1.765861835927877621e+02
1.548063258933976982e+01
4.303139768738885778e+02
3.775131721181287503e+02
2.944130305359142312e+02
1.751995514450125597e+02
4.718150769351980216e+02
3.975267367768972235e+02
3.831728343951150464e+02
1.846222379632668265e+02
4.092295412524405265e+02
3.127522115193901868e+02
4.532483050093576367e+02
4.262170032973190814e+02
1.864683462066772677e+02
4.368940906346939528e+02
3.095870296473036092e+02
1.875410993694761146e+02
3.031055286267541078e+02
1.891870733587189761e+02
1.741964238625352550e+02
2.342330181236777520e+01
1.973764793229441352e+02
1.916555320131445797e+02
5.584237225304585550e+00
1.892085261123435487e+02
2.929079656070535620e+01
8.324041209245912398e+01
4.227432310309212227e+01
6.168010825044297718e+01
5.518079828983636048e+01
7.303869228776530065e+01
4.514703452199836988e+02
1.821683470778479261e+02
7.591359820925298152e+01
4.510524106717531936e+02
5.947063227797303853e+01
1.401411304895007781e+01
3.558898391478209078e+01
2.448695323772116339e+01
2.612905551190940656e+01
3.162102440774459637e+02
1.864457857374270588e+02
3.091242118122228817e+02
4.797000323655538523e+02
1.832405267478996791e+02
2.133250125567066746e+01
3.385537970486104768e+02
3.656503441706608015e+00
2.205465847869073670e+01
5.679233985896354397e+01
1.055239239252621708e+01
1.989632542574975673e+02
4.810378647612160421e+02
4.388160402772217026e+02
1.933485600524957704e+02
1.827187688236368501e+02
2.946416422010412361e+01
3.148051379512140535e+00
7.129492322583179664e+00
7.570302909403935132e+01
3.801532124319760442e+01
1.930149470982497348e+02
1.879638917509402347e+02
1.843799286762240968e+02
4.888251696786018385e+01
5.422990523518717509e+01
4.557308612890926725e+02
1.880116431689864100e+02
3.890406703065954819e+00
3.168191464860055362e+02
1.281637533290732323e-01
4.634203527278507977e+02
1.904888616828733632e+02
1.779661415863403704e+02
1.792250338970555958e+02
2.465757962305287876e+01
4.435503934796312251e+02
3.004770307196902195e+02
2.977743054641767344e+02
4.202968160976661807e+02
2.697002791250623233e+01
2.989311088284520110e+02
1.920321388933496962e+02
1.970906447214985349e+02
1.939231413015080818e+02
1.974089278355074555e+02
4.592048773273265851e+02
1.875538067023104247e+02
2.334244398885578846e+02
1.949136628306982288e+02
1.775918083467454380e+02
3.809583851297996944e+02
3.811689164374355414e+02
1.840002025874239848e+02
1.821631450079339345e+02
1.747184651128751796e+02
3.051848000059346759e+02
7.832908838067820056e+01
3.050051181857239158e+02
3.019604921880185771e+02
4.693061957918219917e+01
5.814966786747223892e+01
1.204392298391351517e+02
7.755691627261461463e+01
1.036106461382162820e+02
7.907120470935315382e+01
6.001796325356281869e+01
6.005610885316858827e+01
2.332612956116196301e+01
2.695136855582741475e+01
3.064410631863379564e+01
3.960116256563304660e+01
8.556387169337789089e+01
7.307132850300408222e+01
9.997411350599949742e+01
6.326198800640867148e+01
8.023130472799753932e+01
5.958362071810227434e+01
7.845664119807211989e+01
7.796932700221510970e+01
6.549117013576972113e+01
4.564991262998107118e+02
4.334296729463216593e+02
1.630610021855589764e+01
9.337611400509236148e+01
4.338869431909204621e+01
3.578886900876126731e+01
8.386240744317035478e+01
8.349169876264410561e+01
3.985240973326796876e+01
7.281662277809761008e+01
1.990665795032813046e+00
4.178737468094845298e+01
5.032924683479013339e+00
6.917280253641910903e+00
3.382826914372669762e+02
1.176650104599663432e-01
8.319153391678359100e+00
9.483624857697927268e+01
6.292363893198352542e+01
6.423908199791875973e+01
4.420758653139475882e+02
4.684738816676676834e+02
9.854796222623872382e+01
4.353536036474118021e+01
7.784612366990899091e+01
1.197009873155466835e+02
5.090137034729631083e+00
7.787414757931188092e+01
1.828313035409328222e+02
6.393253360567648924e-01
1.956393375087972402e+02
4.415136383640849544e+02
4.037084281599992437e+02
2.964283216871037130e+00
1.747514558182985240e+02
1.771526388913383130e+02
1.511532836985306893e+01
2.241312979498624358e+01
3.440640263690961547e+02
5.009257504673973926e+01
1.931841342496163065e+02
3.196165846151200185e+01
1.860654227709407849e+02
7.160353042064958595e-01
7.039842874195105082e+01
6.584623661476794609e+01
2.622640282636845654e+01
1.153710177938035457e+02
1.238783239859636467e+02
4.956601310548987271e+01
1.964755583646367540e+02
1.753774427492353709e+02
1.797959945266441935e+02
6.511325126303202637e+01
3.090366956073304916e+00
6.666152908773236163e+01
1.996886998519379341e+00
5.554828136659737226e+01
9.807292006696945563e+00
3.769200806229132894e+01
8.857999794395446713e+00
4.264725473617761509e+02
4.426043477778593456e+02
1.795068991547787505e+02
4.178676071203942683e+02
1.831630584327484996e+02
1.694146093141655030e+01
3.032231547414672832e+02
3.073245283358178312e+02
1.893270416927626059e+02
2.502777817014051820e+01
1.396464700234809619e+01
1.896461265687327398e+02
3.000185925556244229e+02
1.801805922130035924e+02
5.512431162670634421e+01
1.857577579469425189e+02
1.869629200775166282e+02
1.913623797986653230e+01
8.001339165063185987e+01
