0.000000000000000000e+00
0.000000000000000000e+00
0.000000000000000000e+00
0.000000000000000000e+00
0.000000000000000000e+00
0.000000000000000000e+00
0.000000000000000000e+00
0.000000000000000000e+00
0.000000000000000000e+00
0.000000000000000000e+00
0.000000000000000000e+00
0.000000000000000000e+00
0.000000000000000000e+00
0.000000000000000000e+00
0.000000000000000000e+00
0.000000000000000000e+00
0.000000000000000000e+00
0.000000000000000000e+00
0.000000000000000000e+00
0.000000000000000000e+00
0.000000000000000000e+00
0.000000000000000000e+00
0.000000000000000000e+00
0.000000000000000000e+00
0.000000000000000000e+00
0.000000000000000000e+00
0.000000000000000000e+00
0.000000000000000000e+00
0.000000000000000000e+00
0.000000000000000000e+00
4.851131611114418152e-01
2.823253896940173813e-01
4.404371949039330159e-01
4.837108302471874177e-01
4.988503759962941153e-01
4.710890994941708820e-01
4.902081333331796409e-01
4.634021300130500287e-01
4.722568334233529508e-01
2.514336513109710625e-01
4.995121849228252309e-01
2.957413563735326045e-01
2.244722353425707140e-01
4.954104470108328107e-01
4.872422467824419345e-01
3.634094070477057459e-01
4.730446918444334847e-01
4.656988749682925421e-01
4.359074864035750174e-01
2.107382795561648092e-01
4.822284822321422637e-01
2.058311528131901713e-01
4.933520154029008564e-01
4.943299813768519124e-01
4.398807820844836125e-01
3.003150165294590224e-01
4.898013066423639872e-01
2.853946234166803153e-01
4.786838333870198636e-01
4.702960835520317295e-01
4.669517464495810399e-01
4.963186671123135385e-01
4.952452252282163458e-01
4.842366066935753777e-01
4.869019009091522521e-01
4.746672482476287369e-01
4.737010126660944342e-01
4.889101298048785793e-01
4.878856948828125817e-01
4.920290665093459137e-01
1.325448827219831704e-01
3.453439498710895728e-01
4.759474439582501715e-01
4.930296663831338355e-01
4.912770418439182940e-01
4.768530078271226991e-01
4.886372612425958217e-01
4.951219043358845440e-01
4.959122980550408899e-01
3.091296547545863138e-01
4.888080670797300131e-01
4.632197539395455643e-01
4.871500161730244471e-01
4.731160313333386269e-01
4.642394592615015636e-01
4.695940349866644103e-01
4.832838184170395457e-01
4.807264817005449942e-01
4.758343492168823907e-01
4.808246063342012655e-01
4.787736154481406770e-01
4.863177957760474457e-01
4.963851522743527034e-01
4.985176997870274795e-01
4.959315368840470084e-01
4.711944611785724990e-01
4.931957385975241914e-01
4.903607181840982654e-01
4.721351020233172657e-01
4.696275517739464944e-01
4.604430474560490816e-01
4.935110515006614351e-01
4.967534783204827220e-01
3.215551455332383846e-01
4.746545773561838821e-01
3.705151679503758677e-01
4.629457838717191409e-01
4.952614389613995138e-01
4.382727823584384175e-01
4.877796342942893881e-01
4.672373460280668245e-01
4.674367237422989430e-01
4.931215498069360104e-01
4.798455064369089307e-01
4.984677654031851590e-01
4.935116753883987961e-01
3.972098039013914339e-01
4.716177817837340358e-01
4.660689075069556209e-01
3.466684025148705772e-01
4.952703974225445283e-01
4.870333962879513368e-01
4.658968703215904394e-01
4.946476945499999611e-01
4.764036835219816468e-01
3.984011210195759767e-01
4.865014168908168846e-01
4.854553160350751906e-01
4.904361319363319538e-01
4.826120055776356166e-01
3.936559521570894282e-01
4.965530128714873426e-01
4.939124905455447023e-01
4.989630801216288214e-01
4.739806722524160798e-01
4.948841390619686531e-01
4.924762086573196140e-01
4.849974423899856557e-01
4.892754091016485729e-01
4.738740724133330140e-01
4.980015619667954585e-01
3.206704042040837699e-01
4.661616835335002373e-01
4.859331836402354665e-01
4.764228368726605156e-01
4.901025448435364917e-01
4.899110566885438445e-01
4.715756051318846787e-01
4.907499516125326533e-01
4.849296996273241844e-01
4.906458399396839698e-01
4.994403701004261342e-01
4.765970001613207829e-01
4.683460012572716602e-01
4.693212441715973182e-01
4.842218904428270965e-01
3.887942267671975483e-01
4.837822645851547754e-01
4.990078717156877230e-01
4.937265645754053134e-01
4.989861643658400348e-01
4.674196249788628577e-01
4.821657689166134464e-01
4.629037364922659603e-01
4.679170216476828958e-01
4.912577868733196684e-01
4.817432935957886575e-01
4.827573904943376903e-01
4.874506567831076165e-01
4.825652907613292575e-01
4.986698631269615989e-01
4.884736934806192532e-01
4.939052133174116066e-01
4.923854702002716244e-01
4.890217902316893461e-01
4.944755194358181893e-01
4.811575165243059393e-01
4.673376877652701267e-01
4.923644751043395051e-01
4.989193648638516887e-01
4.811403849041526737e-01
4.907281301732249190e-01
4.829068789540211792e-01
4.654291309318154268e-01
4.917366681993506350e-01
4.776681078701457972e-01
4.931663623208680791e-01
4.900094460421368092e-01
4.906417652783839345e-01
4.969323415573919100e-01
4.853212217453471422e-01
4.812781202529402558e-01
4.960488407150663304e-01
4.881172773325355152e-01
4.821960242160575616e-01
4.627102566261009908e-01
4.949336236578047998e-01
4.768480329390986094e-01
4.940185965050608585e-01
4.714869323681510349e-01
4.981434006077722354e-01
4.780976807543390050e-01
4.788172724298399574e-01
4.826471709375712016e-01
4.978342581077219164e-01
4.805896104156254234e-01
4.813603649037426768e-01
4.628254720774143127e-01
4.778586458232826906e-01
4.889265773392221237e-01
4.992172793406004505e-01
4.398882881914676912e-01
4.956793971712660229e-01
4.785135399951009894e-01
4.669085261990588709e-01
4.912094025576023704e-01
4.874410760743709270e-01
4.595990596569034525e-01
4.701937926180554950e-01
4.663718111336572214e-01
4.750287502837224340e-01
4.823296079598761721e-01
4.976011795963118933e-01
4.837361562004338644e-01
4.787895140491218449e-01
4.817207477818831740e-01
4.954962544606569264e-01
4.868934573142466027e-01
4.868918317344521629e-01
4.845295960409425340e-01
4.695224956137412642e-01
4.817069587424635535e-01
4.792459976535202726e-01
4.603152481497820303e-01
4.990700306313574641e-01
4.871284105190454849e-01
4.804310080446134723e-01
4.892558747699508603e-01
4.980551976845357665e-01
4.694655823903746139e-01
4.620863624114796009e-01
4.646536782977640501e-01
4.765799568088858185e-01
4.836751783119344617e-01
4.984207962391227764e-01
4.744808824887161158e-01
4.792055973513918987e-01
4.947139400042657176e-01
4.921419434799875203e-01
4.928478067161543574e-01
4.973972747275526851e-01
4.786537322848851694e-01
4.629073427704955557e-01
4.985997774076239009e-01
4.941718509731993225e-01
4.680606012494996082e-01
4.907239308826756852e-01
4.955550756421817638e-01
4.859007238355065872e-01
4.963200074399393702e-01
3.133686463456344384e-01
4.849798183265868201e-01
4.996942081660321611e-01
4.934683208834169665e-01
4.877639531882642654e-01
4.943330147038182965e-01
4.965315712911184121e-01
4.997479589842083181e-01
4.587075036527613614e-01
4.994748385243181210e-01
4.975750283888699110e-01
4.834382653332504054e-01
4.650395583904788355e-01
4.683696433920225832e-01
4.697804195970973762e-01
4.925090786233593532e-01
4.610681015950954253e-01
4.955041700243968950e-01
4.723265688769843207e-01
4.571030211440330615e-01
4.837776416983433081e-01
4.673044614992283297e-01
4.994243996094663851e-01
4.897990208357446140e-01
4.574305636133570996e-01
4.923052313443496142e-01
4.870524528283047827e-01
4.686804994017911286e-01
4.851565325273579643e-01
4.835381658351670109e-01
4.824042177770570539e-01
4.758194321569349516e-01
4.897321077253294908e-01
4.765652295243949510e-01
4.974176674765963257e-01
4.754581049594471254e-01
4.845341046330873258e-01
4.809204937782902700e-01
4.639962673722966002e-01
4.784297402841036218e-01
4.870178169148579039e-01
4.936136834677505858e-01
4.925340875382295813e-01
4.836105183427509835e-01
4.739180229906068686e-01
4.945185441576541718e-01
4.917307279561418665e-01
4.834217225600394574e-01
4.850397354384504145e-01
4.773949201188402158e-01
4.814822045963277342e-01
4.848919429022156558e-01
4.629840321498446820e-01
4.908883728957735837e-01
4.855324130106953850e-01
4.790937079826321776e-01
4.900276132250985239e-01
4.979617250699331366e-01
4.723786874345959896e-01
4.869007238355065881e-01
4.993954622520591080e-01
4.876008527603084008e-01
4.971691907111474018e-01
4.988123298385722104e-01
4.892825404138618772e-01
4.608970989177609834e-01
4.759573927696000295e-01
4.999688580902826862e-01
4.885917687219938910e-01
4.650749713582582046e-01
4.887381549551238491e-01
4.867096017729062862e-01
4.802636244926845599e-01
4.773351475707702796e-01
4.921035094865982007e-01
4.846140076545341069e-01
4.711147624128493860e-01
4.902988709322534944e-01
4.957272445287704832e-01
4.129368976325246132e-01
4.754375275256011446e-01
4.828932136061682145e-01
4.713177618169285821e-01
4.909127770400111834e-01
4.777742482512358224e-01
4.592436998316483110e-01
4.775379789811790010e-01
4.772784650109593851e-01
4.691882444570693034e-01
4.995843227461769787e-01
4.834898366775070011e-01
4.997576557226567351e-01
4.795702437282030051e-01
4.908550482194675157e-01
4.671128865282167530e-01
4.628512352137487684e-01
4.664508914396731654e-01
4.759609924367151912e-01
4.863310716536604073e-01
4.861488353921001870e-01
4.930700832254519272e-01
4.879782885261682024e-01
4.787045435867033349e-01
4.822849857500717263e-01
4.864378114367945427e-01
4.992263838323984793e-01
4.574341499335060623e-01
4.620817726104854417e-01
4.883639222881133723e-01
4.646696360843597384e-01
4.971893945969406148e-01
4.858615811100631121e-01
4.981451285105951698e-01
4.648665221725229446e-01
4.618180250741017456e-01
4.653542712538851767e-01
4.902749738862168805e-01
4.864666758044282613e-01
4.872045020816782035e-01
4.743897449621936602e-01
4.690576195695863593e-01
4.872984377766152453e-01
4.956030290196066224e-01
4.584798431381501005e-01
4.771229424708434141e-01
4.966020102014250259e-01
4.800224478002882433e-01
4.951624321132356288e-01
4.652095325725028596e-01
4.996328907714341350e-01
4.964931047123568586e-01
4.869352407641851510e-01
4.965170804307736940e-01
4.806773323530905140e-01
4.951563556753785234e-01
4.538963849747123525e-01
4.734243134514079521e-01
4.972081174323244035e-01
4.742670765176357217e-01
4.983893429536767616e-01
4.936217935488250719e-01
4.657349014238010287e-01
4.760197582063853683e-01
4.626101242739645292e-01
4.893730355154518596e-01
4.778104324691732074e-01
4.700951460723445385e-01
4.684127091349746808e-01
4.724459539111611761e-01
4.707977547482689040e-01
4.788549191515621972e-01
4.952537743868489772e-01
4.921553483801740514e-01
4.906017958105600152e-01
4.979852883650286999e-01
4.681897265995765833e-01
4.857028321419149530e-01
4.661170273090632921e-01
4.779221759253461932e-01
4.869007238355065881e-01
4.929134800222099155e-01
4.760873627030298150e-01
4.842081441662279828e-01
4.991988913217155210e-01
4.848011509213333015e-01
4.826469314144070100e-01
4.869007238355065881e-01
4.939586191506367685e-01
4.899621772869983127e-01
4.999624712121779058e-01
4.758549230647489692e-01
4.792966787103403181e-01
4.912422568712875304e-01
4.680939393505137436e-01
4.780313301643344670e-01
4.592987901652017535e-01
4.939736538647258590e-01
4.770050595077836020e-01
4.696051979274954991e-01
4.855460561205408587e-01
4.764478121915877162e-01
4.733637148478949674e-01
4.827394404640527048e-01
4.853393691883692851e-01
4.761404349891097953e-01
4.559903299449218350e-01
4.965535997216009578e-01
4.808028456395909700e-01
4.857203265643651457e-01
4.999923754413442278e-01
4.697519914726077661e-01
4.692327779485442329e-01
4.748545633351807793e-01
4.985845182803341769e-01
4.580984825370716940e-01
4.865818414592523733e-01
4.876306211592378870e-01
4.888244728491476510e-01
4.564388138752231705e-01
4.992060593199605933e-01
4.640485317148526079e-01
4.964566476525033023e-01
4.924221749388998370e-01
4.670377490684635147e-01
4.802189914280311500e-01
4.937287313546255274e-01
4.673628641573808751e-01
4.869013153647308023e-01
4.922334397954762908e-01
4.983596194906919075e-01
4.830609613742869457e-01
4.713258436939052887e-01
4.950749348058748334e-01
4.808194001990284683e-01
4.608160008447879097e-01
4.858957243050870400e-01
4.809566726983526275e-01
4.796731152427937128e-01
4.869007238355065881e-01
4.788817537506568356e-01
4.781492621927627140e-01
4.608861388874525011e-01
4.845969505529904020e-01
4.693962833539244150e-01
4.714869323681510349e-01
4.969457200099203220e-01
4.822148690326220066e-01
4.684479795749279529e-01
4.788403529228207334e-01
4.833705351405421791e-01
4.933459292890183812e-01
4.908673033834838328e-01
4.796208129006718224e-01
4.991665287017347241e-01
4.825316640464833995e-01
4.869007238355065881e-01
4.869007238355065881e-01
4.738740351075588775e-01
4.869007238355065881e-01
4.763836167284112855e-01
4.597731550640141163e-01
4.614100518132118744e-01
4.869007238355065881e-01
4.708578246033199299e-01
4.727645418134531208e-01
4.662451995492169488e-01
4.976495022253404343e-01
4.944126892125333406e-01
4.977959819300047939e-01
4.907934433779843064e-01
4.795654686915561959e-01
4.698602376013528703e-01
4.930030379492705284e-01
4.687547946353474160e-01
4.810285543819701748e-01
4.734032257326967752e-01
4.922658110195823333e-01
4.929591103718327649e-01
4.800785827190270361e-01
4.608160008447879097e-01
4.781401583724064763e-01
4.820776077291059059e-01
4.879691191834118480e-01
4.708854920752456596e-01
4.726743242212143592e-01
4.865223629528060423e-01
4.869007238355065881e-01
4.678450689147780617e-01
4.869007238355065881e-01
4.953774987038774280e-01
4.952900181288178438e-01
4.770248127329842491e-01
4.615079633247642921e-01
4.600766486009262857e-01
4.678735328007879168e-01
4.913283376449001927e-01
4.681128865282167539e-01
4.895940833932707070e-01
4.779124158596833594e-01
4.957645417260311826e-01
4.983948719496690827e-01
4.869007238355065881e-01
4.853087627198497955e-01
4.907651238020571682e-01
4.866798636830712566e-01
4.912970211452284963e-01
4.805025213537374995e-01
4.957895475315413636e-01
4.679369242798068762e-01
4.964153350394828745e-01
4.750414845362098126e-01
4.763195516884638492e-01
4.879669557508756195e-01
4.869007238355065881e-01
4.816676721204981027e-01
4.594516593070356314e-01
4.971164856661071108e-01
4.918299639200686690e-01
4.893198620929466447e-01
4.957881773552546001e-01
4.647743957105163193e-01
4.682544443699766523e-01
4.837006232122065263e-01
4.929294233098882039e-01
4.597394506909852074e-01
4.857625630960276664e-01
4.929935534775536921e-01
4.605917529613095529e-01
4.655863410898912758e-01
4.910883188458587956e-01
4.869007238355065881e-01
4.868400859630120370e-01
4.678735328007879168e-01
4.808441175678245250e-01
4.960590683178319749e-01
4.808137127134685107e-01
4.906824650958580003e-01
4.922474689249285995e-01
4.869007238355065881e-01
4.869007238355065881e-01
4.869109206037541271e-01
4.883937030262610612e-01
4.950767661953904275e-01
4.688381253653490788e-01
4.880734977894118365e-01
4.899811283368436521e-01
4.879136391912836657e-01
4.822515121199769661e-01
4.761212491489424936e-01
4.811536624954764196e-01
4.809739190684338972e-01
4.869007238355065881e-01
4.945368249636097890e-01
4.884105073630822802e-01
4.869007238355065881e-01
4.811642346134615278e-01
4.843641887053426465e-01
4.800958007690761531e-01
4.631242271608708161e-01
4.630608034104033988e-01
4.869007238355065881e-01
4.671886981439453135e-01
4.681128865282167539e-01
4.856374366581326374e-01
4.978630437952801246e-01
4.971723467821309583e-01
4.843939463929078926e-01
4.705603333835959301e-01
4.993682542887948883e-01
4.960541922187898800e-01
4.869007238355065881e-01
4.594551281443841617e-01
4.979314215122790932e-01
4.835181639195013648e-01
4.836736761575947674e-01
4.869007238355065881e-01
4.869007238355065881e-01
4.869007238355065881e-01
4.952676623153234314e-01
4.577666748247559148e-01
4.869007238355065881e-01
4.908311643514235434e-01
4.873483911484311482e-01
4.717349727082010280e-01
4.995358719915222734e-01
4.869007238355065881e-01
4.590662965792122741e-01
4.973860244694623400e-01
4.592920904628019496e-01
4.965046628401110218e-01
4.690024628121569061e-01
4.977339072158283306e-01
4.887319988993738540e-01
4.829782874482471122e-01
4.564240561887303316e-01
4.869007238355065881e-01
4.814189493940249087e-01
4.869007238355065881e-01
4.869007238355065881e-01
4.869007238355065881e-01
4.820139457685874707e-01
4.869007238355065881e-01
4.904313165257293550e-01
4.857993120782717611e-01
4.871912884958832790e-01
4.808441175678245250e-01
4.869007238355065881e-01
4.940205396476070043e-01
4.869758620965836116e-01
4.605614589699542072e-01
4.653542712538851767e-01
4.933986513316819811e-01
4.914237815815574173e-01
4.869007238355065881e-01
4.749710577850325688e-01
4.706117686661879795e-01
4.869007238355065881e-01
4.872226071447485207e-01
4.977933985635952796e-01
4.977120694727369399e-01
4.932297314185625781e-01
4.930730881074197880e-01
4.956121317996662889e-01
4.623472496733858628e-01
4.949480299908489145e-01
4.972546002081076888e-01
4.599659152292748243e-01
4.896432226170545632e-01
4.776998995014509752e-01
4.958032157540735452e-01
4.962201859619367328e-01
4.572969012899914532e-01
4.877467263612287884e-01
4.639046228851560483e-01
4.822068289758255633e-01
4.757189814077003587e-01
4.606264782121908263e-01
4.869007238355065881e-01
4.973173880428710669e-01
4.966287511201964433e-01
4.658571593571758651e-01
4.659629731029082955e-01
4.869007238355065881e-01
4.869007238355065881e-01
4.650938810261143197e-01
4.869007238355065881e-01
4.711147624128493860e-01
4.799696622067174956e-01
4.869007238355065881e-01
4.798725972971946696e-01
4.819956022182880218e-01
4.869007238355065881e-01
4.852369613946155291e-01
4.780116057696999765e-01
4.744591626075072566e-01
4.869007238355065881e-01
4.931614008117083392e-01
4.756614251440003382e-01
4.949795478652874170e-01
4.869007238355065881e-01
4.869007238355065881e-01
4.869007238355065881e-01
4.722527562483602170e-01
4.965008551325717501e-01
4.869007238355065881e-01
4.550729216578942582e-01
4.869007238355065881e-01
4.869007238355065881e-01
4.869007238355065881e-01
4.980982790977906971e-01
4.952404136740107266e-01
4.698765163988679605e-01
4.819466491741509762e-01
4.920432385360620775e-01
4.985401026877153141e-01
4.869007238355065881e-01
4.684258330885656685e-01
4.591318308570790374e-01
4.815114950669524552e-01
4.524984097127414673e-01
4.949280711187762360e-01
4.869007238355065881e-01
4.732619811759838369e-01
4.645802281969522163e-01
4.768192044971105714e-01
4.684127091349746808e-01
4.692327779485442329e-01
4.869007238355065881e-01
4.869007238355065881e-01
4.869007238355065881e-01
4.787634705127079005e-01
4.808356949854424300e-01
4.869007238355065881e-01
4.869007238355065881e-01
4.869007238355065881e-01
4.869007238355065881e-01
4.840430858260825753e-01
4.594626258194661750e-01
4.869007238355065881e-01
4.917431752849262816e-01
4.956297066316983080e-01
4.857274930974341820e-01
4.984459419727528817e-01
4.793592415957344532e-01
4.869007238355065881e-01
4.807310102538614460e-01
4.936064436864064930e-01
4.869007238355065881e-01
4.975573759349082303e-01
4.984701432552112177e-01
4.762674684745768494e-01
4.869007238355065881e-01
4.869007238355065881e-01
4.869007238355065881e-01
4.950339016312751417e-01
4.706587573950853365e-01
4.893880881988403320e-01
4.763240064856275602e-01
4.790830928742806916e-01
4.869007238355065881e-01
4.869007238355065881e-01
4.824284349868804833e-01
4.869007238355065881e-01
4.919440960882575098e-01
4.929635296622684182e-01
4.895512968748539362e-01
4.710713001295508962e-01
4.869007238355065881e-01
4.660421380858584262e-01
4.869007238355065881e-01
4.869007238355065881e-01
4.941500971054638147e-01
4.829096367144444235e-01
4.598481844488713222e-01
4.947463158123425186e-01
4.869007238355065881e-01
4.705603333835959301e-01
4.669156036200161064e-01
4.994922405468222859e-01
4.993859941387836510e-01
4.972617850199848588e-01
4.893351017669310687e-01
4.919895817508012081e-01
4.864072550803202888e-01
4.869007238355065881e-01
4.869007238355065881e-01
4.907498963545339210e-01
4.533606617463274979e-01
4.869007238355065881e-01
4.869007238355065881e-01
4.856513613753821179e-01
4.719838167738982238e-01
4.851446583461347384e-01
4.869007238355065881e-01
4.908982179530473333e-01
4.956520156613842265e-01
4.635134342466745161e-01
4.953393298756880170e-01
4.957645417260311826e-01
4.869007238355065881e-01
4.891992378371475825e-01
4.724876906865859705e-01
4.869007238355065881e-01
4.872571809869036819e-01
4.951820338698286750e-01
4.869007238355065881e-01
4.930046323037348133e-01
4.762959656674043973e-01
4.869007238355065881e-01
4.869007238355065881e-01
4.687547946353474160e-01
4.726935438288604741e-01
4.966854690641375192e-01
4.596359272561829634e-01
4.722605670851791615e-01
4.869007238355065881e-01
4.765322373968338687e-01
4.815215658117810160e-01
4.869007238355065881e-01
4.888685831030875062e-01
4.996222967809909599e-01
4.531915233031167389e-01
4.956192650852566661e-01
4.869007238355065881e-01
4.849007238355065863e-01
4.777870431057947842e-01
4.946335626655460338e-01
4.634458583764866080e-01
4.658858243569639068e-01
4.869007238355065881e-01
4.571941041206302181e-01
4.827168476245805584e-01
4.869007238355065881e-01
4.830995806320383390e-01
4.801903704473722834e-01
4.540750186688046752e-01
4.869007238355065881e-01
4.869007238355065881e-01
4.899556158056719846e-01
4.867383944011023922e-01
4.713217897669027545e-01
4.865462520371850452e-01
4.790042663099652875e-01
4.869007238355065881e-01
4.869955453120443645e-01
4.738439600612977531e-01
4.766556238644705790e-01
4.869007238355065881e-01
4.960305615460952056e-01
4.723737638345206769e-01
4.806910586016188702e-01
4.730257901609962179e-01
4.869007238355065881e-01
4.990995932090022680e-01
4.817508696127775214e-01
4.869007238355065881e-01
4.993716402423865608e-01
4.943207959698318055e-01
4.869007238355065881e-01
4.869007238355065881e-01
4.869007238355065881e-01
4.678024055465878073e-01
4.599038248138196394e-01
4.869007238355065881e-01
4.924780211547755693e-01
4.869007238355065881e-01
4.823899992524043889e-01
4.766512860136364882e-01
4.973860244694623400e-01
4.721821943455887793e-01
4.626493225517780972e-01
4.625126142227628523e-01
4.883481193473421800e-01
4.775227686198145194e-01
4.869007238355065881e-01
4.779359564672470140e-01
4.719980181330426516e-01
4.869007238355065881e-01
4.708086191151420463e-01
4.706965816374498734e-01
4.841252507687728301e-01
4.983322186523285735e-01
4.861016197465885536e-01
4.869007238355065881e-01
4.541714210792940354e-01
4.694989574245413411e-01
4.760502048490826699e-01
4.869007238355065881e-01
4.869007238355065881e-01
4.869007238355065881e-01
4.869007238355065881e-01
4.824259718705080080e-01
4.817683523528357714e-01
4.602557527527805781e-01
4.923061680728715861e-01
4.642851662145345282e-01
4.916158721461774128e-01
4.911638181584261909e-01
4.874095348454398069e-01
4.744591626075072566e-01
4.626353614747228948e-01
4.981832456519852403e-01
4.874044302829377839e-01
4.909038231465494562e-01
4.951372497563530928e-01
4.938085292675453153e-01
4.878837353997906856e-01
4.876227265512149689e-01
4.696280979239762510e-01
4.869007238355065881e-01
4.738439600612977531e-01
4.638212152340148720e-01
4.672197001878559686e-01
4.849942795307495835e-01
4.916485410323725436e-01
4.903131104970177567e-01
4.997808422308497311e-01
4.770056391492315528e-01
4.920963451136489697e-01
4.711790753986340730e-01
4.869007238355065881e-01
4.671230737172011871e-01
4.869007238355065881e-01
4.869007238355065881e-01
4.950643417987217187e-01
4.985274317110236497e-01
4.869007238355065881e-01
4.787061753410549736e-01
4.869007238355065881e-01
4.638918963727547418e-01
4.924516816827210763e-01
4.811350736204283995e-01
4.602997900272006171e-01
4.869007238355065881e-01
4.870605086740673051e-01
4.841557632969010205e-01
4.645474547290637801e-01
4.682248000306528657e-01
4.869007238355065881e-01
4.877328141796216099e-01
4.869007238355065881e-01
4.685308662343694031e-01
4.869007238355065881e-01
4.961544950975700363e-01
4.979349587064250127e-01
4.936717885717459842e-01
4.948524964411006866e-01
4.925582272249635629e-01
4.869007238355065881e-01
4.831973265010696683e-01
4.869007238355065881e-01
4.869007238355065881e-01
4.791777166952539968e-01
4.931585412469706164e-01
4.869007238355065881e-01
4.595342863048699211e-01
4.687547946353474160e-01
4.589931955579611977e-01
4.768684744132525855e-01
4.869007238355065881e-01
4.853494635992047224e-01
4.869007238355065881e-01
4.793834561883974499e-01
4.785265809404048443e-01
4.583876513158621213e-01
4.906872611016988572e-01
4.862756988240228839e-01
4.562682698570298401e-01
4.869007238355065881e-01
4.869007238355065881e-01
4.963466091729441532e-01
4.773144896377419788e-01
4.879670209093697197e-01
4.699541284003043162e-01
4.808443967962321430e-01
4.896654756395325547e-01
4.764011266929008559e-01
4.637204076692909016e-01
4.809997689113352237e-01
4.801130744072830692e-01
4.640296154391644889e-01
4.975775707299036621e-01
4.714525288513093382e-01
4.756070082481054784e-01
4.965125180225202772e-01
4.832134360644924631e-01
4.838316014468151405e-01
4.869007238355065881e-01
4.869007238355065881e-01
4.862787012348602778e-01
4.722451399673464056e-01
4.647652778791504513e-01
4.869007238355065881e-01
4.945929707413274645e-01
4.751975241936827188e-01
4.869007238355065881e-01
4.678735328007879168e-01
4.597519077838933543e-01
4.606155815630620931e-01
4.769726240748395352e-01
4.993456500144214383e-01
4.869007238355065881e-01
4.918518763958713014e-01
4.649349604333667396e-01
4.591825363557529016e-01
4.869007238355065881e-01
4.869007238355065881e-01
4.687782487624544969e-01
4.939753327029527963e-01
4.597431994098650776e-01
4.705258747053077673e-01
4.869007238355065881e-01
4.681897265995765833e-01
4.810390732657652824e-01
4.678770685639543903e-01
4.877531952593223141e-01
4.929118480849370987e-01
4.618110118117514373e-01
4.869007238355065881e-01
4.906927962433013102e-01
4.869007238355065881e-01
4.949358156578337886e-01
4.869007238355065881e-01
4.869007238355065881e-01
4.847754025649350096e-01
4.869007238355065881e-01
4.802401425281102587e-01
4.854348667438367348e-01
4.869007238355065881e-01
4.949078401384362502e-01
4.694288751052744235e-01
4.835554868627019998e-01
4.869007238355065881e-01
4.918786791055692054e-01
4.925208954224352120e-01
4.857443857398838771e-01
4.869007238355065881e-01
4.967913618191728276e-01
4.869007238355065881e-01
4.777949237627884260e-01
4.883697204527346902e-01
4.828734385226555736e-01
4.823256600254360871e-01
4.779090563237772260e-01
4.802404514568077154e-01
4.869007238355065881e-01
4.708578246033199299e-01
4.941429904252589433e-01
4.702583126274881842e-01
4.914479754735465167e-01
4.715988094097613437e-01
4.869007238355065881e-01
4.884802080147478964e-01
4.975014916295494305e-01
4.957646770058761199e-01
4.978611257547096436e-01
4.717349727082010280e-01
4.869007238355065881e-01
4.604149801730487712e-01
4.883632867837450209e-01
4.833557475032730921e-01
4.680705522775608918e-01
4.990172238342949762e-01
4.936891448936630011e-01
4.911142180765504239e-01
4.869007238355065881e-01
4.565928207763419455e-01
4.917721714902584251e-01
4.935682795651737398e-01
4.982289146208856989e-01
4.869007238355065881e-01
4.869007238355065881e-01
4.875075569698975597e-01
4.633848873978899663e-01
4.851277726304675797e-01
4.869007238355065881e-01
4.869007238355065881e-01
4.869007238355065881e-01
4.738439600612977531e-01
4.566256176144018464e-01
4.984366961785370309e-01
4.677002164000136353e-01
4.887889359305246928e-01
4.816641217671706054e-01
4.735732767701035795e-01
4.832948392887918554e-01
4.869007238355065881e-01
4.765364592008471956e-01
4.797906689865688579e-01
4.869007238355065881e-01
4.973944764296919785e-01
4.892493017332650851e-01
4.615495903729384120e-01
4.818806025087721823e-01
4.920839242068613673e-01
4.962188734591476136e-01
4.989295461779136298e-01
4.969107919064730261e-01
4.869007238355065881e-01
4.869007238355065881e-01
4.551179509611354423e-01
4.999935567383788082e-01
4.869007238355065881e-01
4.881130188273793413e-01
4.895041246101477506e-01
4.550057797409670091e-01
4.902015086238588060e-01
4.985126072422112475e-01
4.569437583816348125e-01
4.603852935013232894e-01
4.771734684652002567e-01
4.987789085787427412e-01
4.545441600883868283e-01
4.605266579209325584e-01
4.846996848591471063e-01
4.944855653352960290e-01
4.957164845929781238e-01
4.770199046184186442e-01
4.594801592427243397e-01
4.891939744554077429e-01
4.953694066854285039e-01
4.692562620015601205e-01
4.847729557211645779e-01
4.869007238355065881e-01
4.976766154756055993e-01
4.869007238355065881e-01
4.789365565851072537e-01
4.831531592606436165e-01
4.869007238355065881e-01
4.822275831173634120e-01
4.953340541033584565e-01
4.974617270328639540e-01
4.840862720313554024e-01
4.869007238355065881e-01
4.800451229984829538e-01
4.910131079526839915e-01
4.869007238355065881e-01
4.906109917969374012e-01
4.869007238355065881e-01
4.986639415507296280e-01
4.774647812266283875e-01
4.869007238355065881e-01
4.844479110080125994e-01
4.770197578469358435e-01
4.787500275643574721e-01
4.994919719027096638e-01
4.869007238355065881e-01
4.973874456580761327e-01
4.587994390927859767e-01
4.944166590726557509e-01
4.804783125762191465e-01
4.828684268978089555e-01
4.907290376127990683e-01
4.817808865620246128e-01
4.923410018046149861e-01
4.545441600883868283e-01
4.869007238355065881e-01
4.891037041565720611e-01
4.906176608503461933e-01
4.869007238355065881e-01
4.869007238355065881e-01
4.869007238355065881e-01
4.957040822833547189e-01
4.869007238355065881e-01
4.912596423169732773e-01
4.869007238355065881e-01
4.869007238355065881e-01
4.869007238355065881e-01
4.869007238355065881e-01
4.869007238355065881e-01
4.706589369548799806e-01
4.738439600612977531e-01
4.844085118079284324e-01
4.863510006551957088e-01
4.614470116441737879e-01
4.869007238355065881e-01
4.686030612775370363e-01
4.869007238355065881e-01
4.869007238355065881e-01
4.869007238355065881e-01
4.603278888556476267e-01
4.869007238355065881e-01
4.979314215122790932e-01
4.869007238355065881e-01
4.885343619858573683e-01
4.967250573219369469e-01
4.996424831901069008e-01
4.760074039372415022e-01
4.925050613924618070e-01
4.957964975667867313e-01
4.839734628466417776e-01
4.869007238355065881e-01
4.748178485293234607e-01
4.813669043347305054e-01
4.931564727090546052e-01
4.914230162803949198e-01
4.717563399340756747e-01
4.751871239363921751e-01
4.869007238355065881e-01
4.812064538393148738e-01
4.992871320215074293e-01
4.957913055377922706e-01
4.869007238355065881e-01
4.863032473749704376e-01
4.954621156085164402e-01
4.968879129784236071e-01
4.869007238355065881e-01
4.879910254233720823e-01
4.703376052626269122e-01
4.859144601758554338e-01
4.820211348401546303e-01
4.755549064411044302e-01
4.869007238355065881e-01
4.917642250977481422e-01
4.853192713401759950e-01
4.810733403446834089e-01
4.869007238355065881e-01
4.802974971717658415e-01
4.869007238355065881e-01
4.869007238355065881e-01
4.830203252104335321e-01
4.869007238355065881e-01
4.965315712911184121e-01
4.891979095651802778e-01
4.869007238355065881e-01
4.869007238355065881e-01
4.869007238355065881e-01
4.869007238355065881e-01
4.968519060248353658e-01
4.842723399282713448e-01
4.869007238355065881e-01
4.798799069504975368e-01
4.899454740902742800e-01
4.918116712894644582e-01
4.736393474856667729e-01
4.869007238355065881e-01
4.924685373120867293e-01
4.611707894567645405e-01
4.720854189563779002e-01
4.748812963900050921e-01
4.907425687498742084e-01
4.869007238355065881e-01
4.829213691605157566e-01
4.977648538488117502e-01
4.869007238355065881e-01
4.806070890906605775e-01
4.869007238355065881e-01
4.926552404830007448e-01
4.844261798428662336e-01
4.707713770854771163e-01
4.869007238355065881e-01
4.870650267717646087e-01
4.865396516847338981e-01
4.964278790129550978e-01
4.922866716499205153e-01
4.909042120388183439e-01
4.973860244694623400e-01
4.604218842257492561e-01
4.869007238355065881e-01
4.869007238355065881e-01
4.967000978178572335e-01
4.869007238355065881e-01
4.677002164000136353e-01
4.716474948371830456e-01
4.617375501625710088e-01
4.869007238355065881e-01
4.986930051571312195e-01
4.962888943053715418e-01
4.719989207704707868e-01
4.985680458210525745e-01
4.634291942326594915e-01
4.898045264023350165e-01
4.974106026251150503e-01
4.908719158845278874e-01
4.869007238355065881e-01
4.798671694650123998e-01
4.938970703895159131e-01
4.934815991679584735e-01
4.699541284003043162e-01
4.706318083648804995e-01
4.798381164620503792e-01
4.976920792218427758e-01
4.976298128573474200e-01
4.782417767164831024e-01
4.869007238355065881e-01
4.844106107323100652e-01
4.841655386427052843e-01
4.869007238355065881e-01
4.880719011990368728e-01
4.708578246033199299e-01
4.852209553781623996e-01
4.869007238355065881e-01
4.741401847425678051e-01
4.869007238355065881e-01
4.656043018149901846e-01
4.869007238355065881e-01
4.869007238355065881e-01
4.567384788309437615e-01
4.798110995333573769e-01
4.612866692824764692e-01
4.965459389058571316e-01
4.869007238355065881e-01
4.946673012155398119e-01
4.668198762200773122e-01
4.867100548963658180e-01
4.869007238355065881e-01
4.869007238355065881e-01
4.928717604207631386e-01
4.954825126769667465e-01
4.840708427342831355e-01
4.869007238355065881e-01
4.869007238355065881e-01
4.767312370276285405e-01
4.869007238355065881e-01
4.604208859669678411e-01
4.684596457294451510e-01
4.599735731038441799e-01
4.942122508900702593e-01
4.911533826944758929e-01
4.686566892412010188e-01
4.589073487766217596e-01
4.984814141573472579e-01
4.999367853242198678e-01
4.702093305941171808e-01
4.983077111154957106e-01
4.828320158077553104e-01
4.869007238355065881e-01
4.562682698570298401e-01
4.869007238355065881e-01
4.722325347910391047e-01
4.748159793836185250e-01
4.985735024692498629e-01
4.869007238355065881e-01
4.863957904055369319e-01
4.869007238355065881e-01
4.805365968911262664e-01
4.960360164280454009e-01
4.869007238355065881e-01
4.922969146734581525e-01
4.869007238355065881e-01
4.901192630112277127e-01
4.904283043405950338e-01
4.531915233031167389e-01
4.869007238355065881e-01
4.707540419336053161e-01
4.869007238355065881e-01
4.604100355502872555e-01
4.727585432964687695e-01
4.869007238355065881e-01
4.905279251064643131e-01
4.751459255237653334e-01
4.908334304851671437e-01
4.991167425172371441e-01
4.713258436939052887e-01
4.910975654201434892e-01
4.792186890133185440e-01
4.894303083160697065e-01
4.869007238355065881e-01
4.869007238355065881e-01
4.602996700700032195e-01
4.869007238355065881e-01
4.971376169943675927e-01
4.869007238355065881e-01
4.869007238355065881e-01
4.869007238355065881e-01
4.841308858182610253e-01
4.692327779485442329e-01
4.891119207602004360e-01
4.869007238355065881e-01
4.995835700327679874e-01
4.824073275664135796e-01
4.800629944011428063e-01
4.760839034578324136e-01
4.934525197083979853e-01
4.953601940929336367e-01
4.905815156442900338e-01
4.869007238355065881e-01
4.790528441941845350e-01
4.768201261944681191e-01
4.519896723984007658e-01
4.874918251562229132e-01
4.869007238355065881e-01
4.869007238355065881e-01
4.615151707665979819e-01
4.869007238355065881e-01
4.920556733687822537e-01
4.578524752925954844e-01
4.913793506370503494e-01
4.563455722510908474e-01
4.800753025590162593e-01
4.637337461687618956e-01
4.628313787432266624e-01
4.861758077165826419e-01
4.869007238355065881e-01
4.869007238355065881e-01
4.687547946353474160e-01
4.852303156821490826e-01
4.960458969451929101e-01
4.798554459111771253e-01
4.945935499283543590e-01
4.706544002271668137e-01
4.869007238355065881e-01
4.824980916833108147e-01
4.924176606340568974e-01
4.869007238355065881e-01
4.869007238355065881e-01
4.860342162547284794e-01
4.869007238355065881e-01
4.862980975879132584e-01
4.869007238355065881e-01
4.633844777903811663e-01
4.919246225410213169e-01
4.599551495838292148e-01
4.957926601669043754e-01
4.847091582188635672e-01
4.762763570418128145e-01
4.848934745451430328e-01
4.629458748389958522e-01
4.688842766551043484e-01
4.574389698991776498e-01
4.767405755425171421e-01
4.869007238355065881e-01
4.869007238355065881e-01
4.869007238355065881e-01
4.669570971574421026e-01
4.552241908459147557e-01
4.993619278272063422e-01
4.868191909271347706e-01
4.869007238355065881e-01
4.869007238355065881e-01
4.869007238355065881e-01
4.966818379843800924e-01
4.881832011151397421e-01
4.869007238355065881e-01
4.869007238355065881e-01
4.637486501397544147e-01
4.869007238355065881e-01
4.869007238355065881e-01
4.869007238355065881e-01
4.923454292886245698e-01
4.916170723976061585e-01
4.799369930898260139e-01
4.538963849747123525e-01
4.716603987558423694e-01
4.711495867611595889e-01
4.967897585312739395e-01
4.558674020839530994e-01
4.653408531622582611e-01
4.869007238355065881e-01
4.994335596372057595e-01
4.753909179441014876e-01
4.688370233222198813e-01
4.869007238355065881e-01
4.619810552562197414e-01
4.869007238355065881e-01
4.545441600883868283e-01
4.860539094062173437e-01
4.943139135344513657e-01
4.869007238355065881e-01
4.671066370680030944e-01
4.927853702427306692e-01
4.829419541765918589e-01
4.869007238355065881e-01
4.869007238355065881e-01
4.866320417817436295e-01
4.980254612469442455e-01
4.843341819914868673e-01
4.672426969547743836e-01
4.531915233031167389e-01
4.681897265995765833e-01
4.721140534675783429e-01
4.985691674081653146e-01
4.711147624128493860e-01
4.678770685639543903e-01
4.699663035968618674e-01
4.777152388435307317e-01
4.603663678814608473e-01
4.925392049787815085e-01
4.688713894188524245e-01
4.869007238355065881e-01
4.869007238355065881e-01
4.600936416230080317e-01
4.869007238355065881e-01
4.976728628966367030e-01
4.995463309257867635e-01
4.524498020168864487e-01
4.602609980423925662e-01
4.955246299622511619e-01
4.987995367479342579e-01
4.842578850980502891e-01
4.709622073843830470e-01
4.869007238355065881e-01
4.964503262195504307e-01
4.869007238355065881e-01
4.822374077987312546e-01
4.869007238355065881e-01
4.869007238355065881e-01
4.931317501508515333e-01
4.971919619971598703e-01
4.666288918328421742e-01
