1.472219742749052845e-02
3.287147948559298195e-03
5.302657076435130477e-04
1.792228847904625555e-02
2.764741313718064100e-02
1.229324970592858210e-02
1.322582206287352055e-02
1.201122202630721010e-02
9.635094139501759400e-03
-1.367487213835209825e-02
-8.460742101055048273e-03
1.582593661963502263e-02
1.319091213413982507e-02
1.299007212611626161e-02
-2.060371016510831668e-02
-1.813827169685863772e-02
-6.392961877343181568e-03
1.558639343703175154e-02
3.335743386823717543e-03
8.539519036627387510e-03
2.753501151373925326e-03
4.355284860073298236e-03
3.894450814664094252e-03
2.897682638841781941e-03
3.910041563575768035e-03
4.076350976080413829e-03
3.620718457626869325e-03
-2.576552614138759127e-03
4.728351648760645244e-04
-1.021512726492488808e-03
4.684570320523486625e-02
5.963863728350017601e-02
2.713104698833211995e-02
5.833918169517614966e-02
5.082360661168584814e-02
5.983491213476879039e-02
5.288651925713936525e-02
5.677778992694178933e-02
5.995884071497396134e-02
2.465938647892266730e-02
5.595460850621446908e-02
4.264117081786939628e-02
-5.016478069226586872e-02
5.092326264043519485e-02
5.109734543758817638e-02
-5.435222322348384760e-02
5.087898517108428720e-02
5.914741961713163715e-02
5.229827092019340151e-02
6.148802006746986737e-02
5.977501412129286595e-02
5.878690267262185604e-02
5.500829171346890978e-02
5.046158780177515540e-02
5.672624129191918690e-02
6.494445423070332839e-03
5.505819015086387685e-02
6.056513228493371620e-02
5.609003090590602980e-02
5.845112943549411744e-02
6.001791100897137243e-02
5.850513245098316883e-02
5.617863170215098984e-02
5.584367349116577117e-02
6.186879736029471388e-02
5.545862696360605304e-02
5.728725007033778210e-02
4.663671184625171190e-02
5.592308990125530177e-02
6.010984552907886608e-02
5.913789647326363891e-02
4.450887636770266970e-02
5.957171151921780705e-02
4.828084067736235219e-02
5.945939408291021216e-02
5.141092334927306606e-02
4.831209238611924167e-02
5.536759613225705756e-02
5.951444210866319029e-02
6.109069759506115943e-02
6.011555032198356852e-02
5.849621999684546242e-02
5.946289110306765546e-02
6.130149603401490593e-02
5.780002622635051213e-02
6.055108196198395049e-02
5.959218396929561595e-02
6.083813819819661878e-02
5.740409510523176301e-02
5.962504591539789095e-02
5.801591993191689695e-02
6.016520962459796784e-02
5.646620894571305338e-02
4.733475287862135006e-02
6.143805984446468887e-02
5.987127060071232437e-02
5.788465837188110780e-02
5.891789751504940970e-02
5.779668887180688941e-02
5.151465077149230271e-02
5.964553843130081245e-02
6.141700910412775660e-02
5.833378470197773946e-02
6.113702471712570419e-02
5.343351303190637530e-02
6.021264735403326213e-02
6.020826074263789518e-02
4.385943196048112253e-02
5.949577462741900691e-02
5.432337199495758384e-02
5.968393137021337641e-02
5.833404944914501872e-02
6.091962367439539283e-02
5.586718615423882234e-02
4.988723805524572508e-02
5.983539366820043309e-02
5.870759455322326070e-02
5.934179965652282285e-02
5.989950883954227312e-02
6.005560825328698504e-02
4.936762172896956569e-02
5.843161235068136672e-02
5.966710813599054170e-02
6.097082422305070276e-02
5.434518224627377797e-02
5.590520999617337727e-02
4.713728885016236353e-02
4.866201307789380648e-02
4.987944287412198613e-02
5.470905868553146284e-02
5.926861144674955284e-02
4.607413218130784749e-02
4.878529326763382523e-02
6.066226311098556201e-02
5.686323478858112263e-02
4.629186648080966388e-02
4.204423851435054593e-02
6.046431965427399857e-02
5.766559744060632819e-02
5.955342895298779832e-02
5.640224329996120639e-02
6.130149603401490593e-02
6.200834206414596039e-02
4.907621313949066255e-02
5.895958927257842486e-02
5.499003892883554123e-02
4.678583601140508252e-02
6.108237406636065486e-02
5.354034300973441185e-02
6.158899063882727204e-02
6.046027986556982980e-02
4.653198042380456145e-02
5.928332488980434661e-02
6.132107980536406072e-02
5.990155010207182107e-02
5.851494652938757368e-02
6.112323516017958286e-02
6.037005184425820598e-02
4.630261808956236125e-02
5.938121845894409057e-02
4.498534248837050831e-02
6.228608094251214533e-02
5.317683713061368417e-02
5.981539327658206423e-02
5.604598041237372069e-02
5.074395638757782379e-02
5.124140946287907700e-02
5.920509509638701567e-02
5.738213771787278872e-02
5.941727968181317182e-02
4.830751257141546046e-02
5.925455967098050558e-02
5.700833033793039489e-02
5.355958762369664172e-02
5.871854851468414488e-02
4.792658538019609060e-02
6.048384873158423047e-02
5.926236808844460857e-02
6.101282186760502435e-02
4.294687007883643548e-02
6.036896222889706620e-02
5.097386033237318037e-02
6.130918570967493209e-02
5.974238203662959878e-02
5.491360469946753725e-02
5.980357977749580639e-02
4.624539181759354523e-02
5.699610469211598140e-02
5.965255770446462741e-02
5.607671091904894295e-02
4.639164072759392049e-02
5.166747589091135601e-02
4.604517240979754539e-02
6.212149784666919777e-02
4.484682843921166534e-02
5.817392440725369790e-02
4.732048046362142407e-02
6.147210326233872729e-02
5.215267107826892373e-02
6.228608094251214533e-02
6.115293165915548085e-02
5.230422939451862679e-02
5.059772955158577806e-02
5.490355935744548749e-02
5.103813520433810730e-02
4.756294961912305164e-02
5.277846698688108684e-02
6.138792993103623502e-02
5.566052739822559964e-02
5.660303214381396525e-02
5.532659442717864640e-02
5.806098627054829403e-02
5.495365345511943334e-02
5.097489266875997183e-02
5.416033957873106486e-02
5.538420401837819418e-02
4.791539555745152196e-02
5.965014049747252578e-02
6.085496808907638749e-02
6.133848658992999830e-02
4.846502075046169034e-02
5.356315491578039073e-02
4.395800508448319960e-02
4.450804930255795183e-02
5.831370480024134634e-02
5.449891917137609371e-02
5.806786610474794219e-02
6.236689286988392200e-02
5.785438143214384488e-02
4.863622066709389485e-02
5.892939303102130016e-02
5.526488253082114527e-02
5.217867551768323731e-02
5.959092308280444089e-02
5.490640396452447364e-02
5.003911749436103229e-02
6.059844125621914601e-02
4.514407311567920911e-02
5.052449802268496604e-02
5.164314643020210399e-02
5.599096937908924765e-02
6.141700910412775660e-02
5.362804823634906293e-02
5.497203963178703273e-02
5.295630659136187079e-02
6.164585680403942419e-02
5.179388972002794966e-02
6.002332980977760635e-02
5.264125287105202167e-02
5.123728699608119663e-02
4.657744971881250251e-02
5.409890597296117959e-02
6.183466979862280860e-02
5.194970451011051565e-02
6.133770922633555861e-02
5.030335402874383521e-02
4.716487087430780434e-02
5.492504890844384507e-02
6.236689286988392200e-02
4.379647032643649990e-02
6.236689286988392200e-02
5.307490483274628773e-02
4.638854747718179627e-02
5.258240695141903898e-02
6.175819411854101271e-02
4.459969220111246330e-02
6.085496808907638749e-02
4.284422712604295941e-02
5.992678280626449749e-02
5.923249156172592789e-02
5.363907176772535201e-02
5.910273019476925543e-02
5.938857944392330473e-02
5.620973555515813153e-02
5.217707482186985379e-02
4.786669676646575916e-02
5.711770159913555356e-02
6.236689286988392200e-02
5.495961736501810135e-02
6.083042339321075714e-02
5.480954786262969003e-02
5.817737112059683663e-02
4.855597215960639340e-02
6.197760076774682519e-02
6.236464980829298926e-02
4.353988332790750121e-02
5.658251536094949241e-02
5.164394759848443817e-02
5.378758778267954399e-02
4.540480872158528941e-02
4.222169010279385598e-02
5.842886656697978548e-02
5.735271050308504009e-02
5.118584354170595957e-02
4.510382940887661812e-02
4.592923324395404433e-02
5.974780187322994984e-02
5.366328001365960193e-02
5.962282135156211221e-02
6.236689286988392200e-02
5.872455455807266966e-02
5.049457608966051447e-02
5.762696713183378810e-02
5.043565388050968296e-02
5.910262113170121345e-02
5.650516043543038491e-02
4.936463471023035815e-02
5.079363143794241725e-02
4.275318113560538230e-02
5.511487740416566583e-02
4.333680316779343206e-02
5.960193924969191259e-02
6.166410860510963127e-02
5.141192938347825814e-02
4.344608280152525981e-02
5.203270547292954823e-02
5.448244508439393369e-02
6.043914460070997502e-02
5.002377645001442746e-02
6.236689286988392200e-02
4.372977082928225512e-02
4.474751216884702981e-02
6.096155558490891357e-02
5.073885319598513133e-02
5.483891262620371049e-02
5.792593886381420393e-02
6.129771690285622937e-02
5.210024691707500211e-02
4.773712363748209425e-02
5.715566396372075142e-02
4.314934800014745553e-02
4.446309578182684047e-02
4.979331256050535670e-02
5.728311856678350994e-02
5.776684648661513377e-02
5.515958502540353747e-02
6.217700191158095913e-02
5.059156403807526375e-02
6.050974279646026410e-02
6.236689286988392200e-02
4.692397724342050463e-02
4.493132231633552992e-02
5.257836925884255830e-02
4.302020266492814771e-02
5.941937689242374199e-02
6.217700191158095913e-02
6.011335008487290327e-02
6.236689286988392200e-02
6.048194753962612968e-02
5.029307735359247328e-02
4.617945663028245190e-02
4.183061185302083124e-02
5.735187246161434910e-02
5.871881352479766530e-02
6.166410860510963127e-02
5.668943428585694611e-02
5.945552257226555115e-02
4.978908854035937054e-02
4.714760006270436038e-02
5.122951996188383067e-02
5.107318008044711699e-02
5.695833335130948138e-02
6.037143643658968856e-02
4.946494970561830101e-02
5.476588433191473954e-02
4.305578291503255745e-02
5.768782850408651214e-02
5.410218868555669025e-02
4.916816269261103933e-02
5.703439044464476276e-02
5.570206279405429117e-02
4.447753591143026319e-02
5.745373475678115793e-02
5.768741041218564125e-02
6.161075584715920012e-02
6.236689286988392200e-02
5.836730220385060591e-02
5.926552653838207396e-02
4.242323185761105730e-02
5.175519887840809158e-02
5.815337595736896903e-02
5.075881017992545097e-02
5.297586309576628183e-02
6.219008496760165122e-02
6.026628547276624559e-02
5.761406799881266250e-02
4.641873858759821420e-02
6.114827217869284876e-02
6.107253552497728111e-02
4.181236017819642270e-02
5.631093207726356464e-02
5.487286850016945966e-02
5.338739812080819935e-02
6.104813530585966042e-02
6.236689286988392200e-02
6.164585680403942419e-02
5.925975639320017752e-02
4.023373796790977175e-02
5.448967330215077204e-02
5.602920321234743095e-02
5.315893819934011666e-02
6.021140498955122877e-02
5.245711441322162272e-02
5.998523832180485682e-02
5.520832769016458669e-02
4.928604100418092909e-02
5.219086703422003148e-02
6.171971757006345510e-02
4.795043841206406143e-02
5.423557991745317497e-02
4.883196777024179092e-02
4.386987828781070686e-02
5.622469958777624732e-02
5.850688060570686383e-02
4.433639868307533149e-02
6.140943642453460666e-02
5.023003391737575207e-02
5.468121648363592074e-02
5.607018186243478697e-02
6.236689286988392200e-02
5.169718572835850512e-02
5.138972854405763485e-02
4.194625191447747675e-02
4.891578799231721675e-02
5.010632982937460872e-02
5.649732103180979403e-02
6.236689286988392200e-02
4.079575687521751204e-02
6.075641350566222260e-02
5.377711850585871478e-02
4.700880366367769098e-02
5.976223920827059694e-02
5.876372464551306990e-02
5.697379166500009251e-02
5.179045262991732734e-02
6.236689286988392200e-02
4.034485816887845022e-02
5.258571698736803912e-02
5.410272286370387818e-02
6.016151396736197504e-02
5.674820561654692758e-02
5.727960910568107022e-02
5.830484148826736712e-02
4.846061598292580180e-02
5.018833710089705413e-02
6.208465258650512630e-02
6.126688540626545887e-02
5.787672366249978911e-02
5.158979786874651891e-02
4.260689186568173553e-02
5.644488270883503411e-02
6.191862346431590419e-02
5.948238354923959803e-02
6.022200300313942933e-02
6.208279836369865606e-02
6.185075788833082483e-02
5.851827488266988370e-02
5.995246402572726452e-02
6.076033570168296039e-02
6.051216237684841487e-02
5.900675324152891005e-02
5.201158614801787428e-02
4.247253577400938312e-02
5.221062601882820592e-02
4.621422703627935114e-02
5.105442637625845492e-02
5.249581599385057945e-02
4.368132072008169831e-02
5.099100371691531880e-02
5.548273463453452792e-02
5.488998133974813676e-02
6.223183229249382165e-02
4.118691812654570739e-02
4.300463716787972235e-02
6.236689286988392200e-02
6.133066424413829987e-02
5.123187926637101652e-02
4.887646250554681521e-02
6.236689286988392200e-02
6.066743229924143055e-02
4.985665607652675635e-02
5.650708151285103314e-02
5.491133635101889954e-02
5.901476187407912743e-02
6.228608094251214533e-02
4.248682726595659487e-02
6.107253552497728111e-02
5.205446632567829746e-02
5.744355584179507840e-02
5.868419415930898470e-02
4.289554232161834485e-02
5.092592295997352275e-02
4.438932951276704231e-02
5.123028317951485583e-02
6.063071876516724218e-02
6.236689286988392200e-02
6.236689286988392200e-02
4.847768638758245124e-02
6.236689286988392200e-02
5.076065320245864293e-02
5.659445090026739983e-02
6.236689286988392200e-02
6.236689286988392200e-02
6.212149784666919777e-02
5.280784009663019168e-02
6.114524586976830683e-02
4.552479527688111510e-02
4.403379171503302852e-02
4.420294552778495506e-02
5.915656597510760006e-02
6.236689286988392200e-02
6.126645525424252725e-02
5.190858797113152845e-02
6.177679422350284416e-02
6.054768502906886923e-02
5.756479148575498195e-02
4.211731697542677594e-02
5.982937055053265396e-02
6.152865141912852720e-02
6.236689286988392200e-02
5.499612734371515238e-02
5.031295538077493884e-02
5.192691224449111354e-02
5.176136590558439582e-02
4.893700531159667078e-02
5.114546292436529529e-02
6.236689286988392200e-02
5.166607744877713820e-02
6.236689286988392200e-02
4.153455967652487646e-02
5.171921247587295267e-02
5.490362226327780842e-02
5.441486313105683981e-02
5.617786836888839092e-02
6.161075584715920012e-02
5.685376547987411322e-02
6.166410860510963127e-02
5.723423794619036248e-02
6.095276491416331405e-02
6.057995422194345503e-02
4.540430882470410795e-02
6.236689286988392200e-02
5.065898123987865737e-02
4.802924245088172062e-02
4.546881326770152443e-02
4.957451471688594652e-02
5.870060955954775617e-02
4.179912276338469679e-02
5.850088470448884526e-02
5.666163643823615009e-02
4.833745070417769241e-02
5.226961739081787545e-02
4.112017911905223311e-02
6.236689286988392200e-02
5.095853667844915669e-02
5.567778285442102210e-02
5.059279601764096052e-02
6.236464980829298926e-02
5.570565200163343084e-02
5.950107024285956892e-02
5.525796828607562605e-02
5.591396280431808197e-02
5.531777288317182850e-02
5.841796583361540118e-02
6.161075584715920012e-02
4.405973865391095423e-02
4.280830107931101608e-02
6.039566516227149601e-02
5.319688932825662048e-02
4.269535708511192768e-02
6.236689286988392200e-02
5.390297608701203474e-02
6.161075584715920012e-02
6.236689286988392200e-02
6.075456866503399500e-02
6.065346101111842442e-02
6.208465258650512630e-02
4.258452977368741565e-02
6.236689286988392200e-02
6.236689286988392200e-02
4.402842617173435835e-02
6.063539378463254914e-02
5.808159477298392021e-02
5.179842766347871746e-02
5.918434952227401985e-02
5.758870995997576736e-02
5.888978508595653361e-02
5.420796191964037669e-02
6.236689286988392200e-02
5.004375232374479177e-02
5.571865109714546627e-02
6.236689286988392200e-02
4.576607393924024547e-02
4.207350849265200504e-02
6.236689286988392200e-02
5.652287951474641720e-02
4.508369249790067368e-02
5.504894442855023245e-02
5.625968144970058815e-02
6.236689286988392200e-02
6.236689286988392200e-02
6.005190599965314069e-02
6.166410860510963127e-02
5.786776574151589192e-02
6.012801212606161405e-02
5.498618148759479990e-02
5.148993879788364703e-02
6.206527347245784781e-02
5.380719613302340637e-02
5.909792725598783658e-02
6.236689286988392200e-02
6.118318523802693254e-02
6.107253552497728111e-02
4.306747795670483325e-02
5.281983797257475133e-02
6.236689286988392200e-02
6.236689286988392200e-02
6.236689286988392200e-02
5.547298869347558337e-02
6.083990422282328780e-02
6.236689286988392200e-02
4.162492503335085692e-02
5.061996519083229729e-02
6.236689286988392200e-02
5.430538454729531145e-02
6.236689286988392200e-02
6.204670233235703991e-02
6.101282186760502435e-02
5.651016513227173632e-02
4.353127810614893650e-02
6.043881713942580308e-02
4.309426641766601895e-02
6.120644715928395124e-02
4.693968932505954844e-02
6.237658741187563499e-02
6.236689286988392200e-02
4.339421517122967614e-02
6.236689286988392200e-02
6.236689286988392200e-02
6.236689286988392200e-02
4.531291166645007307e-02
6.236689286988392200e-02
5.581675630688306966e-02
5.153187741039121778e-02
4.649526862742485445e-02
6.236689286988392200e-02
6.236689286988392200e-02
5.954308191896603292e-02
4.464620256094864459e-02
5.648058730895557517e-02
6.236689286988392200e-02
4.569355002336791816e-02
5.141592994282317974e-02
6.236689286988392200e-02
6.236689286988392200e-02
5.812464143433495461e-02
6.236689286988392200e-02
5.322671382112657140e-02
4.157706793218503283e-02
6.142325771190070005e-02
4.270800387911371371e-02
6.056992711231450749e-02
4.496363593656849122e-02
6.112235405299001195e-02
4.286465494225559503e-02
5.169027601312855408e-02
6.045934818943357603e-02
4.556789821642097393e-02
6.236689286988392200e-02
5.108398419387732980e-02
4.428790831621422230e-02
6.005418138177611581e-02
5.289874656857141560e-02
6.197227781590204654e-02
5.190143128852946208e-02
5.812916510266952913e-02
6.178300646829040094e-02
6.236689286988392200e-02
5.422131821539411672e-02
4.369563710529264511e-02
5.311483360736202197e-02
5.890791270810417229e-02
6.236689286988392200e-02
6.236689286988392200e-02
5.961317370161476475e-02
6.236689286988392200e-02
6.217700191158095913e-02
5.705586019144401333e-02
6.236689286988392200e-02
4.298042343105070578e-02
5.464849345579213952e-02
6.236689286988392200e-02
5.304866739306254159e-02
5.766286614730104648e-02
6.236689286988392200e-02
6.236689286988392200e-02
5.101229569570896877e-02
6.130149603401490593e-02
4.323693652655037634e-02
6.236689286988392200e-02
6.236689286988392200e-02
6.236689286988392200e-02
5.433352153198915679e-02
5.108493342550361055e-02
6.236689286988392200e-02
5.929854687960212783e-02
6.236689286988392200e-02
6.236689286988392200e-02
6.236689286988392200e-02
5.543143684871908866e-02
5.544582735649497551e-02
5.743209739620468157e-02
4.407422016647973700e-02
4.564818877359494431e-02
5.521661491390797427e-02
6.236689286988392200e-02
5.172495712064201917e-02
5.719775868314817824e-02
4.471644055517369487e-02
6.161479690106566598e-02
4.252192507771277580e-02
6.236689286988392200e-02
5.756586526878306603e-02
5.343575951283930509e-02
5.952918817087243797e-02
6.171971757006345510e-02
6.191862346431590419e-02
6.236689286988392200e-02
6.236689286988392200e-02
6.236689286988392200e-02
6.236689286988392200e-02
5.481654449489919284e-02
6.236689286988392200e-02
6.236689286988392200e-02
6.236689286988392200e-02
6.236689286988392200e-02
4.298055854731228087e-02
5.653886611561481645e-02
6.236689286988392200e-02
5.962067198710080396e-02
5.320128858790829779e-02
4.261856341020671401e-02
5.229939551238023399e-02
5.728243918077145780e-02
6.236689286988392200e-02
5.168771576593581690e-02
4.283519950989465863e-02
6.236689286988392200e-02
5.590764183765355166e-02
4.374272307387826186e-02
4.512108199825599908e-02
6.236689286988392200e-02
6.236689286988392200e-02
6.236689286988392200e-02
5.528200189346508392e-02
5.381500984924713488e-02
6.018905954485975762e-02
5.802044617979963681e-02
5.737100068530265329e-02
6.236689286988392200e-02
6.236689286988392200e-02
6.079425562358346108e-02
6.236689286988392200e-02
5.444001274890189479e-02
5.583456486706619287e-02
5.891055626400984457e-02
5.393347022626142351e-02
6.236689286988392200e-02
5.965189859140729300e-02
6.236689286988392200e-02
6.236689286988392200e-02
5.100039564779103307e-02
5.344317598868913305e-02
5.633524398870912164e-02
5.511164692014568905e-02
6.236689286988392200e-02
6.206527347245784781e-02
5.146574104485524687e-02
5.790483013770275633e-02
5.596316724178967278e-02
6.109294478603582990e-02
4.437587195455144906e-02
4.380316599593191140e-02
4.256242355229118007e-02
6.236689286988392200e-02
6.236689286988392200e-02
4.277244625013750662e-02
6.117247671596504760e-02
6.236689286988392200e-02
6.236689286988392200e-02
5.281628198528554724e-02
5.423139116678046129e-02
4.397918491878149982e-02
6.236689286988392200e-02
4.560987829128181764e-02
4.395540270665183880e-02
5.314327147279959696e-02
4.495532239899080462e-02
6.057995422194345503e-02
6.236689286988392200e-02
6.140175007498224757e-02
5.652504308379821540e-02
6.236689286988392200e-02
4.550720307000979958e-02
4.275665154146080643e-02
6.236689286988392200e-02
5.906209203813341663e-02
5.622802682039221983e-02
6.236689286988392200e-02
6.236689286988392200e-02
6.177679422350284416e-02
5.452589390948482662e-02
4.369708755965354824e-02
5.645406570705091553e-02
5.649749957763092884e-02
6.236689286988392200e-02
5.798102510644020935e-02
5.554806842370884484e-02
6.236689286988392200e-02
4.262196080281513422e-02
5.932689372408727485e-02
6.153199767445115265e-02
4.253010679916034709e-02
6.236689286988392200e-02
6.236689286988392200e-02
5.463539527381668787e-02
4.424368829807950182e-02
5.312598953597012785e-02
5.536010633586107427e-02
6.236689286988392200e-02
6.138662487337640666e-02
5.521424997210824803e-02
6.236689286988392200e-02
4.458248245780020019e-02
5.695903923188160023e-02
6.117468861424071869e-02
6.236689286988392200e-02
6.236689286988392200e-02
5.097456763686045861e-02
4.547076979968138477e-02
5.400956847538890965e-02
5.254449270031587294e-02
5.739506144704038804e-02
6.236689286988392200e-02
5.631642197206357392e-02
6.236689286988392200e-02
5.241963674019459868e-02
6.236689286988392200e-02
4.497638777255079379e-02
5.179887600420809979e-02
4.821519457765092304e-02
5.948481043805203816e-02
6.236689286988392200e-02
4.506993106143233896e-02
4.949319565703733104e-02
6.236689286988392200e-02
5.734265772238673897e-02
5.881662935208602921e-02
6.236689286988392200e-02
6.236689286988392200e-02
6.236689286988392200e-02
5.891148023579901444e-02
5.630041642901671695e-02
6.236689286988392200e-02
4.372042893831563221e-02
6.236689286988392200e-02
6.060098713563995265e-02
5.241887383079549267e-02
6.101282186760502435e-02
5.430584410369432985e-02
6.204559921454493032e-02
5.343771158096281143e-02
4.073554443791937291e-02
5.257549766073636721e-02
6.236689286988392200e-02
6.052755800937731356e-02
5.384206551862468632e-02
6.236689286988392200e-02
5.844941441678293964e-02
5.243695182254151654e-02
5.617410046899545817e-02
4.242842932229144715e-02
4.447891845028586338e-02
6.236689286988392200e-02
6.056186586355737783e-02
6.189280564729072315e-02
5.765345805194175416e-02
6.236689286988392200e-02
6.236689286988392200e-02
6.236689286988392200e-02
6.236689286988392200e-02
4.465208786648881129e-02
6.236689286988392200e-02
5.601181542523321621e-02
5.909091097300967627e-02
5.335065535861827080e-02
4.301316505773750132e-02
4.561876405343225083e-02
4.259079998595036165e-02
6.236689286988392200e-02
6.204640149745330180e-02
6.116560864144540005e-02
4.549303519793642531e-02
6.003374227023119958e-02
4.179922131216678993e-02
4.183504726754665864e-02
5.726715695161068570e-02
4.259535391101588325e-02
5.411031705893760979e-02
6.236689286988392200e-02
6.236689286988392200e-02
6.205154178245768370e-02
5.380626224799328616e-02
4.397499237404418893e-02
4.279219316298005227e-02
5.448889658224665561e-02
5.651531135599276862e-02
4.439694875539119956e-02
5.392855144201272322e-02
5.396578305115811575e-02
6.236689286988392200e-02
5.150051369892075931e-02
6.236689286988392200e-02
6.236689286988392200e-02
5.816108479845805840e-02
6.191862346431590419e-02
6.236689286988392200e-02
5.748182545155235135e-02
6.236689286988392200e-02
5.324251892568182543e-02
5.907256508527226890e-02
5.009641400458428317e-02
5.595914995341735865e-02
6.236689286988392200e-02
4.436046957713439542e-02
5.283583868999624372e-02
5.342611868013222992e-02
5.026344655005372114e-02
6.236689286988392200e-02
5.954814466134971535e-02
6.236689286988392200e-02
5.174355340275307857e-02
6.236689286988392200e-02
4.277737743341282484e-02
4.258998451215172815e-02
4.268515743247468242e-02
6.160863672670469776e-02
5.905900102579046684e-02
6.236689286988392200e-02
4.157806379950313574e-02
6.236689286988392200e-02
6.236689286988392200e-02
5.734143401192447892e-02
5.981098346313846320e-02
6.236689286988392200e-02
5.650489054854847953e-02
6.177679422350284416e-02
6.224626789636043128e-02
5.791494105900958644e-02
6.236689286988392200e-02
5.065799667890651115e-02
6.236689286988392200e-02
5.243159611069396486e-02
5.753122135513456109e-02
5.693144261123753852e-02
4.413369501886516000e-02
5.318883736824761566e-02
6.219008496760165122e-02
6.236689286988392200e-02
6.236689286988392200e-02
4.261557816193956710e-02
5.782211508532964644e-02
4.945937494162729736e-02
6.236464980829298926e-02
4.564770796430481226e-02
4.429736731284050766e-02
5.800597397436721425e-02
5.319701081604220200e-02
5.872060531682873896e-02
5.699412600866813478e-02
5.333872592228411369e-02
5.917721767817200190e-02
5.405076719650277195e-02
5.814841571750877652e-02
4.525570133794337008e-02
5.647466615216076291e-02
4.569356408404759429e-02
6.236689286988392200e-02
6.236689286988392200e-02
4.237873041018683923e-02
5.592647778060012148e-02
5.505235730903793034e-02
6.236689286988392200e-02
5.503449003518566529e-02
5.739476097304206659e-02
6.236689286988392200e-02
6.161075584715920012e-02
5.639158631939100719e-02
5.889488613909914239e-02
5.607548090246407962e-02
6.223294632892743816e-02
6.236689286988392200e-02
4.249102965102848767e-02
6.198412937992715116e-02
5.665989493904087515e-02
6.236689286988392200e-02
6.236689286988392200e-02
5.816180633821228796e-02
5.097528425941352803e-02
5.639646693850202536e-02
5.694960107382654457e-02
6.236689286988392200e-02
6.140943642453460666e-02
5.384241933651422868e-02
6.143805984446468887e-02
5.754134155306796922e-02
5.902491638987245742e-02
5.513446950264214858e-02
6.236689286988392200e-02
4.450900988032669564e-02
6.236689286988392200e-02
5.997749232723314367e-02
6.236689286988392200e-02
6.236689286988392200e-02
5.877170846954409000e-02
6.236689286988392200e-02
6.202312414037847860e-02
4.433304472072818747e-02
6.236689286988392200e-02
4.546850211330988323e-02
5.342159834182334116e-02
5.551762594174160931e-02
6.236689286988392200e-02
6.029430578171649652e-02
4.539100389085250209e-02
5.980370594092113828e-02
6.236689286988392200e-02
6.140326959597609130e-02
6.236689286988392200e-02
5.408818799067619670e-02
4.386900897107947478e-02
6.182132202821676720e-02
4.341319412745780343e-02
4.420297819778369608e-02
5.742746347237265292e-02
6.236689286988392200e-02
6.212149784666919777e-02
5.954542906004253733e-02
5.543583934970941485e-02
6.132209939168508511e-02
5.933716654831983073e-02
6.236689286988392200e-02
4.139358276296728478e-02
5.256284583727532933e-02
5.937196923256118225e-02
4.516675269954162353e-02
6.236689286988392200e-02
6.236689286988392200e-02
5.600926959257358784e-02
5.822847919080553075e-02
4.287540781259823602e-02
5.934014977769769966e-02
5.284484288171518301e-02
4.533190063499908246e-02
4.534535312982589106e-02
6.236689286988392200e-02
6.075971132435062372e-02
5.540658263948371881e-02
6.230771021005507976e-02
5.112821444559385170e-02
6.236689286988392200e-02
6.236689286988392200e-02
4.262954767051183730e-02
6.020487935631196191e-02
4.656561246852115865e-02
6.236689286988392200e-02
6.236689286988392200e-02
6.236689286988392200e-02
6.236689286988392200e-02
6.236689286988392200e-02
5.897430670425381216e-02
6.147329213059608832e-02
4.356115617006423024e-02
5.815638115368203243e-02
5.662303467698326376e-02
5.904617625429774835e-02
6.236689286988392200e-02
5.414680263118699238e-02
5.853682354392169412e-02
6.236689286988392200e-02
4.424713552779167836e-02
4.672563072520050098e-02
6.087624363600634830e-02
5.810404687922030714e-02
5.979258085954689689e-02
5.939908102370401038e-02
6.169468928887828635e-02
4.476508799137657313e-02
6.236689286988392200e-02
6.236689286988392200e-02
6.186879736029471388e-02
5.292322518258938541e-02
6.236689286988392200e-02
6.003957444539995830e-02
5.443208257180743442e-02
6.130505565872945706e-02
5.999690296541655699e-02
4.558562613744113895e-02
6.076572920734632510e-02
5.576725886182384156e-02
4.489369581959364724e-02
6.118630367489569927e-02
6.175819411854101271e-02
5.500341795811073548e-02
4.654901817186880147e-02
4.469329258986941972e-02
4.697767141107341698e-02
5.383717617955308121e-02
6.099765434425845345e-02
6.010946383593347708e-02
4.548349321345612067e-02
5.873374045089688883e-02
4.655185808186097784e-02
6.236689286988392200e-02
5.258736768432495379e-02
6.236689286988392200e-02
4.632608270134447315e-02
5.553563672833440601e-02
6.236689286988392200e-02
5.801506884899153976e-02
4.443111083523620941e-02
6.166410860510963127e-02
5.733945198339907706e-02
6.236689286988392200e-02
5.158190006114633797e-02
6.032553367413596296e-02
6.236689286988392200e-02
4.677860055983464049e-02
6.236689286988392200e-02
4.436237756560547363e-02
5.402682151416091094e-02
6.236689286988392200e-02
5.711345786445570782e-02
5.253191265017358863e-02
4.422783913574311609e-02
5.275964264820871830e-02
6.236689286988392200e-02
4.325192352235654458e-02
6.029224165998477852e-02
4.692691822830230564e-02
4.441395930924340457e-02
4.434960651244869434e-02
5.488616719239224756e-02
5.812843410884254575e-02
4.437011832621548524e-02
6.175819411854101271e-02
6.236689286988392200e-02
6.011927326733746552e-02
5.477550626876293016e-02
6.236689286988392200e-02
6.236689286988392200e-02
6.236689286988392200e-02
5.895734513953230366e-02
6.236689286988392200e-02
5.273024956423704585e-02
6.236689286988392200e-02
6.236689286988392200e-02
6.236689286988392200e-02
6.236689286988392200e-02
6.236689286988392200e-02
5.367044739579639179e-02
6.236689286988392200e-02
5.195444345302731998e-02
5.886862460169456357e-02
5.644075941127925378e-02
6.236689286988392200e-02
5.124597137135066677e-02
6.236689286988392200e-02
6.236689286988392200e-02
6.236689286988392200e-02
5.566950012621224575e-02
6.236689286988392200e-02
6.107253552497728111e-02
6.236689286988392200e-02
5.267469456724820087e-02
5.245541680401321488e-02
5.239416621536346907e-02
5.132776735277327917e-02
5.352925997699679861e-02
5.936778807609841002e-02
5.739868043165902156e-02
6.236689286988392200e-02
5.641577375171772518e-02
5.681693956098737841e-02
5.294905830103006222e-02
5.985728912423329828e-02
5.391296032394285453e-02
4.565409084645448423e-02
6.236689286988392200e-02
4.334820098850633574e-02
5.882219491792595178e-02
6.066226311098556201e-02
6.236689286988392200e-02
4.661120343260725246e-02
4.241773794160518668e-02
4.473324900536019416e-02
6.236689286988392200e-02
4.354092601527594086e-02
5.360340425642279999e-02
5.508886871063431445e-02
5.806881291718146015e-02
4.619566152278654914e-02
6.236689286988392200e-02
4.402267684804491571e-02
5.393550113774923938e-02
5.828885936271891582e-02
6.236689286988392200e-02
5.844431326470104354e-02
6.236689286988392200e-02
6.236689286988392200e-02
5.891456579973280983e-02
6.236689286988392200e-02
6.085496808907638749e-02
4.453681814845767556e-02
6.236689286988392200e-02
6.236689286988392200e-02
6.236689286988392200e-02
6.236689286988392200e-02
5.922232591344783748e-02
4.512352177693908228e-02
6.236689286988392200e-02
5.657670316625994233e-02
6.002605653287555743e-02
4.396230852672641104e-02
5.364538357760250536e-02
6.236689286988392200e-02
5.442627038055169314e-02
5.582347049153841417e-02
6.236464980829298926e-02
5.262358951923877537e-02
4.678372164878072392e-02
6.236689286988392200e-02
5.781311107242971536e-02
6.165806742635322052e-02
6.236689286988392200e-02
4.388895431086716620e-02
6.236689286988392200e-02
4.685821950938123814e-02
5.712745697577497478e-02
5.297199364213740075e-02
6.236689286988392200e-02
5.620046107003388164e-02
5.449709041256829006e-02
6.073622134045306153e-02
5.438280380757195415e-02
4.679001360902155376e-02
6.101282186760502435e-02
5.592587398031954177e-02
6.236689286988392200e-02
6.236689286988392200e-02
4.552672193595532629e-02
6.236689286988392200e-02
6.147329213059608832e-02
6.239334960777047356e-02
6.195079252371404194e-02
6.236689286988392200e-02
5.949788309041905560e-02
5.930161441980856540e-02
5.396995191229299327e-02
5.489342607333367458e-02
5.538142146856572801e-02
5.067255056199781310e-02
5.913940623876615815e-02
4.388913387073116457e-02
6.236689286988392200e-02
5.659651760786359176e-02
4.690664399771009296e-02
6.175819411854101271e-02
6.236464980829298926e-02
5.743873577000477293e-02
5.663613767391973558e-02
5.105583605877308390e-02
5.258080327166928664e-02
5.709771642849744561e-02
6.236689286988392200e-02
5.847344882960628376e-02
5.729475961195500816e-02
6.236689286988392200e-02
4.667987107190635365e-02
6.212149784666919777e-02
5.754859128054825440e-02
6.236689286988392200e-02
5.384650839060068500e-02
6.236689286988392200e-02
5.590254759771935700e-02
6.236689286988392200e-02
6.236689286988392200e-02
6.082352122754275392e-02
4.310752194917498448e-02
5.596242369467630678e-02
6.045207748932390074e-02
6.236689286988392200e-02
4.378751527088061563e-02
5.927871140359475266e-02
4.225431069578471782e-02
6.236689286988392200e-02
6.236689286988392200e-02
5.145443975925627356e-02
4.596751341792297552e-02
4.648981612246515238e-02
6.236689286988392200e-02
6.236689286988392200e-02
6.097629838330064639e-02
6.236689286988392200e-02
5.590035999789257776e-02
6.067797049274427368e-02
5.535295556419032176e-02
4.327335986234171622e-02
5.988500887361889596e-02
5.327479973524245488e-02
6.128983646412654307e-02
5.270152949470708476e-02
4.612382522390000295e-02
5.357707046279838042e-02
4.374701067697812223e-02
6.236689286988392200e-02
6.236689286988392200e-02
6.219008496760165122e-02
6.236689286988392200e-02
6.236689286988392200e-02
5.387408539723781420e-02
6.063472267943273430e-02
6.236689286988392200e-02
4.661479430042300004e-02
6.236689286988392200e-02
5.727296587101927960e-02
5.916607731759123551e-02
6.236689286988392200e-02
5.172644815205019314e-02
6.236689286988392200e-02
5.245849138419814151e-02
4.434472502845142328e-02
6.153199767445115265e-02
6.236689286988392200e-02
5.369060058044124173e-02
6.236689286988392200e-02
5.603448529155209690e-02
6.236689286988392200e-02
6.236689286988392200e-02
5.599426313817720130e-02
5.922834097914039808e-02
6.019475642701557078e-02
5.503796211651109521e-02
6.223183229249382165e-02
5.989172911288187517e-02
5.855094495931165155e-02
4.404712655416703759e-02
6.236689286988392200e-02
6.236689286988392200e-02
5.626719515325814130e-02
6.236689286988392200e-02
6.218491116194131002e-02
6.236689286988392200e-02
6.236689286988392200e-02
6.236689286988392200e-02
5.731464521394847439e-02
6.191862346431590419e-02
5.680927113750480067e-02
6.236689286988392200e-02
5.517086527257802214e-02
6.128041371143526372e-02
4.492664040025242528e-02
4.485844932277929104e-02
4.466271611588594481e-02
5.942416241533859250e-02
5.212029093288803733e-02
6.236689286988392200e-02
6.084481602301761854e-02
4.624442458667476358e-02
6.224019141789028514e-02
5.218961420550637109e-02
6.236689286988392200e-02
6.236689286988392200e-02
6.064100567449814266e-02
6.236689286988392200e-02
5.979540400807416278e-02
6.045368057058089772e-02
5.986146844750560997e-02
6.135835769603532192e-02
5.137469549929295221e-02
5.291943766721077247e-02
5.652686819142955371e-02
4.349489438754447490e-02
6.236689286988392200e-02
6.236689286988392200e-02
6.177679422350284416e-02
4.648416460204642803e-02
4.550546783936508521e-02
5.661330513245059481e-02
5.257306916156219423e-02
5.366948969133913255e-02
6.236689286988392200e-02
5.794063413450067923e-02
4.304091475355502350e-02
6.236689286988392200e-02
6.236689286988392200e-02
4.660076575600254761e-02
6.236689286988392200e-02
5.901484292610762600e-02
6.236689286988392200e-02
5.463954855344715922e-02
5.429856029378178628e-02
5.588272731464187515e-02
6.189304344797857960e-02
5.251974117359659022e-02
4.973521063851785856e-02
6.236689286988392200e-02
5.650779657393267819e-02
5.331741012498052157e-02
6.121358541155416666e-02
4.487969124226414558e-02
6.236689286988392200e-02
6.236689286988392200e-02
6.236689286988392200e-02
5.926812221430641237e-02
6.095022510897690760e-02
5.477705604950349610e-02
5.826528641611482262e-02
6.236689286988392200e-02
6.236689286988392200e-02
6.236689286988392200e-02
5.393350149671597565e-02
5.516332545127973497e-02
6.236689286988392200e-02
6.236689286988392200e-02
5.627949853896094951e-02
6.236689286988392200e-02
6.236689286988392200e-02
6.236689286988392200e-02
6.036380307283484986e-02
5.422916612776997047e-02
5.851076164007291275e-02
6.164585680403942419e-02
5.389079812212445308e-02
5.586631788684877364e-02
4.540455816601792621e-02
5.951204084577895598e-02
5.704116247145607499e-02
6.236689286988392200e-02
4.561556630941948631e-02
5.939746020591589459e-02
5.345311680767651091e-02
6.236689286988392200e-02
6.084364183719048053e-02
6.236689286988392200e-02
6.175819411854101271e-02
4.528436334983812483e-02
5.988033455887331602e-02
6.236689286988392200e-02
5.613970393350897758e-02
5.450403753500105558e-02
5.780650464858332754e-02
6.236689286988392200e-02
6.236689286988392200e-02
4.292107879094696904e-02
5.904264678832671365e-02
5.718852946088219535e-02
5.609972521943075441e-02
6.153199767445115265e-02
6.140943642453460666e-02
5.157219010098153256e-02
5.895161375500639067e-02
6.217700191158095913e-02
6.143805984446468887e-02
5.580842222169143246e-02
4.419724870017186641e-02
5.615769296512908987e-02
5.444338358621681612e-02
5.331498323545229984e-02
6.236689286988392200e-02
6.236689286988392200e-02
6.048329041752240759e-02
6.236689286988392200e-02
5.289937530692463002e-02
4.373699546777460451e-02
6.141700910412775660e-02
5.558834652987706265e-02
4.320847837954137904e-02
4.505214000730205920e-02
4.580897969530124680e-02
5.373523708307845898e-02
6.236689286988392200e-02
4.290478896307561851e-02
6.236689286988392200e-02
5.801244844219106273e-02
6.236689286988392200e-02
6.236689286988392200e-02
4.329494111621288305e-02
5.251977031003639274e-02
5.666059247087481404e-02
