1.062984035971416290e+02
6.881508976204321471e+01
6.379423198479590695e+01
8.691704764468877897e+01
1.199332002936114776e+02
1.221038656383229721e+02
1.223165644252605659e+02
1.176016750587345001e+02
1.134474135469008473e+02
1.144125233532669199e+02
1.106370637795990746e+02
1.115411097536750304e+02
1.138890477559619541e+02
1.142669341999797155e+02
1.220601480904874876e+02
1.264726097674932817e+02
1.232297736995550963e+02
1.248049282939707041e+02
1.235767670492180628e+02
1.209766991179019016e+02
1.163527071376722546e+02
1.129005842359826062e+02
1.096537997386464838e+02
1.061980023628879053e+02
1.030772105363225677e+02
1.005578593782477128e+02
9.810572349634060174e+01
9.595398823305833957e+01
9.375618033351159397e+01
9.189298657694187966e+01
1.159609547518792425e+02
1.275406922281888171e+02
1.359565038833683559e+02
1.568401361220928152e+02
1.761304179471758573e+02
1.936267952264209953e+02
2.108260710311123205e+02
2.273306481092409115e+02
2.429375545679783102e+02
2.467314678261872416e+02
2.612989930011582942e+02
2.650030274458914619e+02
2.691737942616702526e+02
2.816925716648140678e+02
2.938105145167070873e+02
2.947385115395927073e+02
2.950652711450085803e+02
3.064805779961541816e+02
3.101632181940316286e+02
3.135480823784470203e+02
3.239883160573010059e+02
3.267073892840252256e+02
3.363544196748926538e+02
3.455885970883205687e+02
3.482327718765804434e+02
3.492092479435909240e+02
3.578196120147559895e+02
3.599833325734250593e+02
3.675090388009941194e+02
3.748838881543108528e+02
3.824923490042402250e+02
3.898231175686879624e+02
3.968417982422008095e+02
4.037036451446664387e+02
4.104774352193638833e+02
4.169702013524038193e+02
4.232691535710246740e+02
4.297651954302742752e+02
4.356526563660674469e+02
4.409719041322664452e+02
4.402239650187208895e+02
4.397795986585938977e+02
4.447141247043665544e+02
4.503666365326859591e+02
4.550817480455834811e+02
4.601333039923521255e+02
4.655211831612825790e+02
4.703606551720353650e+02
4.750776089040349461e+02
4.748518792079223090e+02
4.793969177362195637e+02
4.835018333735827696e+02
4.874957871883588609e+02
4.917994087694498262e+02
4.958841216074562794e+02
4.994436085655091233e+02
5.034614981222273968e+02
5.069676174617475795e+02
5.102938240071212022e+02
5.140572259625976130e+02
5.177379157871844200e+02
5.212951123547151155e+02
5.243994659853095754e+02
5.280228759216360004e+02
5.309594772277240509e+02
5.338453160066019336e+02
5.367025807900390646e+02
5.398076564962631210e+02
5.428500034003412793e+02
5.462315033663378472e+02
5.536285193303664300e+02
5.617752015710969999e+02
5.694276764067940348e+02
5.730483987390929315e+02
5.788984206301998938e+02
5.826256230306221369e+02
5.898496954591531676e+02
5.977037209642226117e+02
6.019817709610447309e+02
6.087707858449391551e+02
6.165019611645097939e+02
6.234471050098247815e+02
6.301464619719907887e+02
6.370746673922686796e+02
6.435630159666926602e+02
6.496364206174669107e+02
6.532915324468704057e+02
6.602957068828800402e+02
6.677310082364433583e+02
6.722373184423772727e+02
6.807785897670464692e+02
6.886945297340414527e+02
6.964522843260689342e+02
7.046151376988646007e+02
7.128133556318770161e+02
7.170006627996184534e+02
7.254371608939508178e+02
7.338185895327063690e+02
7.422664139412444229e+02
7.506978102648802178e+02
7.472260954266212138e+02
7.510809698866833060e+02
7.558383451181921373e+02
7.558483451181922419e+02
7.559183451181920645e+02
7.566083451181921191e+02
7.568783451181921009e+02
7.569683451181921328e+02
7.571383451181920918e+02
7.613814042692288240e+02
7.610714042692287649e+02
7.619625711847720595e+02
7.660591111795283723e+02
7.666891111795283678e+02
7.667691111795282950e+02
7.722341274038340089e+02
7.779331652738925413e+02
7.775131652738924686e+02
7.814138657969710948e+02
7.846898015228231316e+02
7.846698015228231498e+02
7.887260002843535176e+02
7.884960002843534994e+02
7.882960002843534539e+02
7.918858181799273552e+02
7.963566638636356174e+02
7.927899787192126269e+02
7.961168246750371509e+02
7.968568246750371600e+02
7.972068246750371827e+02
7.974968246750370326e+02
7.971768246750370963e+02
7.976768246750370963e+02
7.977468246750370326e+02
7.981068246750370463e+02
7.984568246750370690e+02
7.988468246750370554e+02
7.952444723421076560e+02
7.956844723421075969e+02
7.961044723421076696e+02
8.009757900714024572e+02
8.051034942005065886e+02
8.055134942005065568e+02
8.056334942005065614e+02
8.027357624786448014e+02
8.031557624786447604e+02
8.029357624786447332e+02
8.026757624786447423e+02
8.025257624786447650e+02
8.066655701464944741e+02
8.066955701464944468e+02
8.072955701464944696e+02
8.074355701464944559e+02
8.074655701464944286e+02
8.079055701464944832e+02
8.083755701464943968e+02
8.086055701464944150e+02
8.089555701464944377e+02
8.097355701464944104e+02
8.100355701464944786e+02
8.103355701464944332e+02
8.106755701464944650e+02
8.114055701464944832e+02
8.108255701464944423e+02
8.114955701464944013e+02
8.122255701464944195e+02
8.128055701464944605e+02
8.125155701464943832e+02
8.129455701464944468e+02
8.126255701464943968e+02
8.126155701464944059e+02
8.129655701464944286e+02
8.135755701464944423e+02
8.171919928679519671e+02
8.176519928679518898e+02
8.213952185439109144e+02
8.216952185439108689e+02
8.211052185439108371e+02
8.248250353325665856e+02
8.256250353325666538e+02
8.259650353325665719e+02
8.229567350633174101e+02
8.236767350633174374e+02
8.243867350633174738e+02
8.244167350633174465e+02
8.252267350633175056e+02
8.295381792677883368e+02
8.298581792677883868e+02
8.297881792677883368e+02
8.328761149776255479e+02
8.329561149776255888e+02
8.334161149776255115e+02
8.340261149776255252e+02
8.343961149776255297e+02
8.346861149776254933e+02
8.389230670056203962e+02
8.385430670056204008e+02
8.386230670056204417e+02
8.380630670056203826e+02
8.380530670056203917e+02
8.415147818438796321e+02
8.416047818438796639e+02
8.416447818438796276e+02
8.416747818438796003e+02
8.420547818438795957e+02
8.421147818438796548e+02
8.416047818438796639e+02
8.419047818438796185e+02
8.421547818438796185e+02
8.427847818438796139e+02
8.434747818438795548e+02
8.464949305315365109e+02
8.467749305315364836e+02
8.467749305315364836e+02
8.471849305315365655e+02
8.469049305315364791e+02
8.468949305315364882e+02
8.476649305315364700e+02
8.476849305315365655e+02
8.484549305315365473e+02
8.488849305315364973e+02
8.489849305315365200e+02
8.490349305315364745e+02
8.497549305315365018e+02
8.496849305315365655e+02
8.500049305315365018e+02
8.539616156759595924e+02
8.546016156759595788e+02
8.541316156759596652e+02
8.544116156759596379e+02
8.506236066457831839e+02
8.514336066457831294e+02
8.513836066457831748e+02
8.517836066457831521e+02
8.518636066457831930e+02
8.518036066457831339e+02
8.514936066457831885e+02
8.551859589787126197e+02
8.552059589787126015e+02
8.555259589787125378e+02
8.556059589787125788e+02
8.562159589787125924e+02
8.566259589787125606e+02
8.567159589787125924e+02
8.604236907005744115e+02
8.604336907005744024e+02
8.607636907005743296e+02
8.613836907005743342e+02
8.619036907005743160e+02
8.616836907005744024e+02
8.620736907005743888e+02
8.617636907005743296e+02
8.622836907005744251e+02
8.621336907005743342e+02
8.617136907005743751e+02
8.620036907005743387e+02
8.620936907005743706e+02
8.624436907005743933e+02
8.624636907005743751e+02
8.625136907005743296e+02
8.628236907005743888e+02
8.628636907005743524e+02
8.628536907005743615e+02
8.636136907005743524e+02
8.634936907005743478e+02
8.635436907005744160e+02
8.636636907005744206e+02
8.643936907005743251e+02
8.639736907005743660e+02
8.635536907005744069e+02
8.639036907005743160e+02
8.639136907005744206e+02
8.639336907005744024e+02
8.639636907005743751e+02
8.635736907005743888e+02
8.636036907005743615e+02
8.636636907005744206e+02
8.644036907005743160e+02
8.644236907005744115e+02
8.644536907005743842e+02
8.647636907005743296e+02
8.679519909698235551e+02
8.679719909698235369e+02
8.679619909698235460e+02
8.682119909698235460e+02
8.682819909698234824e+02
8.684219909698235824e+02
8.679719909698235369e+02
8.683919909698234960e+02
8.683119909698235688e+02
8.681719909698235824e+02
8.682419909698235188e+02
8.683219909698235597e+02
8.683619909698235233e+02
8.684119909698234778e+02
8.684419909698235642e+02
8.680919909698235415e+02
8.680719909698235597e+02
8.687619909698235006e+02
8.687319909698235278e+02
8.694919909698235188e+02
8.695119909698235006e+02
8.694519909698235551e+02
8.697719909698234915e+02
8.698219909698235597e+02
8.698619909698235233e+02
8.703019909698235779e+02
8.703419909698235415e+02
8.704219909698235824e+02
8.666080830473891865e+02
8.667280830473891911e+02
8.678080830473892320e+02
8.678380830473892047e+02
8.681280830473892820e+02
8.681780830473892365e+02
8.684880830473891820e+02
8.680680830473892229e+02
8.676180830473891774e+02
8.672380830473891820e+02
8.672480830473891729e+02
8.672580830473892775e+02
8.674980830473891729e+02
8.681480830473892638e+02
8.680980830473891956e+02
8.685180830473892684e+02
8.685280830473892593e+02
8.685780830473892138e+02
8.686180830473891774e+02
8.690880830473892047e+02
8.691580830473892547e+02
8.730960920775657996e+02
8.730260920775658633e+02
8.725360920775658542e+02
8.726060920775657905e+02
8.725560920775658360e+02
8.729460920775658224e+02
8.733260920775658178e+02
8.734560920775658133e+02
8.734860920775658997e+02
8.735160920775658724e+02
8.735560920775658360e+02
8.737660920775658724e+02
8.737760920775658633e+02
8.737760920775658633e+02
8.737960920775658451e+02
8.738460920775657996e+02
8.738160920775658269e+02
8.738460920775657996e+02
8.741560920775658587e+02
8.745060920775658815e+02
8.744960920775658906e+02
8.748760920775658860e+02
8.749060920775658587e+02
8.748560920775657905e+02
8.749260920775658406e+02
8.749560920775658133e+02
8.748860920775658769e+02
8.749060920775658587e+02
8.744260920775658406e+02
8.746660920775658496e+02
8.743860920775658769e+02
8.744360920775658315e+02
8.744560920775658133e+02
8.744460920775658224e+02
8.746660920775658496e+02
8.740660920775658269e+02
8.740760920775658178e+02
8.741560920775658587e+02
8.745460920775658451e+02
8.753160920775658269e+02
8.753760920775658860e+02
8.754260920775658406e+02
8.754560920775658133e+02
8.749760920775657951e+02
8.753860920775658769e+02
8.754360920775658315e+02
8.754760920775657951e+02
8.750960920775657996e+02
8.751860920775658315e+02
8.751960920775658224e+02
8.749260920775658406e+02
8.757160920775658042e+02
8.756860920775658315e+02
8.756960920775658224e+02
8.757060920775658133e+02
8.756760920775658406e+02
8.757360920775658997e+02
8.762160920775658042e+02
8.762560920775658815e+02
8.764360920775658315e+02
8.765660920775658269e+02
8.765760920775658178e+02
8.768560920775657905e+02
8.769060920775658587e+02
8.769660920775658042e+02
8.769760920775657951e+02
8.772760920775658633e+02
8.775160920775658724e+02
8.774460920775658224e+02
8.775360920775658542e+02
8.772460920775658906e+02
8.772360920775658997e+02
8.772860920775658542e+02
8.772760920775658633e+02
8.773260920775658178e+02
8.773460920775657996e+02
8.778660920775658951e+02
8.778860920775658769e+02
8.779060920775658587e+02
8.817300000000000182e+02
8.816399999999999864e+02
8.813300000000000409e+02
8.813099999999999454e+02
8.810499999999999545e+02
8.811399999999999864e+02
8.811100000000000136e+02
8.815299999999999727e+02
8.820099999999999909e+02
8.824500000000000455e+02
8.826100000000000136e+02
8.825499999999999545e+02
8.816399999999999864e+02
8.816100000000000136e+02
8.816000000000000227e+02
8.815800000000000409e+02
8.816000000000000227e+02
8.815900000000000318e+02
8.815800000000000409e+02
8.816299999999999955e+02
8.816399999999999864e+02
8.816499999999999773e+02
8.817100000000000364e+02
8.824800000000000182e+02
8.824299999999999500e+02
8.825000000000000000e+02
8.822500000000000000e+02
8.822699999999999818e+02
8.825199999999999818e+02
8.825599999999999454e+02
8.825399999999999636e+02
8.825299999999999727e+02
8.823899999999999864e+02
8.825800000000000409e+02
8.828799999999999955e+02
8.823999999999999773e+02
8.824099999999999682e+02
8.824400000000000546e+02
8.824700000000000273e+02
8.822500000000000000e+02
8.821900000000000546e+02
8.822500000000000000e+02
8.822599999999999909e+02
8.822699999999999818e+02
8.827899999999999636e+02
8.831699999999999591e+02
8.834700000000000273e+02
8.835800000000000409e+02
8.836499999999999773e+02
8.841599999999999682e+02
8.839299999999999500e+02
8.842200000000000273e+02
8.842000000000000455e+02
8.845000000000000000e+02
8.845700000000000500e+02
8.845900000000000318e+02
8.851599999999999682e+02
8.852300000000000182e+02
8.852100000000000364e+02
8.852699999999999818e+02
8.852899999999999636e+02
8.852999999999999545e+02
8.853200000000000500e+02
8.853600000000000136e+02
8.858899999999999864e+02
8.858999999999999773e+02
8.858500000000000227e+02
8.861399999999999864e+02
8.867999999999999545e+02
8.869800000000000182e+02
8.869500000000000455e+02
8.869600000000000364e+02
8.866599999999999682e+02
8.867000000000000455e+02
8.867599999999999909e+02
8.864700000000000273e+02
8.864900000000000091e+02
8.866499999999999773e+02
8.866200000000000045e+02
8.866000000000000227e+02
8.870800000000000409e+02
8.870900000000000318e+02
8.871000000000000227e+02
8.868500000000000227e+02
8.868400000000000318e+02
8.868300000000000409e+02
8.868500000000000227e+02
8.873700000000000045e+02
8.872000000000000455e+02
8.872400000000000091e+02
8.874600000000000364e+02
8.875000000000000000e+02
8.875199999999999818e+02
8.875299999999999727e+02
8.875900000000000318e+02
8.875800000000000409e+02
8.875499999999999545e+02
8.874199999999999591e+02
8.874500000000000455e+02
8.873999999999999773e+02
8.874299999999999500e+02
8.877000000000000455e+02
8.876699999999999591e+02
8.877200000000000273e+02
8.878099999999999454e+02
8.880700000000000500e+02
8.881200000000000045e+02
8.881699999999999591e+02
8.884500000000000455e+02
8.884500000000000455e+02
8.882899999999999636e+02
8.883400000000000318e+02
8.890599999999999454e+02
8.893099999999999454e+02
8.893400000000000318e+02
8.894299999999999500e+02
8.894400000000000546e+02
8.895099999999999909e+02
8.895199999999999818e+02
8.895599999999999454e+02
8.896000000000000227e+02
8.896299999999999955e+02
8.896499999999999773e+02
8.894500000000000455e+02
8.894099999999999682e+02
8.893899999999999864e+02
8.897000000000000455e+02
8.899199999999999591e+02
8.896399999999999864e+02
8.896200000000000045e+02
8.898999999999999773e+02
8.899299999999999500e+02
8.898799999999999955e+02
8.897500000000000000e+02
8.890199999999999818e+02
8.894800000000000182e+02
8.894400000000000546e+02
8.894400000000000546e+02
8.896499999999999773e+02
8.896200000000000045e+02
8.897200000000000273e+02
8.899600000000000364e+02
8.899500000000000455e+02
8.899500000000000455e+02
8.900099999999999909e+02
8.899800000000000182e+02
8.897100000000000364e+02
8.896900000000000546e+02
8.896299999999999955e+02
8.896399999999999864e+02
8.896799999999999500e+02
8.894199999999999591e+02
8.893999999999999773e+02
8.892300000000000182e+02
8.893799999999999955e+02
8.893899999999999864e+02
8.894199999999999591e+02
8.896499999999999773e+02
8.896000000000000227e+02
8.895700000000000500e+02
8.895599999999999454e+02
8.895700000000000500e+02
8.895099999999999909e+02
8.895099999999999909e+02
8.894900000000000091e+02
8.895000000000000000e+02
8.895399999999999636e+02
8.892200000000000273e+02
8.889600000000000364e+02
8.887300000000000182e+02
8.887500000000000000e+02
8.887699999999999818e+02
8.887500000000000000e+02
8.887200000000000273e+02
8.889600000000000364e+02
8.890199999999999818e+02
8.890000000000000000e+02
8.888400000000000318e+02
8.888899999999999864e+02
8.889400000000000546e+02
8.888899999999999864e+02
8.888999999999999773e+02
8.891100000000000136e+02
8.891599999999999682e+02
8.891699999999999591e+02
8.891299999999999955e+02
8.891499999999999773e+02
8.891100000000000136e+02
8.890399999999999636e+02
8.890299999999999727e+02
8.890700000000000500e+02
8.890299999999999727e+02
8.893200000000000500e+02
8.892999999999999545e+02
8.893799999999999955e+02
8.893500000000000227e+02
8.893999999999999773e+02
8.896399999999999864e+02
8.896299999999999955e+02
8.896699999999999591e+02
8.896599999999999682e+02
8.897000000000000455e+02
8.897500000000000000e+02
8.897000000000000455e+02
8.896399999999999864e+02
8.893700000000000045e+02
8.893700000000000045e+02
8.894099999999999682e+02
8.891299999999999955e+02
8.891200000000000045e+02
8.891399999999999864e+02
8.891000000000000227e+02
8.893999999999999773e+02
8.892500000000000000e+02
8.892899999999999636e+02
8.892599999999999909e+02
8.892599999999999909e+02
8.892400000000000091e+02
8.892400000000000091e+02
8.894500000000000455e+02
8.894299999999999500e+02
8.896100000000000136e+02
8.895700000000000500e+02
8.898700000000000045e+02
8.898899999999999864e+02
8.901299999999999955e+02
8.898700000000000045e+02
8.896200000000000045e+02
8.899400000000000546e+02
8.899700000000000273e+02
8.897300000000000182e+02
8.899800000000000182e+02
8.899900000000000091e+02
8.899800000000000182e+02
8.903999999999999773e+02
8.904099999999999682e+02
8.904299999999999500e+02
8.903999999999999773e+02
8.902000000000000455e+02
8.902000000000000455e+02
8.904500000000000455e+02
8.901699999999999591e+02
8.901799999999999500e+02
8.902300000000000182e+02
8.902200000000000273e+02
8.902400000000000091e+02
8.902899999999999636e+02
8.903400000000000318e+02
8.903500000000000227e+02
8.903799999999999955e+02
8.906200000000000045e+02
8.906200000000000045e+02
8.906599999999999682e+02
8.905700000000000500e+02
8.903899999999999864e+02
8.903899999999999864e+02
8.903999999999999773e+02
8.901599999999999682e+02
8.901000000000000227e+02
8.903799999999999955e+02
8.904199999999999591e+02
8.904099999999999682e+02
8.904199999999999591e+02
8.904099999999999682e+02
8.904199999999999591e+02
8.904400000000000546e+02
8.904199999999999591e+02
8.904900000000000091e+02
8.905000000000000000e+02
8.905099999999999909e+02
8.905199999999999818e+02
8.905199999999999818e+02
8.905599999999999454e+02
8.908700000000000045e+02
8.908999999999999773e+02
8.908999999999999773e+02
8.908899999999999864e+02
8.909099999999999682e+02
8.908799999999999955e+02
8.910199999999999818e+02
8.910199999999999818e+02
8.912500000000000000e+02
8.910499999999999545e+02
8.910000000000000000e+02
8.910000000000000000e+02
8.910000000000000000e+02
8.910099999999999909e+02
8.910700000000000500e+02
8.911399999999999864e+02
8.911399999999999864e+02
8.908999999999999773e+02
8.909099999999999682e+02
8.906599999999999682e+02
8.907200000000000273e+02
8.906399999999999864e+02
8.906799999999999500e+02
8.906599999999999682e+02
8.906399999999999864e+02
8.906599999999999682e+02
8.906799999999999500e+02
8.906699999999999591e+02
8.903799999999999955e+02
8.906100000000000136e+02
8.906599999999999682e+02
8.906299999999999955e+02
8.906399999999999864e+02
8.906499999999999773e+02
8.908899999999999864e+02
8.909600000000000364e+02
8.909700000000000273e+02
8.912300000000000182e+02
8.915599999999999454e+02
8.912699999999999818e+02
8.912300000000000182e+02
8.907100000000000364e+02
8.906900000000000546e+02
8.907100000000000364e+02
8.906699999999999591e+02
8.906900000000000546e+02
8.904700000000000273e+02
8.905299999999999727e+02
8.903300000000000409e+02
8.903799999999999955e+02
8.901000000000000227e+02
8.901399999999999864e+02
8.898799999999999955e+02
8.898500000000000227e+02
8.898899999999999864e+02
8.896100000000000136e+02
8.895499999999999545e+02
8.895700000000000500e+02
8.893099999999999454e+02
8.893600000000000136e+02
8.893600000000000136e+02
8.893999999999999773e+02
8.894099999999999682e+02
8.894400000000000546e+02
8.894900000000000091e+02
8.895299999999999727e+02
8.895099999999999909e+02
8.892500000000000000e+02
8.892100000000000364e+02
8.895000000000000000e+02
8.897200000000000273e+02
8.899400000000000546e+02
8.899500000000000455e+02
8.899099999999999682e+02
8.901499999999999773e+02
8.901299999999999955e+02
8.901100000000000136e+02
8.898700000000000045e+02
8.898999999999999773e+02
8.898999999999999773e+02
8.901599999999999682e+02
8.902000000000000455e+02
8.904900000000000091e+02
8.907400000000000091e+02
8.907500000000000000e+02
8.911000000000000227e+02
8.908400000000000318e+02
8.908200000000000500e+02
8.907699999999999818e+02
8.907899999999999636e+02
8.907899999999999636e+02
8.910700000000000500e+02
8.912699999999999818e+02
8.912999999999999545e+02
8.912500000000000000e+02
8.912300000000000182e+02
8.912500000000000000e+02
8.912799999999999727e+02
8.912599999999999909e+02
8.912899999999999636e+02
8.912699999999999818e+02
8.909800000000000182e+02
8.909800000000000182e+02
8.910399999999999636e+02
8.910000000000000000e+02
8.910099999999999909e+02
8.908799999999999955e+02
8.911299999999999955e+02
8.908700000000000045e+02
8.908799999999999955e+02
8.911200000000000045e+02
8.911200000000000045e+02
8.911799999999999500e+02
8.911399999999999864e+02
8.913899999999999864e+02
8.913899999999999864e+02
8.913899999999999864e+02
8.913700000000000045e+02
8.913500000000000227e+02
8.913300000000000409e+02
8.913300000000000409e+02
8.916100000000000136e+02
8.916000000000000227e+02
8.915700000000000500e+02
8.913600000000000136e+02
8.913500000000000227e+02
8.913600000000000136e+02
8.916799999999999500e+02
8.916900000000000546e+02
8.914299999999999500e+02
8.914099999999999682e+02
8.914099999999999682e+02
8.913700000000000045e+02
8.913600000000000136e+02
8.911299999999999955e+02
8.911200000000000045e+02
8.914199999999999591e+02
8.911799999999999500e+02
8.908999999999999773e+02
8.908700000000000045e+02
8.908300000000000409e+02
8.916200000000000045e+02
8.916499999999999773e+02
8.916499999999999773e+02
8.916599999999999682e+02
8.916499999999999773e+02
8.916200000000000045e+02
8.915700000000000500e+02
8.916100000000000136e+02
8.915800000000000409e+02
8.915800000000000409e+02
8.916000000000000227e+02
8.918700000000000045e+02
8.919099999999999682e+02
8.918999999999999773e+02
8.919099999999999682e+02
8.919299999999999500e+02
8.919199999999999591e+02
8.918700000000000045e+02
8.918400000000000318e+02
8.920299999999999727e+02
8.920499999999999545e+02
8.920800000000000409e+02
8.920199999999999818e+02
8.920099999999999909e+02
8.919500000000000455e+02
8.919600000000000364e+02
8.919800000000000182e+02
8.920399999999999636e+02
8.920099999999999909e+02
8.920199999999999818e+02
8.917899999999999636e+02
8.917699999999999818e+02
8.917999999999999545e+02
8.915399999999999636e+02
8.915900000000000318e+02
8.916000000000000227e+02
8.916000000000000227e+02
8.915900000000000318e+02
8.918600000000000136e+02
8.916100000000000136e+02
8.915800000000000409e+02
8.912699999999999818e+02
8.910399999999999636e+02
8.912799999999999727e+02
8.912899999999999636e+02
8.915199999999999818e+02
8.915000000000000000e+02
8.915099999999999909e+02
8.914900000000000091e+02
8.917699999999999818e+02
8.914600000000000364e+02
8.914500000000000455e+02
8.916299999999999955e+02
8.916299999999999955e+02
8.918600000000000136e+02
8.918500000000000227e+02
8.918300000000000409e+02
8.918600000000000136e+02
8.917999999999999545e+02
8.915199999999999818e+02
8.917899999999999636e+02
8.920499999999999545e+02
8.920000000000000000e+02
8.919900000000000091e+02
8.922699999999999818e+02
8.922599999999999909e+02
8.920499999999999545e+02
8.920599999999999454e+02
8.920700000000000500e+02
8.918500000000000227e+02
8.917999999999999545e+02
8.917500000000000000e+02
8.917799999999999727e+02
8.914800000000000182e+02
8.914500000000000455e+02
8.914800000000000182e+02
8.915099999999999909e+02
8.915299999999999727e+02
8.915800000000000409e+02
8.915599999999999454e+02
8.912799999999999727e+02
8.915599999999999454e+02
8.915900000000000318e+02
8.915800000000000409e+02
8.916200000000000045e+02
8.915900000000000318e+02
8.912599999999999909e+02
8.912699999999999818e+02
8.913300000000000409e+02
8.913099999999999454e+02
8.915399999999999636e+02
8.917699999999999818e+02
8.920000000000000000e+02
8.919400000000000546e+02
8.919199999999999591e+02
8.916599999999999682e+02
8.918500000000000227e+02
8.918500000000000227e+02
8.918600000000000136e+02
8.918799999999999955e+02
8.915700000000000500e+02
8.915499999999999545e+02
8.915399999999999636e+02
8.915900000000000318e+02
8.915700000000000500e+02
8.916000000000000227e+02
8.916599999999999682e+02
8.916499999999999773e+02
8.917000000000000455e+02
8.917200000000000273e+02
8.916900000000000546e+02
8.914199999999999591e+02
8.916799999999999500e+02
8.916799999999999500e+02
8.916299999999999955e+02
8.916399999999999864e+02
8.916299999999999955e+02
8.918600000000000136e+02
8.918500000000000227e+02
8.916599999999999682e+02
8.916599999999999682e+02
8.919099999999999682e+02
8.922200000000000273e+02
8.922100000000000364e+02
8.922599999999999909e+02
8.922599999999999909e+02
8.922300000000000182e+02
8.922300000000000182e+02
8.919700000000000273e+02
8.917200000000000273e+02
8.917000000000000455e+02
8.920099999999999909e+02
8.919900000000000091e+02
8.922699999999999818e+02
8.922599999999999909e+02
8.922500000000000000e+02
8.924700000000000273e+02
8.924600000000000364e+02
8.921699999999999591e+02
8.921599999999999682e+02
8.921599999999999682e+02
8.921699999999999591e+02
8.921200000000000045e+02
8.912799999999999727e+02
8.909900000000000091e+02
8.907500000000000000e+02
8.907500000000000000e+02
8.907200000000000273e+02
8.907599999999999909e+02
8.907100000000000364e+02
8.906900000000000546e+02
8.904800000000000182e+02
8.902799999999999727e+02
8.902999999999999545e+02
8.900700000000000500e+02
8.900900000000000318e+02
8.900900000000000318e+02
8.900599999999999454e+02
8.901000000000000227e+02
8.900800000000000409e+02
8.897999999999999545e+02
8.895199999999999818e+02
8.895199999999999818e+02
8.894900000000000091e+02
8.891900000000000546e+02
8.892000000000000455e+02
8.894400000000000546e+02
8.894400000000000546e+02
8.893500000000000227e+02
8.893300000000000409e+02
8.893799999999999955e+02
8.893700000000000045e+02
8.893700000000000045e+02
8.893300000000000409e+02
8.895900000000000318e+02
8.895499999999999545e+02
8.897999999999999545e+02
8.898200000000000500e+02
8.897599999999999909e+02
8.897400000000000091e+02
8.896699999999999591e+02
8.896699999999999591e+02
8.896299999999999955e+02
8.896000000000000227e+02
8.895099999999999909e+02
8.895299999999999727e+02
8.895499999999999545e+02
8.897799999999999727e+02
8.896900000000000546e+02
8.899600000000000364e+02
8.900000000000000000e+02
8.897300000000000182e+02
8.895000000000000000e+02
8.895399999999999636e+02
8.895299999999999727e+02
8.894800000000000182e+02
8.892000000000000455e+02
8.891499999999999773e+02
8.891799999999999500e+02
8.892999999999999545e+02
8.893300000000000409e+02
8.892799999999999727e+02
8.895299999999999727e+02
8.895099999999999909e+02
8.895599999999999454e+02
8.895599999999999454e+02
8.895000000000000000e+02
8.897200000000000273e+02
8.896499999999999773e+02
8.896399999999999864e+02
8.899099999999999682e+02
8.901900000000000546e+02
8.898999999999999773e+02
8.898500000000000227e+02
8.898600000000000136e+02
8.898099999999999454e+02
8.898500000000000227e+02
8.896699999999999591e+02
8.896900000000000546e+02
8.899099999999999682e+02
8.898500000000000227e+02
8.898500000000000227e+02
8.895800000000000409e+02
8.895499999999999545e+02
8.895199999999999818e+02
8.895599999999999454e+02
8.895800000000000409e+02
8.895299999999999727e+02
8.895599999999999454e+02
8.897999999999999545e+02
8.897799999999999727e+02
8.894800000000000182e+02
8.894500000000000455e+02
8.891799999999999500e+02
8.891499999999999773e+02
8.891100000000000136e+02
8.888500000000000227e+02
8.891100000000000136e+02
8.893999999999999773e+02
8.893400000000000318e+02
8.893099999999999454e+02
8.892799999999999727e+02
8.892799999999999727e+02
8.897999999999999545e+02
8.900599999999999454e+02
8.900499999999999545e+02
8.900399999999999636e+02
8.901100000000000136e+02
8.901000000000000227e+02
8.898700000000000045e+02
8.898700000000000045e+02
8.898500000000000227e+02
8.897999999999999545e+02
8.897599999999999909e+02
8.900399999999999636e+02
8.899600000000000364e+02
8.899500000000000455e+02
8.902400000000000091e+02
8.902500000000000000e+02
8.902799999999999727e+02
8.902799999999999727e+02
8.905900000000000318e+02
8.908700000000000045e+02
8.912000000000000455e+02
8.912000000000000455e+02
8.911599999999999682e+02
8.908700000000000045e+02
8.911599999999999682e+02
8.911799999999999500e+02
8.914700000000000273e+02
8.914700000000000273e+02
8.915099999999999909e+02
8.915000000000000000e+02
8.918500000000000227e+02
8.915599999999999454e+02
8.915800000000000409e+02
8.912799999999999727e+02
8.915399999999999636e+02
8.915599999999999454e+02
8.915499999999999545e+02
8.916399999999999864e+02
8.913700000000000045e+02
8.913500000000000227e+02
8.913200000000000500e+02
8.916599999999999682e+02
8.916499999999999773e+02
8.919199999999999591e+02
8.916499999999999773e+02
8.917200000000000273e+02
8.914500000000000455e+02
8.911799999999999500e+02
8.914900000000000091e+02
8.914700000000000273e+02
8.914800000000000182e+02
8.917500000000000000e+02
8.917400000000000091e+02
8.920900000000000318e+02
8.923799999999999955e+02
8.926299999999999955e+02
8.925099999999999909e+02
8.924800000000000182e+02
8.927699999999999818e+02
8.925000000000000000e+02
8.925000000000000000e+02
8.924500000000000455e+02
8.924400000000000546e+02
8.924800000000000182e+02
8.922300000000000182e+02
8.922200000000000273e+02
8.921799999999999500e+02
8.919099999999999682e+02
8.916399999999999864e+02
8.916299999999999955e+02
8.917000000000000455e+02
8.916900000000000546e+02
8.917500000000000000e+02
8.917200000000000273e+02
8.917100000000000364e+02
8.917100000000000364e+02
8.914700000000000273e+02
8.914500000000000455e+02
8.911499999999999773e+02
8.911599999999999682e+02
8.912500000000000000e+02
8.912200000000000273e+02
8.912000000000000455e+02
8.911799999999999500e+02
8.912100000000000364e+02
8.912200000000000273e+02
8.909400000000000546e+02
8.909700000000000273e+02
8.909900000000000091e+02
8.910299999999999727e+02
8.910399999999999636e+02
8.910399999999999636e+02
8.910599999999999454e+02
8.910399999999999636e+02
8.907599999999999909e+02
8.904900000000000091e+02
8.905000000000000000e+02
8.905099999999999909e+02
8.905199999999999818e+02
8.905099999999999909e+02
8.905700000000000500e+02
8.905900000000000318e+02
8.906200000000000045e+02
8.908799999999999955e+02
8.908400000000000318e+02
8.908099999999999454e+02
8.907400000000000091e+02
8.910700000000000500e+02
8.912999999999999545e+02
8.916000000000000227e+02
8.915900000000000318e+02
8.915700000000000500e+02
8.916200000000000045e+02
8.916100000000000136e+02
8.913099999999999454e+02
8.915900000000000318e+02
8.916200000000000045e+02
8.918799999999999955e+02
8.915599999999999454e+02
8.912699999999999818e+02
8.909800000000000182e+02
8.909700000000000273e+02
8.909800000000000182e+02
8.910399999999999636e+02
8.907300000000000182e+02
8.907799999999999727e+02
8.904700000000000273e+02
8.907100000000000364e+02
8.907100000000000364e+02
8.907100000000000364e+02
8.904400000000000546e+02
8.904600000000000364e+02
8.904199999999999591e+02
8.907200000000000273e+02
8.904700000000000273e+02
8.904500000000000455e+02
8.904400000000000546e+02
8.906699999999999591e+02
8.906599999999999682e+02
8.907300000000000182e+02
8.907599999999999909e+02
8.904600000000000364e+02
8.904500000000000455e+02
8.902000000000000455e+02
8.905000000000000000e+02
8.904900000000000091e+02
8.904900000000000091e+02
8.904299999999999500e+02
8.901799999999999500e+02
8.904299999999999500e+02
8.903999999999999773e+02
8.904400000000000546e+02
8.904500000000000455e+02
8.901699999999999591e+02
8.898999999999999773e+02
8.896200000000000045e+02
8.896200000000000045e+02
8.896000000000000227e+02
8.893400000000000318e+02
8.896399999999999864e+02
8.896000000000000227e+02
8.896299999999999955e+02
8.896000000000000227e+02
8.895900000000000318e+02
8.898799999999999955e+02
8.899400000000000546e+02
8.899600000000000364e+02
8.899800000000000182e+02
8.900000000000000000e+02
8.900499999999999545e+02
8.899600000000000364e+02
8.899500000000000455e+02
8.899400000000000546e+02
8.899099999999999682e+02
8.898999999999999773e+02
8.898799999999999955e+02
8.898500000000000227e+02
8.901299999999999955e+02
8.901699999999999591e+02
8.901399999999999864e+02
8.903700000000000045e+02
8.903799999999999955e+02
8.903600000000000136e+02
8.903500000000000227e+02
8.903400000000000318e+02
8.903500000000000227e+02
8.903799999999999955e+02
8.903500000000000227e+02
8.903600000000000136e+02
8.903200000000000500e+02
8.902799999999999727e+02
8.903099999999999454e+02
8.906000000000000227e+02
8.906499999999999773e+02
8.906299999999999955e+02
8.906299999999999955e+02
8.906200000000000045e+02
8.906399999999999864e+02
8.906599999999999682e+02
8.906499999999999773e+02
8.906499999999999773e+02
8.903400000000000318e+02
8.905900000000000318e+02
8.903600000000000136e+02
8.903899999999999864e+02
8.904299999999999500e+02
8.907300000000000182e+02
8.903899999999999864e+02
8.904099999999999682e+02
8.901799999999999500e+02
8.902500000000000000e+02
8.899900000000000091e+02
8.902599999999999909e+02
8.905399999999999636e+02
8.905700000000000500e+02
8.902699999999999818e+02
8.901900000000000546e+02
8.899099999999999682e+02
8.899400000000000546e+02
8.899199999999999591e+02
8.899199999999999591e+02
8.901799999999999500e+02
8.901599999999999682e+02
8.901399999999999864e+02
8.901299999999999955e+02
8.901200000000000045e+02
8.904199999999999591e+02
8.901599999999999682e+02
8.903999999999999773e+02
8.903799999999999955e+02
8.903799999999999955e+02
8.903899999999999864e+02
8.904400000000000546e+02
8.901799999999999500e+02
8.901599999999999682e+02
8.901399999999999864e+02
8.902000000000000455e+02
8.902300000000000182e+02
8.902500000000000000e+02
8.902100000000000364e+02
8.901699999999999591e+02
8.902100000000000364e+02
8.901900000000000546e+02
8.901799999999999500e+02
8.898700000000000045e+02
8.901200000000000045e+02
8.901599999999999682e+02
8.902300000000000182e+02
8.902200000000000273e+02
8.900000000000000000e+02
8.900099999999999909e+02
8.897500000000000000e+02
8.897999999999999545e+02
8.897799999999999727e+02
8.897599999999999909e+02
8.897500000000000000e+02
8.897400000000000091e+02
8.897400000000000091e+02
8.897100000000000364e+02
8.893999999999999773e+02
8.896799999999999500e+02
8.897000000000000455e+02
8.897599999999999909e+02
8.897500000000000000e+02
8.894900000000000091e+02
8.894099999999999682e+02
8.894299999999999500e+02
8.894199999999999591e+02
8.893500000000000227e+02
8.892999999999999545e+02
8.893300000000000409e+02
8.893200000000000500e+02
8.893300000000000409e+02
8.893300000000000409e+02
8.892899999999999636e+02
8.895599999999999454e+02
8.898700000000000045e+02
8.899099999999999682e+02
8.898500000000000227e+02
8.898600000000000136e+02
8.896000000000000227e+02
8.896299999999999955e+02
8.899299999999999500e+02
8.898899999999999864e+02
8.898799999999999955e+02
8.898700000000000045e+02
8.898400000000000318e+02
8.898300000000000409e+02
8.897799999999999727e+02
8.897799999999999727e+02
8.897400000000000091e+02
8.896900000000000546e+02
8.893500000000000227e+02
8.893400000000000318e+02
8.893899999999999864e+02
8.893500000000000227e+02
8.896499999999999773e+02
8.896599999999999682e+02
8.896299999999999955e+02
8.896499999999999773e+02
8.899199999999999591e+02
8.902200000000000273e+02
8.899500000000000455e+02
8.899400000000000546e+02
8.899500000000000455e+02
8.899099999999999682e+02
8.896399999999999864e+02
8.899299999999999500e+02
8.897000000000000455e+02
8.896699999999999591e+02
8.899299999999999500e+02
8.899600000000000364e+02
8.896399999999999864e+02
8.893899999999999864e+02
8.893700000000000045e+02
8.893799999999999955e+02
8.894400000000000546e+02
8.894099999999999682e+02
8.894199999999999591e+02
8.895000000000000000e+02
8.895299999999999727e+02
8.892899999999999636e+02
8.893300000000000409e+02
8.892799999999999727e+02
8.896000000000000227e+02
8.896100000000000136e+02
8.893400000000000318e+02
8.893600000000000136e+02
8.890800000000000409e+02
8.890399999999999636e+02
8.890099999999999909e+02
8.889900000000000091e+02
8.889900000000000091e+02
8.889800000000000182e+02
8.889700000000000273e+02
8.890000000000000000e+02
8.889600000000000364e+02
8.886900000000000546e+02
8.886799999999999500e+02
8.886799999999999500e+02
8.887400000000000091e+02
8.887300000000000182e+02
8.887599999999999909e+02
8.887000000000000455e+02
8.887200000000000273e+02
8.884400000000000546e+02
8.883799999999999955e+02
8.883799999999999955e+02
8.883600000000000136e+02
8.885800000000000409e+02
8.885599999999999454e+02
8.884900000000000091e+02
8.884800000000000182e+02
8.887699999999999818e+02
8.887699999999999818e+02
8.887699999999999818e+02
8.887400000000000091e+02
8.887400000000000091e+02
8.887699999999999818e+02
8.888200000000000500e+02
8.888099999999999454e+02
8.887500000000000000e+02
8.887300000000000182e+02
8.887100000000000364e+02
8.886900000000000546e+02
8.887300000000000182e+02
8.887300000000000182e+02
8.887400000000000091e+02
8.890199999999999818e+02
8.890099999999999909e+02
8.890199999999999818e+02
8.890700000000000500e+02
8.890499999999999545e+02
8.890700000000000500e+02
8.891200000000000045e+02
8.888200000000000500e+02
8.884900000000000091e+02
8.882400000000000091e+02
8.882699999999999818e+02
8.885399999999999636e+02
8.885099999999999909e+02
8.885000000000000000e+02
8.882200000000000273e+02
8.882400000000000091e+02
8.882500000000000000e+02
8.882000000000000455e+02
8.881900000000000546e+02
8.882200000000000273e+02
8.885099999999999909e+02
8.885499999999999545e+02
8.886100000000000136e+02
8.888899999999999864e+02
8.892100000000000364e+02
8.894900000000000091e+02
8.894900000000000091e+02
8.895000000000000000e+02
8.894800000000000182e+02
8.894600000000000364e+02
8.894700000000000273e+02
8.895000000000000000e+02
8.892500000000000000e+02
8.891900000000000546e+02
8.892100000000000364e+02
8.892000000000000455e+02
