1.049044374896973295e+02
1.024557914919278971e+02
1.039648876988981954e+02
1.016625481396565363e+02
9.632672822085241648e+01
9.682358085886779975e+01
1.061802201988479055e+02
1.036128189819979895e+02
1.007476638288713104e+02
1.009823048250258353e+02
9.224925142957253854e+01
8.790938934828231766e+01
9.308458741328863084e+01
8.778049641556528115e+01
8.333348693742505020e+01
8.399378827013588023e+01
9.021683113028345247e+01
8.629335417326893776e+01
8.874981699429747550e+01
9.292845940394447268e+01
1.049215527109548276e+02
1.040042866724925830e+02
1.048045081727717900e+02
1.040935017251491672e+02
1.057528368958457321e+02
1.019249333879670161e+02
1.032298316040696307e+02
1.027541149675737415e+02
1.032489379467170636e+02
1.032706787978631837e+02
8.578642511687591821e+01
1.049940959220633374e+02
9.894842784728120932e+01
8.835141161152807854e+01
9.335564134147996640e+01
1.023457213891287267e+02
9.418221480771289578e+01
9.307255261507066280e+01
9.348804628270028161e+01
1.054500275537517240e+02
8.175722244784263637e+01
1.063507512121654770e+02
9.869098698689326454e+01
9.845577303893131216e+01
9.722703609489630594e+01
9.680113116574665355e+01
1.060228361091516263e+02
8.124267038456628143e+01
1.010928486844671568e+02
1.059803038461701306e+02
8.103206684842839991e+01
1.032053504802346424e+02
8.990191503154612462e+01
8.903450413282695308e+01
1.004846133097150727e+02
1.007863266388444003e+02
8.587026660010938883e+01
1.049748010574595440e+02
9.829463249111876166e+01
9.846893635520669363e+01
9.212051880316974461e+01
8.998604808051963744e+01
9.583087283613865281e+01
9.271176652556906106e+01
8.081453882773928399e+01
8.660255372014034947e+01
8.928592236928221837e+01
7.108633791598528262e+01
9.392091026420418132e+01
9.943491025017027596e+01
1.057943728513685357e+02
1.043263642992180280e+02
1.003305151481456221e+02
6.857496076590864220e+01
1.009169699203763173e+02
8.921550123486532868e+01
6.478599224458230310e+01
8.634846280950991115e+01
8.876749486343837248e+01
1.062316064859622173e+02
8.138360119275466786e+01
9.428347145738294444e+01
9.462309328328397839e+01
7.902929819718671922e+01
8.842511163243592875e+01
9.642394081448534848e+01
7.777020831241345888e+01
1.027782824510727124e+02
9.930394885787578119e+01
7.959555126734402108e+01
7.937830198753063371e+01
8.185325957013128573e+01
9.302467135073833049e+01
6.575704395641079714e+01
9.442208734532574965e+01
9.815753445839698088e+01
9.902098741777609803e+01
8.567544929706697587e+01
8.014058051004828087e+01
6.411252455275672446e+01
7.833195503350845001e+01
8.225110247594724910e+01
9.265235771608168136e+01
1.003109719913293958e+02
9.291636823237243448e+01
1.016498004262887633e+02
8.055306049439343496e+01
6.464249472156690501e+01
1.005981233259397243e+02
9.858809988326628115e+01
8.349318127795984879e+01
9.227109429148156039e+01
9.420986722395622337e+01
9.593584353976842749e+01
6.226768672546441508e+01
9.830352250927964519e+01
1.039731701803008548e+02
7.579169753160734047e+01
8.308417430908453127e+01
1.011045111241767955e+02
6.530839802331881572e+01
8.851422002213442397e+01
9.218552069028747553e+01
8.149486479826117602e+01
8.570913893157779739e+01
1.057923515891201731e+02
6.023435120346954363e+01
6.201419583038025962e+01
6.229973250737428003e+01
6.475306940324192340e+01
1.001881931556112022e+02
6.402940893915069864e+01
6.066028968381390030e+01
7.852820319161067175e+01
8.582121874504051107e+01
6.264372111232543716e+01
6.757082500604462894e+01
7.823239716655612597e+01
8.127894820675540188e+01
9.336729414426612550e+01
9.520160189437852694e+01
1.003111208357701258e+02
7.935715588869756232e+01
6.186462207662262358e+01
8.339768550518419943e+01
6.534161032755012855e+01
6.094558333657654003e+01
9.951556167285578169e+01
6.671928676971720051e+01
9.716120763555913697e+01
7.770624473825968437e+01
6.237465996832167292e+01
8.895951699728288986e+01
9.325981354579160154e+01
7.998082168280886606e+01
7.940541947949239443e+01
9.998971876114536883e+01
9.363301520881996964e+01
6.216085128097737567e+01
8.024230963512080450e+01
6.411317432480473144e+01
9.751349203734044124e+01
6.484605195895174745e+01
8.209528456041033451e+01
6.755298078119301408e+01
6.513189802261858574e+01
6.477335857935125318e+01
9.881326670199804596e+01
7.037194704234883602e+01
7.808495032090911536e+01
6.476129936641348195e+01
9.041982018164557644e+01
8.117143038978078096e+01
6.751268962719244371e+01
9.926454535744932173e+01
6.084250784065064011e+01
7.505749946630844249e+01
9.114511638017117434e+01
8.650782685331262201e+01
6.215685031406736982e+01
7.832310969883823759e+01
6.754373045147150378e+01
8.648428886313999442e+01
7.950530746233181389e+01
6.559506284404911014e+01
7.716909134142093762e+01
6.128285664162010704e+01
8.000442241843093427e+01
7.013632902147156756e+01
6.741247884395056644e+01
6.082585295003291037e+01
6.306745586849641683e+01
5.926718432116176416e+01
9.644400814384822240e+01
6.173622005185877271e+01
6.834379883334156602e+01
6.542708182138490258e+01
9.336954449086007912e+01
6.055058006103186585e+01
7.741228883874489952e+01
7.903499619748872362e+01
6.552442538012384432e+01
6.323657916131134016e+01
6.516827646858500600e+01
6.220465618339783731e+01
6.100363213746596358e+01
6.570254706443994053e+01
9.490919634636878754e+01
6.423569740522958682e+01
6.601667335800668468e+01
6.583738018074842557e+01
9.960569406628404465e+01
6.489787470079241416e+01
6.287450987469591723e+01
6.325863476269698538e+01
6.838097951371136674e+01
6.690390427921204264e+01
6.911817824305975932e+01
8.061979447922591646e+01
8.557750865479894742e+01
5.878698373790902565e+01
6.527974061519307725e+01
6.127604127788739419e+01
5.980823197923413659e+01
7.244769285078463383e+01
6.646142847003260101e+01
8.055432085622304328e+01
6.462942852051742193e+01
8.850686791834104383e+01
6.191521830565381634e+01
8.183357106015581905e+01
6.441497851768552607e+01
6.224555758458283350e+01
7.693504683330435512e+01
6.681628986531252679e+01
6.234418190308923613e+01
9.594249592379139813e+01
6.341146932257271374e+01
6.289902286702425016e+01
6.389738980250265143e+01
6.678340496853006414e+01
9.469927541709338925e+01
6.440939838563579656e+01
6.259913716473158729e+01
6.593158166478990267e+01
7.596847933027291333e+01
6.432445232653451228e+01
6.970009257355084742e+01
6.439071616782040053e+01
6.154920394324813060e+01
5.744741657398942891e+01
6.563857157871396453e+01
9.086544519905874040e+01
6.151170196939829538e+01
8.242462590840119674e+01
6.089353435937064773e+01
6.281426409438860503e+01
6.509566643531931618e+01
8.507890204129904532e+01
6.024770556418359035e+01
9.706433411615176965e+01
6.093043727595882331e+01
6.267616931598625740e+01
6.380869298431286296e+01
6.389612877053009754e+01
6.640450114823666183e+01
7.769791515312600438e+01
5.967660230846541225e+01
6.895982785928774206e+01
6.836482174063627326e+01
6.234155266846845933e+01
6.911118042823693486e+01
6.729982924570386160e+01
6.543710214168119421e+01
6.149854130108306549e+01
5.874308372420735935e+01
6.314270454989735271e+01
7.054038744185190524e+01
6.608059533703180932e+01
7.746866868212737245e+01
6.391507069773668803e+01
7.934247803313697034e+01
6.102424960044119473e+01
8.235376619794142528e+01
7.945519832827629614e+01
5.944761203249158399e+01
6.758822164217710338e+01
6.424887811078819766e+01
6.275611650995404034e+01
5.793047539968365101e+01
4.513494225489868228e+01
6.668775479540860829e+01
6.586051471158509685e+01
6.159185508537569120e+01
6.609040322626320574e+01
5.726167043852858995e+01
7.079364265209423479e+01
6.174250890288159610e+01
8.104092908737277412e+01
9.452581357261895789e+01
6.972078356153856760e+01
6.282909980203837819e+01
6.612783324484487935e+01
6.156030194890812623e+01
7.982476655752932970e+01
6.523880975810664040e+01
6.073558213618660773e+01
5.948391637649248764e+01
5.706845230452207574e+01
6.262927048958075460e+01
4.566995698539185611e+01
8.370290071180116342e+01
6.655528732355250554e+01
6.376182190167808983e+01
4.617360168798884246e+01
6.060666430829327567e+01
6.563386226955084624e+01
8.029608535065017350e+01
6.189995304108747121e+01
8.940519108102485291e+01
6.182193318156384265e+01
5.667251751626645984e+01
6.850241284943783171e+01
6.092096898404187755e+01
6.623177286475718972e+01
6.546440008621472373e+01
9.443080677724552174e+01
6.311380826058971394e+01
5.623969144822871868e+01
7.108305451993216195e+01
4.418999713972301890e+01
5.808439123428637885e+01
6.173885721819092254e+01
6.743740334224973765e+01
6.571535268086729786e+01
6.433725948676313067e+01
7.589359522933609981e+01
6.142473840281346753e+01
6.390666373154300572e+01
9.953034274391096403e+01
5.417746413885181056e+01
4.409815159239381899e+01
6.077915463504068327e+01
4.495514410353813162e+01
6.911532887300769801e+01
6.515560927080596798e+01
8.148122852306418906e+01
8.394704911594774899e+01
7.986010944051422200e+01
6.002759999158172377e+01
5.694761456248327391e+01
4.751609375798715007e+01
6.342499549636817591e+01
6.643122357346601348e+01
6.664637065945449024e+01
6.586044474042394370e+01
6.499561938722646914e+01
6.050805755860221069e+01
6.250321734719022970e+01
6.328061353276061851e+01
6.267527676820301252e+01
6.884669056622283279e+01
8.494519004747152735e+01
5.760354177995950664e+01
6.282025527861450342e+01
4.592217791341767708e+01
6.588485553379555881e+01
6.143680543906440050e+01
5.985194082071438970e+01
6.511069305999045298e+01
6.252720123357543258e+01
4.822704683984819241e+01
6.633986135139785745e+01
6.706572367012243774e+01
6.405856991984306603e+01
6.464280581030202200e+01
6.717157567900177639e+01
6.837993988540658563e+01
4.475398726762551860e+01
6.289798766387643525e+01
6.544883028823601023e+01
6.238498847242298240e+01
6.205085016366724915e+01
8.465781979779130495e+01
7.666882038118876608e+01
6.632899351485421846e+01
6.290397107088017492e+01
6.625915443522603709e+01
8.256535854685640174e+01
4.557201174836685453e+01
6.634286629250759404e+01
6.185425776799661435e+01
6.152589711245459370e+01
6.734620853351853498e+01
6.641962069079829689e+01
8.729094560158252136e+01
6.737577082625460889e+01
5.070281854613117645e+01
6.522519098554830919e+01
6.390050393768655113e+01
6.113891849442385507e+01
6.399364435871159174e+01
5.995103685489826972e+01
8.240895724562548708e+01
6.368567060899916754e+01
5.768557682950469712e+01
6.096797823156180840e+01
7.787240905308861727e+01
5.526420113231610998e+01
6.234714719625610968e+01
6.044232127727966031e+01
4.484988068733012767e+01
6.444024074562881310e+01
6.719944239699984223e+01
4.661549184131486356e+01
6.664425220725797772e+01
5.944487267254218921e+01
6.187772104079207480e+01
6.530534240182161909e+01
7.936798567842184582e+01
6.015411042632231897e+01
6.096325355970150639e+01
4.419708940539580055e+01
5.793087105835843431e+01
5.810284723659455608e+01
6.540842128309313352e+01
8.210823154689650494e+01
4.543882302210795388e+01
6.821070159426413682e+01
6.182129783370472609e+01
5.949702502215239264e+01
6.819241404307658172e+01
6.659489657156403553e+01
6.648786507807453461e+01
6.017312938174796244e+01
6.315832236568665081e+01
4.706967052316715439e+01
6.081016489164232297e+01
6.096537554381813351e+01
6.958302535591749916e+01
6.358981838213680504e+01
6.437673976040994717e+01
6.733323434480003300e+01
5.838426442122524662e+01
5.782657084498470113e+01
6.946626242730272338e+01
7.068320496581918633e+01
6.886049897760155147e+01
6.135707844149612811e+01
4.918667731533851395e+01
6.483419824564197143e+01
9.277502414796749974e+01
6.851974591694991545e+01
6.930137874802225895e+01
6.961499732135214913e+01
6.693411549863142795e+01
6.589235875812494214e+01
6.774462771701172414e+01
6.819749610002439510e+01
6.899138652365796531e+01
6.689023005799791122e+01
6.143043046300173415e+01
4.709833160124958340e+01
6.202362456654027767e+01
5.557140539480256791e+01
6.272293756657594344e+01
6.049319401195387513e+01
4.491269682600120206e+01
5.848126929864611157e+01
6.538484886457757739e+01
6.323120226773013286e+01
6.197391374396007535e+01
4.750722413059407501e+01
4.339890446304066529e+01
7.924091415095992375e+01
6.232270547645281056e+01
5.956671104640903991e+01
5.958650973325960365e+01
6.062654481008253526e+01
7.237126950459197872e+01
5.725612513672340498e+01
6.442189737332384425e+01
6.298798392136763624e+01
6.753567982145591486e+01
6.622097429122604240e+01
4.496770375212940252e+01
6.499255408863001549e+01
5.870338840048645324e+01
6.432026993680682381e+01
6.484857688633154282e+01
4.577102553741064384e+01
6.002633891817369260e+01
4.528063779541464839e+01
5.823257312489818105e+01
6.426717320574469738e+01
6.825433738102658765e+01
6.153223055396550478e+01
5.760230963486074529e+01
6.476714146329952371e+01
6.023518058960280541e+01
6.428386946420948789e+01
6.218601814261707261e+01
6.234076037531308145e+01
6.458230122841484899e+01
6.117925243130997615e+01
6.844768017489521128e+01
4.543816655659195902e+01
4.558964451828849462e+01
4.650233167239455412e+01
6.685339590573910584e+01
6.726402657427291842e+01
6.849772670589349843e+01
6.039795926612132604e+01
6.185948853453611918e+01
6.943702219019795052e+01
6.326422752769077817e+01
4.763537494442773124e+01
6.709417683091686513e+01
7.066240317617453570e+01
6.115849199089112886e+01
6.204245675263957338e+01
5.874402920532191530e+01
6.133455772527654659e+01
5.917095137058677068e+01
5.765974766123998307e+01
5.950639992779365173e+01
6.483320143688301584e+01
5.889366414023793084e+01
6.352061491794609083e+01
4.588012998623153749e+01
5.936486688594452943e+01
6.368670164403378209e+01
6.225315458437900418e+01
6.280200793569303386e+01
6.465391916123874694e+01
6.569054398411911677e+01
6.168390719816535750e+01
6.404527341189820788e+01
6.834612757935727245e+01
6.257940347949845972e+01
4.587387250412884754e+01
7.012424626617892898e+01
5.869583200630238196e+01
5.514711148028651166e+01
4.465490351169265892e+01
5.835610758639469253e+01
6.630181422623324750e+01
4.539934490453376981e+01
6.582736384653209427e+01
6.460722240929311511e+01
5.881311636140851107e+01
6.082059627060993279e+01
4.585495938087500178e+01
6.715957737456406562e+01
5.737677824983649799e+01
6.304406711312924472e+01
5.786809898656846229e+01
6.693170611357375321e+01
6.284072529341280955e+01
6.643122603570688511e+01
6.214113317010626503e+01
6.193334785239697737e+01
6.286370868207713869e+01
6.869390955559174472e+01
6.266806207258961336e+01
4.515503982839431529e+01
4.574105254548599930e+01
6.787070318599624841e+01
6.100872549405507073e+01
4.517752234763177199e+01
6.160347525634762178e+01
6.239310003718527753e+01
6.219884066209080231e+01
7.902640353950798158e+01
6.702106792149325543e+01
6.793068978511135469e+01
6.533865045001100214e+01
4.716267340837707422e+01
6.607575395454308875e+01
6.220386649194250595e+01
4.476585079632253894e+01
6.949949321000660518e+01
6.556136192288252573e+01
5.870793217731336711e+01
6.653269697504202895e+01
6.652508682770709925e+01
6.764819619121826122e+01
6.239625921363688832e+01
6.420650586994280218e+01
5.858356099081851198e+01
6.346042886124104143e+01
6.798066748724419028e+01
5.301545071167287659e+01
4.792196184313331031e+01
6.328848674539933938e+01
6.348497976272103926e+01
4.563220360972226075e+01
6.223063654051424010e+01
6.373544139772668160e+01
6.652166648928746895e+01
6.285114716019111825e+01
6.788474714728319270e+01
6.091990674894999813e+01
6.441921194659084904e+01
6.310857464379908777e+01
6.223399508822429027e+01
6.139634723553133000e+01
6.417891058347939293e+01
6.188053872229255603e+01
6.631637625735137931e+01
6.401263670852615917e+01
6.984985241671988376e+01
6.683431301186325868e+01
4.440268520580474387e+01
6.132974784984153160e+01
6.692440666307111030e+01
6.337317797333437852e+01
6.159481400019784303e+01
6.249448592953760340e+01
6.814223970312764322e+01
6.427371251230505322e+01
4.580042417748422423e+01
5.783476724144122016e+01
6.190208261964689740e+01
6.446840637508729799e+01
6.306618028635834605e+01
7.011467491849853673e+01
7.004825090560392198e+01
6.428906023871122954e+01
4.535098680649974767e+01
6.767724580851589167e+01
4.394454282845781989e+01
6.881688005662290664e+01
5.427724277364136185e+01
7.013878436772306202e+01
6.126648904552055797e+01
4.468854894623611784e+01
6.729431523139089677e+01
6.498267277048438473e+01
6.730347521947336986e+01
4.456219988472545168e+01
6.474889229361498622e+01
6.629911458010801084e+01
5.897077033460557516e+01
5.655101588644328103e+01
6.278406602488239940e+01
6.343163020465082980e+01
6.975749237955413662e+01
5.612083227274295893e+01
6.279803816789976167e+01
7.012173441212856062e+01
4.478933288030503945e+01
5.776217286971592557e+01
6.342386808416095789e+01
6.193799737680055983e+01
6.470570476715319330e+01
6.347742036131070620e+01
6.356254808097581588e+01
4.591782833090691440e+01
6.903377506863907342e+01
4.782708813504321910e+01
6.793574105928743734e+01
4.485169089229460582e+01
6.859910368030412542e+01
4.475390900799457938e+01
5.957831814940222159e+01
6.765455631882566934e+01
4.471405509093224140e+01
6.046161134124027114e+01
5.990520068046336633e+01
4.493271418499667647e+01
6.643017568563001873e+01
5.992567997914680689e+01
6.982363593686106640e+01
6.143154735163716396e+01
6.472371814748647978e+01
6.922468286846499552e+01
6.604390725066333800e+01
6.290808319415400973e+01
4.504992191935239276e+01
6.042265259160705426e+01
6.823642553150632750e+01
6.060292203879360784e+01
6.193059182739226287e+01
6.682088051025397135e+01
6.221195846045867484e+01
6.292483573921672502e+01
6.410579290646323614e+01
5.973907187462860691e+01
4.434091464397484827e+01
6.357613427926455785e+01
6.348868875228976094e+01
6.041626378811020714e+01
6.444559423196179182e+01
6.472556166216226359e+01
6.471247679467990110e+01
5.888423570406095564e+01
7.035138825025376264e+01
4.493465641948540679e+01
6.206368438880782890e+01
6.388528363610079452e+01
6.850794779970605930e+01
6.109555795018185620e+01
5.977265381547256595e+01
6.185304665954184600e+01
6.633044055592723964e+01
6.054967149266526860e+01
6.341691664697921738e+01
6.481354053598647624e+01
6.313926991055833327e+01
6.247839689378781713e+01
6.413281945216402846e+01
4.396478988465781867e+01
4.476212228764581624e+01
6.337033153937902341e+01
6.853165097070792910e+01
5.867286338660531442e+01
6.479937576502032925e+01
5.084347194031469286e+01
6.852534023346900938e+01
4.606877569548070994e+01
6.267892766179879516e+01
6.437454485743182886e+01
6.020898609530130585e+01
6.728575528416905627e+01
6.330663444176950350e+01
6.087770968013866479e+01
6.204044379291053701e+01
6.606059911579791333e+01
6.339214069806062923e+01
6.756649725695280040e+01
6.153589361927521395e+01
6.191496919242075592e+01
6.475517219418156856e+01
6.500250040947807406e+01
6.473184709472847942e+01
4.579586518100673942e+01
6.299351037121351737e+01
6.187073281289028159e+01
6.706121403812012716e+01
6.033728261129977000e+01
4.589747442532406296e+01
5.978932862449844521e+01
6.423011083318648673e+01
6.050330377974476903e+01
5.898724997484777788e+01
4.473175017016649235e+01
6.338018675038730976e+01
6.441120819495250771e+01
4.508174131553607822e+01
4.444873072541305703e+01
6.478826864034762423e+01
6.365529553224705239e+01
8.195006182127478667e+01
6.238252390617639520e+01
6.081405252073925993e+01
6.732285034521419220e+01
6.465728987346945189e+01
6.427947848655375651e+01
6.183942833612583456e+01
6.726818237054682470e+01
6.246251928124229380e+01
6.438230700949449670e+01
6.152563263866606746e+01
6.289015027367242539e+01
6.601739808914200580e+01
6.087706643220248282e+01
6.346291132711444050e+01
6.663968884983553664e+01
6.202094758031032029e+01
6.337109009423980410e+01
5.842165711386354587e+01
6.102297149725364278e+01
6.288468777588282421e+01
6.228481752391505211e+01
6.192105804707777850e+01
6.285278861795200100e+01
5.855064061713449064e+01
6.660558590304401605e+01
6.292659190654329393e+01
6.863766067667593518e+01
4.518802954491026469e+01
4.484210377472356157e+01
4.508850112974869973e+01
6.541797830594465779e+01
6.693359438222469748e+01
4.468458993536278001e+01
6.836177004803418811e+01
6.344533753908289953e+01
6.186947412465468688e+01
5.987976605151217058e+01
6.103888484763357525e+01
4.473429846713436575e+01
5.975665856548189936e+01
4.473917185786116590e+01
4.592351021721202642e+01
6.006044909027223611e+01
4.484653759942749218e+01
6.420357674732476028e+01
6.473686171267867451e+01
7.044307759245903355e+01
6.358390360380125372e+01
6.338317537052706996e+01
4.506359438860623357e+01
4.614605180935816264e+01
6.386489894084397179e+01
6.640447684362037251e+01
6.348554924024108459e+01
6.198686025687020162e+01
6.097761761802422598e+01
6.728098988664646640e+01
6.120415329223914114e+01
4.505090162246220586e+01
6.294792598879854495e+01
6.356765960446906405e+01
6.057249085035580549e+01
6.463345648206207272e+01
6.271294147466316105e+01
6.315410028722394031e+01
4.604408556052288048e+01
6.657264474135740784e+01
6.192385893866150326e+01
4.613515299059930186e+01
6.200864966781180954e+01
6.173028792875003035e+01
6.255128764707257005e+01
4.490420641578090510e+01
6.005178841493632547e+01
6.334247828033689132e+01
6.607830888920489087e+01
6.895457109098242654e+01
6.234037888528749960e+01
6.188688782428864954e+01
4.461659835265986374e+01
6.405348566174417613e+01
6.818219860194194837e+01
6.050691119711375165e+01
6.600182186691996833e+01
5.840384068062780187e+01
4.465606975129964695e+01
6.091793066820858371e+01
6.170294163873381876e+01
6.429297053037616649e+01
6.606123331692630529e+01
6.363849941185520009e+01
6.335373282657069893e+01
5.942052318581423975e+01
6.327951162160081822e+01
4.485959760516575301e+01
5.901925105295838136e+01
5.790204983784362724e+01
6.719662873666159442e+01
6.853204714593549340e+01
4.491768293304422599e+01
5.676263779216904481e+01
6.346414123377682870e+01
6.509437484691251541e+01
6.597432177507367612e+01
6.874941143014153511e+01
6.778369124268407120e+01
6.184044707949198028e+01
6.619826167169652820e+01
6.286628727427470409e+01
6.183743757018467591e+01
4.490015742996347115e+01
6.250562625042880427e+01
6.384327237879953287e+01
5.942014012408737500e+01
6.511505195797870726e+01
6.108013499081197750e+01
6.987764502259433641e+01
6.180058001681489799e+01
4.454829986090236815e+01
5.949930812006020631e+01
5.973442399630339139e+01
6.882846688027473192e+01
6.119257058540753036e+01
6.852588774164549079e+01
6.618518238506328544e+01
5.941715249554530942e+01
6.328090350364284689e+01
4.534190100166367188e+01
4.533140915327018661e+01
6.367652483396854279e+01
6.770465699690397798e+01
6.348080729042553827e+01
6.443815233880120275e+01
6.167463378193652090e+01
6.186744441259254756e+01
6.102615804731743765e+01
6.478103782964527113e+01
4.451024836734921308e+01
6.182667870605062888e+01
6.271601444737748920e+01
6.615141347406556349e+01
6.016537245584805049e+01
4.412319129935251283e+01
4.474449250890162944e+01
4.602053309631821065e+01
6.724157799321228879e+01
6.987824072434649736e+01
6.857823857342897611e+01
4.466934659024093435e+01
6.722908119140134886e+01
4.587465792036126544e+01
4.618419243522588857e+01
6.521851114942397487e+01
4.602397423773270191e+01
6.096950995690502850e+01
6.402221574451597519e+01
6.333759499754979316e+01
7.041714949267519330e+01
6.223420509992188698e+01
4.473161365102022557e+01
4.469942307516107149e+01
6.324661641217968366e+01
6.470224353196215361e+01
4.450300521235907780e+01
6.163344134264362850e+01
6.089438056781941810e+01
6.728293963942594758e+01
5.856690536804843106e+01
6.332312736400379549e+01
6.746103025135946041e+01
6.646768472132124828e+01
6.235990827461306196e+01
6.822699708532040574e+01
6.434191557345630486e+01
6.336938874229242913e+01
6.011042908932857642e+01
6.613931890289092053e+01
5.693854039292816083e+01
6.268899340231278217e+01
6.471515855007996265e+01
4.509426067946868244e+01
6.041385895068691525e+01
6.020402847133669155e+01
5.766755046647737259e+01
6.426686436602487618e+01
6.699079953839395785e+01
6.189891738474514682e+01
5.868172122191139550e+01
6.853198107298321418e+01
4.616176554419151756e+01
4.642499387072780337e+01
4.536750858156193544e+01
6.917502183193907683e+01
6.613040108193831657e+01
6.205030010310584032e+01
4.595402799359377610e+01
6.330511054562265372e+01
6.730539159038754349e+01
6.426294606284974975e+01
6.708055120085688827e+01
6.350842135347679118e+01
6.297520032936225931e+01
6.051704608326458157e+01
7.003011393129739304e+01
6.459379221736506338e+01
6.051237866883258221e+01
5.868770810201478128e+01
6.058687470379541651e+01
5.927871766455654523e+01
6.436999074896078810e+01
6.429992700502846503e+01
4.483342393854704966e+01
6.135014310721642516e+01
6.827967599465596038e+01
6.418801873652058987e+01
6.305092994838368270e+01
4.706104196859990196e+01
6.453866501085910556e+01
5.843480990720922819e+01
6.175058521195779093e+01
4.501183396583746799e+01
4.516239361954321652e+01
6.464852493838462522e+01
6.008745974359518272e+01
6.611335980231395126e+01
6.407238723659020252e+01
6.038314105319287250e+01
6.648187341793234850e+01
6.094018441257574636e+01
6.473559114884604071e+01
4.518477011045285252e+01
6.333842488600175358e+01
4.527109465350755357e+01
6.341072186791895149e+01
6.341977929927547564e+01
4.505269748421944342e+01
6.354640234003860400e+01
6.326714903959373970e+01
6.334379373585575479e+01
6.224118298896850376e+01
6.408724994888660831e+01
6.852064392978634544e+01
8.555892641550215671e+01
6.291458363295259204e+01
6.581617981478692059e+01
6.484681714225926896e+01
7.153330579294308222e+01
6.332449725884842451e+01
4.511964071559292933e+01
7.036732213424416216e+01
6.305925756933358883e+01
6.526554570991595483e+01
6.473286440141770015e+01
6.485433566817579276e+01
5.841018258307246214e+01
6.291718092536517304e+01
6.447463879583959567e+01
6.536753639900568658e+01
6.934798174879180976e+01
6.249798591906844081e+01
6.787263460457486985e+01
6.556824980931034474e+01
6.769199724842647470e+01
6.370974094788331143e+01
6.177721808397615177e+01
4.670915460521656826e+01
6.664484976323426224e+01
6.914708561343670112e+01
6.402475056611801563e+01
6.052878094781277696e+01
6.776520600862218657e+01
6.276725716787368015e+01
7.163812507283284958e+01
4.666297941204072686e+01
6.524292104083158961e+01
4.636408736320904467e+01
6.169229696701746946e+01
6.396673175061900452e+01
6.663772371816578755e+01
7.006373699218138995e+01
4.631759597977838894e+01
6.824429148030445447e+01
6.539612928225302824e+01
7.068092272983591329e+01
6.043926395428532317e+01
6.282814940285010152e+01
4.637501520207354133e+01
7.123905530014123144e+01
4.621131885200971823e+01
4.609249523646862912e+01
6.690567927948065119e+01
6.270670702356851223e+01
6.209195726868837539e+01
6.690607026118746603e+01
6.411037859526474847e+01
7.164205519790350252e+01
6.760941583363774043e+01
6.273160151847004329e+01
5.071207016615731789e+01
6.135445134847442006e+01
6.795306483556757371e+01
4.685054957925883201e+01
6.267206803891449596e+01
6.275256145821873588e+01
6.383302890782349692e+01
6.622883155575996739e+01
4.622983883160875251e+01
6.831695017124673086e+01
6.137633361189907788e+01
4.726926037015750381e+01
4.629024801565735459e+01
6.664896466741978998e+01
6.949891803938028545e+01
6.377637384818118704e+01
7.007020726057966442e+01
5.905896403915209447e+01
6.267146384669692338e+01
6.089831738566768138e+01
4.610440023654653174e+01
6.887840236374273672e+01
4.674267222658400556e+01
6.256771242828263269e+01
6.909717520708748850e+01
6.534195798799503052e+01
6.046312914925491810e+01
6.260218996509829026e+01
6.768547468690447033e+01
6.403099030249670420e+01
4.592837389718455654e+01
6.632233745689175919e+01
6.426883119718947057e+01
6.767510923299198566e+01
6.405785514722448681e+01
6.361929704502927052e+01
6.656520247711114280e+01
6.522757241548305274e+01
4.629903771358173969e+01
4.683179211871047443e+01
6.983841490155873544e+01
6.628990760047918229e+01
6.825731961124938607e+01
6.773458348000646367e+01
7.091528230057619453e+01
4.644192192035750111e+01
6.788755765497829486e+01
6.776032567598115008e+01
6.419589747044562955e+01
6.152982808361024780e+01
6.125902002252733780e+01
6.861677721318473289e+01
6.322114050791775952e+01
7.077441714023376562e+01
6.839415581705881664e+01
4.643450638328315705e+01
6.950603553660562284e+01
6.369148231985128206e+01
4.602115531222824529e+01
6.240673396485966151e+01
6.553719697305895409e+01
6.309465550796239341e+01
4.673345113692045061e+01
4.639707903998193927e+01
4.697291933621453808e+01
6.268655472793718531e+01
6.942587077857837130e+01
6.846343484292438575e+01
4.637309000665733549e+01
6.772133055494337839e+01
4.673502893753103393e+01
6.114737349172325764e+01
6.136604597959145480e+01
6.413170472087475105e+01
4.660994316039693786e+01
6.605247102358785583e+01
6.402403434750627298e+01
6.623526063198012537e+01
4.612036847652718308e+01
6.235017837229613491e+01
6.583778963959871078e+01
6.040226271223571075e+01
6.020713334449595067e+01
7.031150946642456745e+01
6.840844057018104252e+01
4.686137423166112370e+01
6.174552734323252423e+01
4.687316621852961873e+01
6.279477232254385655e+01
6.277401411303891621e+01
6.570589895652516077e+01
6.171443722963448408e+01
4.610787032972335453e+01
6.211627782773847173e+01
6.197925163283098016e+01
4.621612625062855528e+01
6.824569914249374847e+01
4.694442476961194188e+01
4.742664436111376602e+01
4.618328117223268237e+01
6.260634333413806019e+01
6.630499245355755988e+01
4.706654503375016674e+01
6.677828263831163724e+01
6.270495145896737199e+01
6.846952082185966049e+01
6.340666409913775681e+01
6.277470655307399738e+01
6.692497133551842126e+01
7.030376878531605200e+01
6.653285116619022688e+01
6.540160185421282790e+01
6.138428148328371492e+01
6.651045751200513223e+01
6.165709174990830377e+01
6.787763847424155017e+01
6.278937958807513553e+01
6.275616811917932125e+01
6.182292280891505953e+01
6.093825983400292756e+01
6.106193304042164272e+01
6.822071930311022925e+01
6.459755774621542912e+01
6.133768771503760320e+01
5.864316041268696722e+01
6.878064297634848856e+01
6.410565048510146369e+01
6.537808938243171042e+01
6.363185497065045837e+01
6.185802982797791572e+01
6.668950486936097377e+01
6.404763290218825489e+01
6.136049091366508179e+01
6.130383855770859469e+01
6.106392338452720026e+01
6.142708408451639457e+01
6.249623742120591885e+01
6.795016037789594066e+01
6.587153853293116867e+01
6.178742302783233242e+01
6.482719417747986768e+01
6.538078789846966288e+01
6.295861557106174189e+01
6.830655296838807544e+01
6.195287825212181332e+01
4.597513956378455191e+01
6.407323995147271489e+01
4.642323138087375867e+01
6.758721963756642026e+01
6.700092254521771906e+01
7.150423971371056098e+01
4.676802619845732778e+01
4.775747190179341573e+01
4.708849199775498562e+01
7.045871478232631091e+01
4.591461709907184030e+01
6.178747050216289693e+01
6.401093692733134333e+01
6.626819566469424672e+01
4.653800426825220171e+01
6.038311151806401256e+01
4.604047492495035954e+01
6.303480806377653067e+01
6.640543530764247748e+01
6.536800585816386899e+01
6.650491258884002832e+01
6.663670222948206856e+01
6.270993528443439402e+01
6.787820751685976006e+01
6.145392405442704842e+01
6.699540285319659461e+01
4.629956428932880641e+01
6.225163349799387902e+01
6.409440577337265665e+01
6.178230962501150714e+01
6.662353396928918414e+01
6.785038570462111807e+01
4.615775095872353972e+01
6.176916440165568645e+01
6.494884166973166373e+01
6.841200291837736813e+01
4.643583599099606118e+01
6.207397021670190895e+01
6.278619707842530318e+01
6.302028773640336823e+01
6.394482971582931441e+01
6.200532694894329921e+01
6.125771906739998940e+01
4.686423638042337103e+01
6.329053443590062500e+01
6.611337525871959997e+01
7.120119452633350932e+01
6.203067332182085636e+01
4.669961196908900547e+01
6.520979859865533967e+01
4.690591639860387829e+01
6.571534992665912966e+01
6.133789080516157810e+01
6.661788536690291096e+01
6.434190784789392126e+01
6.238823444179399047e+01
6.920066358521539485e+01
6.299796827304159308e+01
4.686775344829766965e+01
6.550903869312561767e+01
6.378936628730291858e+01
7.030480708652650890e+01
6.330336744194505627e+01
4.639906751358168435e+01
6.180779550984377124e+01
6.526962125043179697e+01
6.287726604416000953e+01
6.051307594838137760e+01
6.051661012723154442e+01
6.950372000935108474e+01
6.790446955770541138e+01
6.198382938830942379e+01
6.368802033690737119e+01
6.344969954339570961e+01
6.045547651064474337e+01
6.779455769537314325e+01
4.722206175258736494e+01
6.191475848999857590e+01
6.496072131246319259e+01
4.693305293470822903e+01
6.712486659481591289e+01
6.655432412775454054e+01
6.491866186278265616e+01
6.498559160927844403e+01
5.965865748568543836e+01
6.136294059474924723e+01
6.567385038418913723e+01
6.274042930293212805e+01
6.689506724853784192e+01
6.581244756256005246e+01
6.179176833045015371e+01
4.680626944449688409e+01
6.275001544601209957e+01
6.844398286370328321e+01
6.274473932951754307e+01
6.413327574813939691e+01
6.359678623442344758e+01
6.394292293467879063e+01
6.996169143174172689e+01
6.410522399754913181e+01
6.924038516717229186e+01
4.539218788988905828e+01
6.370254339961590517e+01
6.431229014875998473e+01
6.268591000950695502e+01
4.730352220079255687e+01
7.027927700301597724e+01
4.562757344220418787e+01
6.274026048856929094e+01
6.040775890050852581e+01
6.173870333147533529e+01
4.690818699008325154e+01
4.726857706230681799e+01
6.366989828709263577e+01
6.664867115768429073e+01
7.025058146604142451e+01
6.803690387416911278e+01
6.377390178193137871e+01
6.917273663491501168e+01
6.344355954284462484e+01
4.660531211664496709e+01
6.832625539509564305e+01
6.161642552943897044e+01
6.976960562805761867e+01
6.142023523608590807e+01
4.699841431720858509e+01
6.177359880236274847e+01
4.631891606077449808e+01
6.698457841557821268e+01
6.271173612796171426e+01
6.410545626334975111e+01
6.180078683473263368e+01
6.103275409346013447e+01
6.294818120431586550e+01
6.792894531241771006e+01
6.050852249732804466e+01
4.677002440016785556e+01
6.196225053762188395e+01
6.590396696116386011e+01
6.832758369915147512e+01
6.196558645999060388e+01
6.232709231027117625e+01
6.534254062720788170e+01
6.175837961598470827e+01
4.658632396795592001e+01
6.273069297777951192e+01
6.403406375757619173e+01
6.183361866997334033e+01
6.041047418625950627e+01
6.384628888732937213e+01
6.364482851232827443e+01
6.043069124912388190e+01
6.446525904176282040e+01
6.797502954658375529e+01
6.843316711744397196e+01
6.376562498200896556e+01
7.043066534735227435e+01
6.833030730990472534e+01
6.670648567651203109e+01
4.630297779815934689e+01
6.103547691206023273e+01
6.276385083044546320e+01
6.396999587588248914e+01
6.197549755122605575e+01
7.174958731904422393e+01
6.274083679244327527e+01
6.409580671310779110e+01
6.974867089950008392e+01
6.582371036008605358e+01
6.831870536187038567e+01
6.640506531146361624e+01
6.196541536570273934e+01
6.383783633427611903e+01
6.973936511088766110e+01
4.642637652760045341e+01
4.600026640389282306e+01
4.637800039372017835e+01
6.798950137565003615e+01
6.163865743358747551e+01
6.045978637835432323e+01
6.306973540694252023e+01
4.656487459537714102e+01
7.123740736902091442e+01
6.225668122492649559e+01
6.198642479419784479e+01
6.789055712663419229e+01
6.849160770892989092e+01
6.909738079167182434e+01
6.825945242900229459e+01
7.010439879295464038e+01
6.830975833430119337e+01
7.069955755427542954e+01
6.055658353166196406e+01
6.126141918510969475e+01
6.578499180426135240e+01
4.588333718216073720e+01
6.180146415471736532e+01
6.929389702211967972e+01
6.712120937384092656e+01
4.699399800940557981e+01
4.638629204729469535e+01
6.497099529080085745e+01
6.159163928609103067e+01
6.182241497980931655e+01
6.786909540633395466e+01
6.619000083318958616e+01
4.634831385916782409e+01
6.407343587713440058e+01
6.662054692543141243e+01
4.676221901107523138e+01
6.046356306307286843e+01
6.849943158798996024e+01
6.184622709705971033e+01
6.410599564003200612e+01
6.295491494829959578e+01
6.364778216056654969e+01
7.107879261942296978e+01
6.129116285104244355e+01
5.870433169298132725e+01
6.044157790150236309e+01
6.425983660478111403e+01
6.163836179197194554e+01
7.006588322372077471e+01
4.601285359136512909e+01
6.177333779212932541e+01
6.405738179958613898e+01
6.052584097112104189e+01
6.829517890699234783e+01
7.107947712311666066e+01
6.347558476970444019e+01
6.624980786860645310e+01
6.189444766604252379e+01
6.287529489297510565e+01
6.628638107658704826e+01
6.239139971128042816e+01
6.402113815879528147e+01
6.184704510261845201e+01
6.406922880726585845e+01
6.491599815533852791e+01
6.276173696885172149e+01
6.193773963601388743e+01
6.126912524249847536e+01
7.011985191357328517e+01
6.291964772236237735e+01
6.654813131379266622e+01
7.039713090236480753e+01
6.194088595981033052e+01
6.431986902789002158e+01
4.763490249791080799e+01
6.740325883865234857e+01
6.729648079627649793e+01
6.275256198920867234e+01
4.645253791303994007e+01
6.866557641109650945e+01
6.314242380481486805e+01
7.030503629201295723e+01
6.981336532354039548e+01
6.567753682995605402e+01
6.037972811585154886e+01
4.707378975235029372e+01
6.899706440309896038e+01
6.535382907327543478e+01
6.448291088656918646e+01
6.306040452538908170e+01
6.610943593539137453e+01
6.275035851988971558e+01
6.276420527012264472e+01
4.694715435443333718e+01
6.773030551509879160e+01
6.575262642718618622e+01
6.381688201496830715e+01
6.545459088983042761e+01
6.394159920048252133e+01
6.115004923751877186e+01
6.767068493346512525e+01
7.160918401400428479e+01
6.177774951001688208e+01
6.354146976385875689e+01
4.608895288557410197e+01
6.391147921562767209e+01
6.302909523250837509e+01
6.163711053038662158e+01
6.875360638068509900e+01
6.584195627952368568e+01
6.813225537050007574e+01
7.099676864090677952e+01
6.173132116982254303e+01
4.580012880373442385e+01
6.340487092302773675e+01
6.358290682015689299e+01
4.618492108806871244e+01
4.679017708260238351e+01
4.595361907626127618e+01
6.185737370397531265e+01
6.663902347113531732e+01
4.663954686451440068e+01
6.470658977670444756e+01
6.623366037774248127e+01
6.405832637080960978e+01
6.040158450144096491e+01
4.811535270902400185e+01
6.133412183189896183e+01
6.445520492758649311e+01
