1.062984035971416290e+02
3.133177592694479330e+01
5.375251643030127724e+01
1.562854946243674306e+02
2.519978108893022863e+02
1.329571923618803737e+02
1.235927571468861146e+02
8.459744949305202510e+01
8.021332145223161092e+01
1.230985116105615873e+02
7.288246804292067793e+01
1.214856154685106162e+02
1.420643037834049665e+02
1.191794579722107557e+02
2.311651425575962833e+02
1.926595349225803488e+02
7.134439661254404541e+01
1.515825563990359512e+02
1.014698646436702347e+02
7.157540842289483862e+01
2.387286753307958165e+01
4.040600330049962707e+01
3.822454079725164178e+01
2.671466272044131429e+01
2.817820669875445816e+01
3.757408042637649714e+01
3.435019056675596971e+01
3.785713612443735343e+01
3.221755914620293737e+01
3.786036763641992309e+01
8.380000000000000000e+02
4.865125539937846497e+02
4.052624768491135114e+02
8.460000000000000000e+02
8.320000000000000000e+02
8.060000000000000000e+02
8.300000000000000000e+02
8.380000000000000000e+02
8.360000000000000000e+02
3.946940848963332655e+02
8.440000000000000000e+02
4.168684396799520187e+02
4.443460005243786100e+02
8.200000000000000000e+02
8.270000000000000000e+02
3.364983775694451538e+02
3.100962129941378294e+02
8.430000000000000000e+02
4.869299476921484029e+02
4.794064274148026925e+02
8.460000000000000000e+02
4.653801238469608279e+02
8.380000000000000000e+02
8.350000000000000000e+02
4.910182104426126557e+02
4.029154316291670170e+02
8.400000000000000000e+02
4.833154044175598187e+02
8.040000000000000000e+02
8.100000000000000000e+02
8.390000000000000000e+02
8.370000000000000000e+02
8.320000000000000000e+02
8.360000000000000000e+02
8.440000000000000000e+02
8.390000000000000000e+02
8.390000000000000000e+02
8.650000000000000000e+02
8.360000000000000000e+02
8.080000000000000000e+02
3.878682270705309065e+02
4.082295870895765688e+02
8.000000000000000000e+02
8.630000000000000000e+02
8.040000000000000000e+02
8.390000000000000000e+02
8.750000000000000000e+02
8.430000000000000000e+02
8.430000000000000000e+02
4.570192332150274410e+02
8.430000000000000000e+02
8.160000000000000000e+02
8.150000000000000000e+02
8.490000000000000000e+02
8.390000000000000000e+02
8.020000000000000000e+02
8.490000000000000000e+02
8.120000000000000000e+02
8.030000000000000000e+02
8.490000000000000000e+02
8.490000000000000000e+02
8.450000000000000000e+02
8.100000000000000000e+02
8.650000000000000000e+02
8.070000000000000000e+02
8.080000000000000000e+02
8.110000000000000000e+02
8.410000000000000000e+02
8.410000000000000000e+02
8.810000000000000000e+02
8.460000000000000000e+02
8.460000000000000000e+02
8.190000000000000000e+02
5.183577278542607019e+02
8.370000000000000000e+02
5.056774324040950432e+02
8.460000000000000000e+02
8.700000000000000000e+02
5.080183211344365759e+02
8.020000000000000000e+02
8.460000000000000000e+02
8.160000000000000000e+02
8.120000000000000000e+02
8.120000000000000000e+02
8.800000000000000000e+02
8.000000000000000000e+02
4.368555795528969838e+02
8.520000000000000000e+02
8.450000000000000000e+02
5.222064290162804809e+02
8.780000000000000000e+02
8.320000000000000000e+02
8.140000000000000000e+02
8.430000000000000000e+02
8.480000000000000000e+02
4.563047972005167026e+02
8.780000000000000000e+02
8.760000000000000000e+02
8.770000000000000000e+02
8.810000000000000000e+02
4.908285161740910212e+02
8.720000000000000000e+02
8.810000000000000000e+02
8.470000000000000000e+02
8.390000000000000000e+02
8.750000000000000000e+02
8.570000000000000000e+02
8.470000000000000000e+02
8.530000000000000000e+02
8.190000000000000000e+02
8.130000000000000000e+02
5.059851312342928509e+02
8.540000000000000000e+02
8.830000000000000000e+02
8.350000000000000000e+02
8.830000000000000000e+02
8.800000000000000000e+02
8.010000000000000000e+02
8.770000000000000000e+02
8.070000000000000000e+02
8.440000000000000000e+02
8.710000000000000000e+02
8.150000000000000000e+02
8.150000000000000000e+02
8.500000000000000000e+02
8.500000000000000000e+02
4.833314855576996365e+02
8.160000000000000000e+02
8.780000000000000000e+02
8.450000000000000000e+02
8.680000000000000000e+02
8.050000000000000000e+02
8.820000000000000000e+02
8.430000000000000000e+02
8.800000000000000000e+02
8.740000000000000000e+02
8.780000000000000000e+02
5.047647667070548891e+02
8.800000000000000000e+02
8.500000000000000000e+02
8.750000000000000000e+02
8.210000000000000000e+02
8.410000000000000000e+02
8.750000000000000000e+02
5.142268278138217283e+02
8.810000000000000000e+02
8.530000000000000000e+02
8.170000000000000000e+02
8.280000000000000000e+02
8.710000000000000000e+02
8.460000000000000000e+02
8.760000000000000000e+02
8.290000000000000000e+02
8.520000000000000000e+02
8.830000000000000000e+02
8.490000000000000000e+02
8.720000000000000000e+02
8.470000000000000000e+02
8.810000000000000000e+02
8.790000000000000000e+02
8.790000000000000000e+02
8.790000000000000000e+02
8.830000000000000000e+02
8.070000000000000000e+02
8.740000000000000000e+02
8.810000000000000000e+02
8.690000000000000000e+02
8.120000000000000000e+02
8.840000000000000000e+02
8.490000000000000000e+02
8.450000000000000000e+02
8.810000000000000000e+02
8.800000000000000000e+02
8.800000000000000000e+02
8.830000000000000000e+02
8.800000000000000000e+02
8.760000000000000000e+02
8.110000000000000000e+02
8.800000000000000000e+02
8.820000000000000000e+02
8.800000000000000000e+02
5.151699730750832487e+02
8.840000000000000000e+02
8.830000000000000000e+02
8.830000000000000000e+02
8.810000000000000000e+02
8.680000000000000000e+02
8.840000000000000000e+02
8.380000000000000000e+02
8.310000000000000000e+02
8.860000000000000000e+02
8.780000000000000000e+02
8.750000000000000000e+02
8.800000000000000000e+02
8.770000000000000000e+02
8.800000000000000000e+02
8.400000000000000000e+02
8.840000000000000000e+02
8.210000000000000000e+02
8.800000000000000000e+02
8.370000000000000000e+02
8.810000000000000000e+02
8.850000000000000000e+02
8.500000000000000000e+02
8.770000000000000000e+02
8.810000000000000000e+02
8.060000000000000000e+02
8.770000000000000000e+02
8.780000000000000000e+02
8.820000000000000000e+02
8.820000000000000000e+02
8.080000000000000000e+02
8.820000000000000000e+02
8.830000000000000000e+02
8.760000000000000000e+02
8.550000000000000000e+02
8.790000000000000000e+02
8.780000000000000000e+02
8.790000000000000000e+02
8.840000000000000000e+02
8.870000000000000000e+02
8.810000000000000000e+02
8.200000000000000000e+02
8.870000000000000000e+02
8.430000000000000000e+02
8.820000000000000000e+02
8.790000000000000000e+02
8.800000000000000000e+02
8.310000000000000000e+02
8.730000000000000000e+02
4.891990969823522732e+02
8.860000000000000000e+02
8.770000000000000000e+02
8.830000000000000000e+02
8.880000000000000000e+02
8.680000000000000000e+02
8.470000000000000000e+02
8.740000000000000000e+02
8.820000000000000000e+02
8.820000000000000000e+02
8.830000000000000000e+02
8.820000000000000000e+02
8.820000000000000000e+02
8.840000000000000000e+02
8.850000000000000000e+02
8.820000000000000000e+02
8.860000000000000000e+02
8.790000000000000000e+02
8.800000000000000000e+02
8.490000000000000000e+02
8.850000000000000000e+02
8.450000000000000000e+02
8.810000000000000000e+02
8.370000000000000000e+02
8.410000000000000000e+02
8.780000000000000000e+02
8.810000000000000000e+02
8.820000000000000000e+02
8.830000000000000000e+02
8.840000000000000000e+02
9.100000000000000000e+02
8.830000000000000000e+02
8.820000000000000000e+02
8.830000000000000000e+02
8.620000000000000000e+02
8.860000000000000000e+02
8.810000000000000000e+02
8.850000000000000000e+02
8.420000000000000000e+02
8.070000000000000000e+02
8.800000000000000000e+02
8.820000000000000000e+02
8.820000000000000000e+02
8.830000000000000000e+02
8.440000000000000000e+02
8.830000000000000000e+02
8.820000000000000000e+02
8.850000000000000000e+02
8.820000000000000000e+02
8.850000000000000000e+02
9.110000000000000000e+02
8.340000000000000000e+02
8.860000000000000000e+02
8.820000000000000000e+02
9.080000000000000000e+02
8.880000000000000000e+02
8.820000000000000000e+02
8.390000000000000000e+02
8.800000000000000000e+02
8.230000000000000000e+02
8.720000000000000000e+02
8.850000000000000000e+02
8.830000000000000000e+02
8.840000000000000000e+02
8.820000000000000000e+02
8.830000000000000000e+02
8.050000000000000000e+02
8.820000000000000000e+02
8.900000000000000000e+02
8.770000000000000000e+02
9.130000000000000000e+02
8.830000000000000000e+02
8.790000000000000000e+02
8.820000000000000000e+02
8.820000000000000000e+02
8.850000000000000000e+02
8.500000000000000000e+02
8.810000000000000000e+02
8.860000000000000000e+02
5.006092077565760405e+02
8.940000000000000000e+02
9.160000000000000000e+02
8.850000000000000000e+02
9.120000000000000000e+02
8.810000000000000000e+02
8.860000000000000000e+02
8.370000000000000000e+02
8.330000000000000000e+02
8.410000000000000000e+02
8.850000000000000000e+02
8.880000000000000000e+02
9.050000000000000000e+02
8.850000000000000000e+02
8.820000000000000000e+02
8.850000000000000000e+02
8.830000000000000000e+02
8.840000000000000000e+02
8.840000000000000000e+02
8.780000000000000000e+02
8.800000000000000000e+02
8.830000000000000000e+02
8.790000000000000000e+02
8.280000000000000000e+02
8.900000000000000000e+02
8.830000000000000000e+02
9.070000000000000000e+02
8.850000000000000000e+02
8.870000000000000000e+02
8.850000000000000000e+02
8.850000000000000000e+02
8.870000000000000000e+02
9.030000000000000000e+02
8.830000000000000000e+02
8.840000000000000000e+02
8.870000000000000000e+02
8.870000000000000000e+02
8.830000000000000000e+02
8.820000000000000000e+02
9.110000000000000000e+02
8.840000000000000000e+02
8.840000000000000000e+02
8.830000000000000000e+02
8.840000000000000000e+02
8.320000000000000000e+02
8.480000000000000000e+02
8.810000000000000000e+02
8.740000000000000000e+02
8.840000000000000000e+02
8.350000000000000000e+02
9.080000000000000000e+02
8.820000000000000000e+02
8.880000000000000000e+02
8.840000000000000000e+02
8.820000000000000000e+02
8.840000000000000000e+02
8.260000000000000000e+02
8.820000000000000000e+02
8.930000000000000000e+02
8.810000000000000000e+02
8.840000000000000000e+02
8.860000000000000000e+02
8.870000000000000000e+02
8.850000000000000000e+02
8.350000000000000000e+02
8.850000000000000000e+02
8.880000000000000000e+02
8.860000000000000000e+02
8.470000000000000000e+02
8.910000000000000000e+02
8.860000000000000000e+02
8.840000000000000000e+02
9.130000000000000000e+02
8.830000000000000000e+02
8.830000000000000000e+02
9.090000000000000000e+02
8.850000000000000000e+02
8.880000000000000000e+02
8.870000000000000000e+02
8.840000000000000000e+02
8.410000000000000000e+02
8.850000000000000000e+02
8.860000000000000000e+02
9.110000000000000000e+02
8.890000000000000000e+02
8.880000000000000000e+02
8.840000000000000000e+02
8.350000000000000000e+02
9.060000000000000000e+02
8.830000000000000000e+02
8.860000000000000000e+02
8.840000000000000000e+02
8.820000000000000000e+02
8.840000000000000000e+02
8.810000000000000000e+02
8.870000000000000000e+02
8.870000000000000000e+02
9.020000000000000000e+02
8.830000000000000000e+02
8.880000000000000000e+02
8.830000000000000000e+02
8.850000000000000000e+02
8.850000000000000000e+02
8.830000000000000000e+02
8.860000000000000000e+02
8.900000000000000000e+02
8.830000000000000000e+02
8.790000000000000000e+02
8.810000000000000000e+02
8.850000000000000000e+02
9.010000000000000000e+02
8.820000000000000000e+02
8.140000000000000000e+02
8.820000000000000000e+02
8.810000000000000000e+02
8.830000000000000000e+02
8.850000000000000000e+02
8.830000000000000000e+02
8.830000000000000000e+02
8.830000000000000000e+02
8.810000000000000000e+02
8.840000000000000000e+02
8.850000000000000000e+02
9.050000000000000000e+02
8.850000000000000000e+02
8.900000000000000000e+02
8.820000000000000000e+02
8.870000000000000000e+02
9.120000000000000000e+02
8.890000000000000000e+02
8.830000000000000000e+02
8.860000000000000000e+02
8.890000000000000000e+02
9.020000000000000000e+02
9.140000000000000000e+02
8.390000000000000000e+02
8.880000000000000000e+02
8.860000000000000000e+02
8.850000000000000000e+02
8.890000000000000000e+02
8.780000000000000000e+02
8.900000000000000000e+02
8.840000000000000000e+02
8.850000000000000000e+02
8.840000000000000000e+02
8.860000000000000000e+02
9.110000000000000000e+02
8.850000000000000000e+02
8.910000000000000000e+02
8.860000000000000000e+02
8.850000000000000000e+02
9.110000000000000000e+02
8.860000000000000000e+02
9.140000000000000000e+02
8.890000000000000000e+02
8.860000000000000000e+02
8.830000000000000000e+02
8.890000000000000000e+02
8.910000000000000000e+02
8.870000000000000000e+02
8.860000000000000000e+02
8.870000000000000000e+02
8.890000000000000000e+02
8.890000000000000000e+02
8.880000000000000000e+02
8.860000000000000000e+02
8.830000000000000000e+02
9.150000000000000000e+02
9.130000000000000000e+02
9.090000000000000000e+02
8.830000000000000000e+02
8.850000000000000000e+02
8.830000000000000000e+02
8.870000000000000000e+02
8.890000000000000000e+02
8.800000000000000000e+02
8.870000000000000000e+02
9.040000000000000000e+02
8.840000000000000000e+02
8.820000000000000000e+02
8.890000000000000000e+02
8.860000000000000000e+02
8.870000000000000000e+02
8.860000000000000000e+02
8.880000000000000000e+02
8.870000000000000000e+02
8.860000000000000000e+02
8.870000000000000000e+02
8.890000000000000000e+02
8.870000000000000000e+02
9.080000000000000000e+02
8.880000000000000000e+02
8.840000000000000000e+02
8.850000000000000000e+02
8.870000000000000000e+02
8.860000000000000000e+02
8.840000000000000000e+02
8.890000000000000000e+02
8.860000000000000000e+02
8.830000000000000000e+02
8.860000000000000000e+02
9.120000000000000000e+02
8.820000000000000000e+02
8.880000000000000000e+02
8.950000000000000000e+02
9.160000000000000000e+02
8.880000000000000000e+02
8.840000000000000000e+02
9.090000000000000000e+02
8.850000000000000000e+02
8.850000000000000000e+02
8.870000000000000000e+02
8.860000000000000000e+02
9.070000000000000000e+02
8.840000000000000000e+02
8.920000000000000000e+02
8.860000000000000000e+02
8.900000000000000000e+02
8.840000000000000000e+02
8.870000000000000000e+02
8.850000000000000000e+02
8.870000000000000000e+02
8.870000000000000000e+02
8.850000000000000000e+02
8.810000000000000000e+02
8.880000000000000000e+02
9.130000000000000000e+02
9.090000000000000000e+02
8.840000000000000000e+02
8.870000000000000000e+02
9.110000000000000000e+02
8.890000000000000000e+02
8.840000000000000000e+02
8.890000000000000000e+02
8.410000000000000000e+02
8.850000000000000000e+02
8.840000000000000000e+02
8.860000000000000000e+02
9.060000000000000000e+02
8.860000000000000000e+02
8.880000000000000000e+02
9.140000000000000000e+02
8.830000000000000000e+02
8.850000000000000000e+02
8.900000000000000000e+02
8.830000000000000000e+02
8.840000000000000000e+02
8.830000000000000000e+02
8.850000000000000000e+02
8.870000000000000000e+02
8.890000000000000000e+02
8.850000000000000000e+02
8.840000000000000000e+02
8.970000000000000000e+02
9.040000000000000000e+02
8.870000000000000000e+02
8.860000000000000000e+02
9.120000000000000000e+02
8.860000000000000000e+02
8.840000000000000000e+02
8.850000000000000000e+02
8.880000000000000000e+02
8.830000000000000000e+02
8.890000000000000000e+02
8.860000000000000000e+02
8.870000000000000000e+02
8.870000000000000000e+02
8.830000000000000000e+02
8.870000000000000000e+02
8.860000000000000000e+02
8.850000000000000000e+02
8.870000000000000000e+02
8.810000000000000000e+02
8.840000000000000000e+02
9.130000000000000000e+02
8.860000000000000000e+02
8.850000000000000000e+02
8.880000000000000000e+02
8.890000000000000000e+02
8.870000000000000000e+02
8.840000000000000000e+02
8.870000000000000000e+02
9.080000000000000000e+02
8.910000000000000000e+02
8.890000000000000000e+02
8.830000000000000000e+02
8.880000000000000000e+02
8.830000000000000000e+02
8.820000000000000000e+02
8.860000000000000000e+02
9.120000000000000000e+02
8.840000000000000000e+02
9.130000000000000000e+02
8.830000000000000000e+02
8.950000000000000000e+02
8.830000000000000000e+02
8.890000000000000000e+02
9.130000000000000000e+02
8.850000000000000000e+02
8.870000000000000000e+02
8.850000000000000000e+02
9.160000000000000000e+02
8.870000000000000000e+02
8.830000000000000000e+02
8.890000000000000000e+02
8.890000000000000000e+02
8.880000000000000000e+02
8.880000000000000000e+02
8.810000000000000000e+02
8.840000000000000000e+02
8.870000000000000000e+02
8.830000000000000000e+02
9.160000000000000000e+02
8.920000000000000000e+02
8.880000000000000000e+02
8.890000000000000000e+02
8.860000000000000000e+02
8.880000000000000000e+02
8.840000000000000000e+02
9.080000000000000000e+02
8.830000000000000000e+02
9.050000000000000000e+02
8.830000000000000000e+02
9.150000000000000000e+02
8.830000000000000000e+02
9.120000000000000000e+02
8.870000000000000000e+02
8.840000000000000000e+02
9.160000000000000000e+02
8.900000000000000000e+02
8.870000000000000000e+02
9.140000000000000000e+02
8.850000000000000000e+02
8.880000000000000000e+02
8.830000000000000000e+02
8.860000000000000000e+02
8.860000000000000000e+02
8.830000000000000000e+02
8.860000000000000000e+02
8.860000000000000000e+02
9.130000000000000000e+02
8.860000000000000000e+02
8.840000000000000000e+02
8.900000000000000000e+02
8.890000000000000000e+02
8.850000000000000000e+02
8.890000000000000000e+02
8.880000000000000000e+02
8.860000000000000000e+02
8.900000000000000000e+02
9.130000000000000000e+02
8.850000000000000000e+02
8.880000000000000000e+02
8.880000000000000000e+02
8.860000000000000000e+02
8.870000000000000000e+02
8.870000000000000000e+02
8.880000000000000000e+02
8.800000000000000000e+02
9.120000000000000000e+02
8.890000000000000000e+02
8.870000000000000000e+02
8.840000000000000000e+02
8.880000000000000000e+02
8.870000000000000000e+02
8.890000000000000000e+02
8.850000000000000000e+02
8.900000000000000000e+02
8.880000000000000000e+02
8.870000000000000000e+02
8.860000000000000000e+02
8.870000000000000000e+02
8.850000000000000000e+02
9.150000000000000000e+02
9.160000000000000000e+02
8.860000000000000000e+02
8.840000000000000000e+02
8.900000000000000000e+02
8.860000000000000000e+02
9.010000000000000000e+02
8.840000000000000000e+02
9.100000000000000000e+02
8.880000000000000000e+02
8.860000000000000000e+02
8.890000000000000000e+02
8.830000000000000000e+02
8.890000000000000000e+02
8.890000000000000000e+02
8.890000000000000000e+02
8.860000000000000000e+02
8.880000000000000000e+02
8.850000000000000000e+02
8.880000000000000000e+02
8.890000000000000000e+02
8.870000000000000000e+02
8.870000000000000000e+02
8.870000000000000000e+02
9.110000000000000000e+02
8.870000000000000000e+02
8.890000000000000000e+02
8.840000000000000000e+02
8.870000000000000000e+02
9.100000000000000000e+02
8.880000000000000000e+02
8.860000000000000000e+02
8.900000000000000000e+02
8.890000000000000000e+02
9.120000000000000000e+02
8.880000000000000000e+02
8.850000000000000000e+02
9.130000000000000000e+02
9.160000000000000000e+02
8.870000000000000000e+02
8.880000000000000000e+02
8.360000000000000000e+02
8.870000000000000000e+02
8.880000000000000000e+02
8.840000000000000000e+02
8.860000000000000000e+02
8.860000000000000000e+02
8.890000000000000000e+02
8.850000000000000000e+02
8.880000000000000000e+02
8.870000000000000000e+02
8.870000000000000000e+02
8.860000000000000000e+02
8.840000000000000000e+02
8.880000000000000000e+02
8.880000000000000000e+02
8.840000000000000000e+02
8.890000000000000000e+02
8.880000000000000000e+02
8.900000000000000000e+02
8.880000000000000000e+02
8.870000000000000000e+02
8.870000000000000000e+02
8.890000000000000000e+02
8.880000000000000000e+02
8.900000000000000000e+02
8.840000000000000000e+02
8.870000000000000000e+02
8.820000000000000000e+02
9.130000000000000000e+02
9.120000000000000000e+02
9.110000000000000000e+02
8.860000000000000000e+02
8.850000000000000000e+02
9.120000000000000000e+02
8.840000000000000000e+02
8.880000000000000000e+02
8.890000000000000000e+02
8.880000000000000000e+02
8.880000000000000000e+02
9.140000000000000000e+02
8.900000000000000000e+02
9.160000000000000000e+02
9.120000000000000000e+02
8.890000000000000000e+02
9.150000000000000000e+02
8.860000000000000000e+02
8.870000000000000000e+02
8.820000000000000000e+02
8.860000000000000000e+02
8.880000000000000000e+02
9.150000000000000000e+02
9.090000000000000000e+02
8.880000000000000000e+02
8.850000000000000000e+02
8.860000000000000000e+02
8.890000000000000000e+02
8.890000000000000000e+02
8.850000000000000000e+02
8.880000000000000000e+02
9.130000000000000000e+02
8.870000000000000000e+02
8.860000000000000000e+02
8.900000000000000000e+02
8.860000000000000000e+02
8.870000000000000000e+02
8.880000000000000000e+02
9.090000000000000000e+02
8.840000000000000000e+02
8.890000000000000000e+02
9.100000000000000000e+02
8.890000000000000000e+02
8.890000000000000000e+02
8.850000000000000000e+02
9.140000000000000000e+02
8.890000000000000000e+02
8.860000000000000000e+02
8.860000000000000000e+02
8.830000000000000000e+02
8.860000000000000000e+02
8.890000000000000000e+02
9.150000000000000000e+02
8.860000000000000000e+02
8.840000000000000000e+02
8.900000000000000000e+02
8.860000000000000000e+02
8.900000000000000000e+02
9.160000000000000000e+02
8.880000000000000000e+02
8.840000000000000000e+02
8.860000000000000000e+02
8.860000000000000000e+02
8.860000000000000000e+02
8.880000000000000000e+02
8.890000000000000000e+02
8.870000000000000000e+02
9.150000000000000000e+02
8.890000000000000000e+02
8.880000000000000000e+02
8.840000000000000000e+02
8.840000000000000000e+02
9.150000000000000000e+02
8.900000000000000000e+02
8.880000000000000000e+02
8.850000000000000000e+02
8.850000000000000000e+02
8.830000000000000000e+02
8.840000000000000000e+02
8.890000000000000000e+02
8.850000000000000000e+02
8.870000000000000000e+02
8.890000000000000000e+02
9.130000000000000000e+02
8.880000000000000000e+02
8.870000000000000000e+02
8.890000000000000000e+02
8.860000000000000000e+02
8.880000000000000000e+02
8.830000000000000000e+02
8.870000000000000000e+02
9.070000000000000000e+02
8.890000000000000000e+02
8.900000000000000000e+02
8.830000000000000000e+02
8.870000000000000000e+02
8.840000000000000000e+02
8.850000000000000000e+02
8.890000000000000000e+02
8.880000000000000000e+02
9.100000000000000000e+02
9.130000000000000000e+02
8.880000000000000000e+02
8.840000000000000000e+02
8.880000000000000000e+02
8.860000000000000000e+02
8.890000000000000000e+02
8.890000000000000000e+02
8.890000000000000000e+02
8.870000000000000000e+02
9.150000000000000000e+02
8.890000000000000000e+02
8.870000000000000000e+02
8.850000000000000000e+02
8.890000000000000000e+02
9.130000000000000000e+02
9.160000000000000000e+02
9.090000000000000000e+02
8.850000000000000000e+02
8.830000000000000000e+02
8.840000000000000000e+02
9.160000000000000000e+02
8.840000000000000000e+02
9.080000000000000000e+02
9.060000000000000000e+02
8.850000000000000000e+02
9.090000000000000000e+02
8.880000000000000000e+02
8.870000000000000000e+02
8.880000000000000000e+02
8.820000000000000000e+02
8.850000000000000000e+02
9.140000000000000000e+02
9.120000000000000000e+02
8.850000000000000000e+02
8.850000000000000000e+02
9.150000000000000000e+02
8.870000000000000000e+02
8.880000000000000000e+02
8.850000000000000000e+02
8.900000000000000000e+02
8.880000000000000000e+02
8.840000000000000000e+02
8.840000000000000000e+02
8.880000000000000000e+02
8.840000000000000000e+02
8.860000000000000000e+02
8.890000000000000000e+02
8.890000000000000000e+02
8.850000000000000000e+02
8.910000000000000000e+02
8.870000000000000000e+02
8.870000000000000000e+02
9.140000000000000000e+02
8.870000000000000000e+02
8.890000000000000000e+02
8.900000000000000000e+02
8.870000000000000000e+02
8.830000000000000000e+02
8.890000000000000000e+02
8.900000000000000000e+02
8.840000000000000000e+02
9.090000000000000000e+02
9.090000000000000000e+02
9.110000000000000000e+02
8.830000000000000000e+02
8.850000000000000000e+02
8.890000000000000000e+02
9.080000000000000000e+02
8.880000000000000000e+02
8.850000000000000000e+02
8.860000000000000000e+02
8.840000000000000000e+02
8.880000000000000000e+02
8.870000000000000000e+02
8.900000000000000000e+02
8.830000000000000000e+02
8.860000000000000000e+02
8.900000000000000000e+02
8.880000000000000000e+02
8.900000000000000000e+02
8.890000000000000000e+02
8.860000000000000000e+02
8.860000000000000000e+02
9.140000000000000000e+02
8.870000000000000000e+02
8.840000000000000000e+02
8.870000000000000000e+02
8.870000000000000000e+02
9.060000000000000000e+02
8.860000000000000000e+02
8.880000000000000000e+02
8.890000000000000000e+02
9.150000000000000000e+02
9.140000000000000000e+02
8.860000000000000000e+02
8.890000000000000000e+02
8.850000000000000000e+02
8.860000000000000000e+02
8.880000000000000000e+02
8.840000000000000000e+02
8.880000000000000000e+02
8.860000000000000000e+02
9.150000000000000000e+02
8.860000000000000000e+02
9.140000000000000000e+02
8.880000000000000000e+02
8.880000000000000000e+02
9.110000000000000000e+02
8.860000000000000000e+02
8.860000000000000000e+02
8.880000000000000000e+02
8.870000000000000000e+02
8.860000000000000000e+02
8.840000000000000000e+02
8.290000000000000000e+02
8.870000000000000000e+02
8.850000000000000000e+02
8.850000000000000000e+02
8.800000000000000000e+02
8.880000000000000000e+02
9.110000000000000000e+02
8.820000000000000000e+02
8.870000000000000000e+02
8.860000000000000000e+02
8.870000000000000000e+02
8.860000000000000000e+02
8.900000000000000000e+02
8.870000000000000000e+02
8.850000000000000000e+02
8.860000000000000000e+02
8.830000000000000000e+02
8.860000000000000000e+02
8.840000000000000000e+02
8.850000000000000000e+02
8.820000000000000000e+02
8.850000000000000000e+02
8.880000000000000000e+02
9.120000000000000000e+02
8.850000000000000000e+02
8.810000000000000000e+02
8.860000000000000000e+02
8.890000000000000000e+02
8.830000000000000000e+02
8.880000000000000000e+02
8.800000000000000000e+02
9.120000000000000000e+02
8.850000000000000000e+02
9.140000000000000000e+02
8.870000000000000000e+02
8.850000000000000000e+02
8.850000000000000000e+02
8.800000000000000000e+02
9.140000000000000000e+02
8.830000000000000000e+02
8.860000000000000000e+02
8.810000000000000000e+02
8.890000000000000000e+02
8.850000000000000000e+02
9.120000000000000000e+02
8.810000000000000000e+02
9.110000000000000000e+02
9.130000000000000000e+02
8.820000000000000000e+02
8.880000000000000000e+02
8.870000000000000000e+02
8.840000000000000000e+02
8.840000000000000000e+02
8.800000000000000000e+02
8.830000000000000000e+02
8.880000000000000000e+02
8.980000000000000000e+02
8.870000000000000000e+02
8.830000000000000000e+02
9.120000000000000000e+02
8.880000000000000000e+02
8.880000000000000000e+02
8.860000000000000000e+02
8.840000000000000000e+02
9.100000000000000000e+02
8.830000000000000000e+02
8.880000000000000000e+02
9.130000000000000000e+02
9.140000000000000000e+02
8.850000000000000000e+02
8.820000000000000000e+02
8.850000000000000000e+02
8.820000000000000000e+02
8.910000000000000000e+02
8.880000000000000000e+02
8.880000000000000000e+02
9.100000000000000000e+02
8.830000000000000000e+02
9.150000000000000000e+02
8.870000000000000000e+02
8.830000000000000000e+02
8.860000000000000000e+02
8.890000000000000000e+02
8.880000000000000000e+02
8.830000000000000000e+02
8.870000000000000000e+02
9.120000000000000000e+02
8.840000000000000000e+02
8.850000000000000000e+02
8.830000000000000000e+02
8.870000000000000000e+02
8.850000000000000000e+02
8.840000000000000000e+02
8.850000000000000000e+02
9.120000000000000000e+02
9.150000000000000000e+02
8.820000000000000000e+02
8.840000000000000000e+02
8.830000000000000000e+02
8.840000000000000000e+02
8.810000000000000000e+02
9.130000000000000000e+02
8.840000000000000000e+02
8.840000000000000000e+02
8.870000000000000000e+02
8.870000000000000000e+02
8.880000000000000000e+02
8.820000000000000000e+02
8.850000000000000000e+02
8.810000000000000000e+02
8.830000000000000000e+02
9.140000000000000000e+02
8.820000000000000000e+02
8.860000000000000000e+02
9.140000000000000000e+02
8.870000000000000000e+02
8.860000000000000000e+02
8.860000000000000000e+02
9.150000000000000000e+02
9.130000000000000000e+02
9.150000000000000000e+02
8.850000000000000000e+02
8.840000000000000000e+02
8.830000000000000000e+02
9.140000000000000000e+02
8.830000000000000000e+02
9.150000000000000000e+02
8.890000000000000000e+02
8.870000000000000000e+02
8.870000000000000000e+02
9.150000000000000000e+02
8.830000000000000000e+02
8.870000000000000000e+02
8.840000000000000000e+02
9.130000000000000000e+02
8.870000000000000000e+02
8.840000000000000000e+02
8.890000000000000000e+02
8.870000000000000000e+02
8.810000000000000000e+02
8.830000000000000000e+02
9.150000000000000000e+02
8.880000000000000000e+02
9.120000000000000000e+02
8.850000000000000000e+02
8.880000000000000000e+02
8.840000000000000000e+02
8.860000000000000000e+02
9.130000000000000000e+02
8.860000000000000000e+02
8.880000000000000000e+02
9.110000000000000000e+02
8.830000000000000000e+02
9.150000000000000000e+02
9.120000000000000000e+02
9.130000000000000000e+02
8.860000000000000000e+02
8.840000000000000000e+02
9.120000000000000000e+02
8.850000000000000000e+02
8.880000000000000000e+02
8.830000000000000000e+02
8.850000000000000000e+02
8.880000000000000000e+02
8.850000000000000000e+02
8.820000000000000000e+02
8.840000000000000000e+02
8.860000000000000000e+02
8.870000000000000000e+02
8.840000000000000000e+02
8.890000000000000000e+02
8.840000000000000000e+02
8.880000000000000000e+02
8.880000000000000000e+02
8.870000000000000000e+02
8.880000000000000000e+02
8.860000000000000000e+02
8.810000000000000000e+02
8.850000000000000000e+02
8.880000000000000000e+02
8.920000000000000000e+02
8.830000000000000000e+02
8.870000000000000000e+02
8.860000000000000000e+02
8.860000000000000000e+02
8.880000000000000000e+02
8.840000000000000000e+02
8.870000000000000000e+02
8.870000000000000000e+02
8.870000000000000000e+02
8.880000000000000000e+02
8.850000000000000000e+02
8.860000000000000000e+02
8.830000000000000000e+02
8.840000000000000000e+02
8.880000000000000000e+02
8.830000000000000000e+02
8.850000000000000000e+02
8.840000000000000000e+02
8.830000000000000000e+02
8.870000000000000000e+02
9.150000000000000000e+02
8.870000000000000000e+02
9.100000000000000000e+02
8.830000000000000000e+02
8.840000000000000000e+02
8.810000000000000000e+02
9.150000000000000000e+02
9.080000000000000000e+02
9.110000000000000000e+02
8.820000000000000000e+02
9.120000000000000000e+02
8.870000000000000000e+02
8.850000000000000000e+02
8.840000000000000000e+02
9.150000000000000000e+02
8.890000000000000000e+02
9.120000000000000000e+02
8.830000000000000000e+02
8.840000000000000000e+02
8.860000000000000000e+02
8.840000000000000000e+02
8.850000000000000000e+02
8.890000000000000000e+02
8.830000000000000000e+02
8.880000000000000000e+02
8.840000000000000000e+02
9.130000000000000000e+02
8.870000000000000000e+02
8.870000000000000000e+02
8.880000000000000000e+02
8.850000000000000000e+02
8.830000000000000000e+02
9.140000000000000000e+02
8.880000000000000000e+02
8.850000000000000000e+02
8.830000000000000000e+02
9.120000000000000000e+02
8.860000000000000000e+02
8.880000000000000000e+02
8.860000000000000000e+02
8.850000000000000000e+02
8.870000000000000000e+02
8.870000000000000000e+02
9.150000000000000000e+02
8.870000000000000000e+02
8.840000000000000000e+02
8.800000000000000000e+02
8.880000000000000000e+02
9.110000000000000000e+02
8.850000000000000000e+02
9.150000000000000000e+02
8.840000000000000000e+02
8.870000000000000000e+02
8.850000000000000000e+02
8.850000000000000000e+02
8.860000000000000000e+02
8.820000000000000000e+02
8.860000000000000000e+02
9.150000000000000000e+02
8.840000000000000000e+02
8.860000000000000000e+02
8.820000000000000000e+02
8.870000000000000000e+02
9.140000000000000000e+02
8.880000000000000000e+02
8.860000000000000000e+02
8.880000000000000000e+02
8.890000000000000000e+02
8.890000000000000000e+02
8.800000000000000000e+02
8.830000000000000000e+02
8.870000000000000000e+02
8.850000000000000000e+02
8.860000000000000000e+02
8.860000000000000000e+02
8.830000000000000000e+02
9.090000000000000000e+02
8.890000000000000000e+02
8.850000000000000000e+02
9.150000000000000000e+02
8.840000000000000000e+02
8.850000000000000000e+02
8.850000000000000000e+02
8.850000000000000000e+02
8.890000000000000000e+02
8.870000000000000000e+02
8.840000000000000000e+02
8.880000000000000000e+02
8.830000000000000000e+02
8.840000000000000000e+02
8.880000000000000000e+02
9.150000000000000000e+02
8.880000000000000000e+02
8.820000000000000000e+02
8.880000000000000000e+02
8.820000000000000000e+02
8.870000000000000000e+02
8.860000000000000000e+02
8.820000000000000000e+02
8.870000000000000000e+02
8.840000000000000000e+02
9.120000000000000000e+02
8.870000000000000000e+02
8.860000000000000000e+02
8.880000000000000000e+02
9.110000000000000000e+02
8.810000000000000000e+02
9.100000000000000000e+02
8.880000000000000000e+02
8.890000000000000000e+02
8.860000000000000000e+02
9.140000000000000000e+02
9.130000000000000000e+02
8.870000000000000000e+02
8.850000000000000000e+02
8.810000000000000000e+02
8.840000000000000000e+02
8.860000000000000000e+02
8.820000000000000000e+02
8.860000000000000000e+02
9.100000000000000000e+02
8.830000000000000000e+02
8.870000000000000000e+02
8.820000000000000000e+02
8.870000000000000000e+02
9.140000000000000000e+02
8.870000000000000000e+02
9.110000000000000000e+02
8.850000000000000000e+02
8.880000000000000000e+02
8.860000000000000000e+02
8.880000000000000000e+02
8.880000000000000000e+02
8.860000000000000000e+02
8.830000000000000000e+02
8.890000000000000000e+02
9.150000000000000000e+02
8.880000000000000000e+02
8.840000000000000000e+02
8.820000000000000000e+02
8.890000000000000000e+02
8.850000000000000000e+02
8.860000000000000000e+02
8.840000000000000000e+02
9.120000000000000000e+02
8.880000000000000000e+02
8.870000000000000000e+02
8.870000000000000000e+02
8.890000000000000000e+02
8.860000000000000000e+02
8.890000000000000000e+02
8.890000000000000000e+02
8.850000000000000000e+02
8.830000000000000000e+02
8.840000000000000000e+02
8.850000000000000000e+02
8.820000000000000000e+02
8.830000000000000000e+02
8.840000000000000000e+02
9.120000000000000000e+02
8.880000000000000000e+02
8.880000000000000000e+02
8.860000000000000000e+02
8.880000000000000000e+02
8.800000000000000000e+02
8.880000000000000000e+02
8.870000000000000000e+02
8.820000000000000000e+02
8.840000000000000000e+02
8.830000000000000000e+02
8.820000000000000000e+02
8.880000000000000000e+02
8.850000000000000000e+02
8.820000000000000000e+02
9.130000000000000000e+02
9.140000000000000000e+02
9.130000000000000000e+02
8.830000000000000000e+02
8.860000000000000000e+02
8.890000000000000000e+02
8.870000000000000000e+02
9.150000000000000000e+02
8.810000000000000000e+02
8.840000000000000000e+02
8.880000000000000000e+02
8.840000000000000000e+02
8.830000000000000000e+02
8.830000000000000000e+02
8.830000000000000000e+02
8.800000000000000000e+02
8.830000000000000000e+02
8.810000000000000000e+02
8.870000000000000000e+02
8.870000000000000000e+02
8.840000000000000000e+02
9.120000000000000000e+02
8.880000000000000000e+02
8.830000000000000000e+02
8.840000000000000000e+02
9.140000000000000000e+02
9.140000000000000000e+02
8.850000000000000000e+02
8.860000000000000000e+02
8.870000000000000000e+02
8.840000000000000000e+02
8.840000000000000000e+02
9.100000000000000000e+02
8.870000000000000000e+02
8.850000000000000000e+02
9.150000000000000000e+02
8.890000000000000000e+02
8.820000000000000000e+02
8.880000000000000000e+02
8.850000000000000000e+02
8.860000000000000000e+02
8.870000000000000000e+02
8.810000000000000000e+02
8.870000000000000000e+02
8.900000000000000000e+02
8.890000000000000000e+02
8.860000000000000000e+02
8.870000000000000000e+02
8.820000000000000000e+02
9.140000000000000000e+02
8.880000000000000000e+02
8.870000000000000000e+02
8.890000000000000000e+02
8.830000000000000000e+02
8.810000000000000000e+02
8.850000000000000000e+02
8.840000000000000000e+02
8.880000000000000000e+02
8.870000000000000000e+02
8.850000000000000000e+02
8.860000000000000000e+02
8.850000000000000000e+02
8.880000000000000000e+02
8.870000000000000000e+02
8.840000000000000000e+02
8.880000000000000000e+02
8.880000000000000000e+02
8.880000000000000000e+02
8.800000000000000000e+02
8.860000000000000000e+02
8.840000000000000000e+02
8.820000000000000000e+02
8.870000000000000000e+02
8.850000000000000000e+02
9.110000000000000000e+02
8.840000000000000000e+02
8.820000000000000000e+02
8.880000000000000000e+02
9.140000000000000000e+02
8.830000000000000000e+02
8.840000000000000000e+02
8.820000000000000000e+02
8.820000000000000000e+02
8.860000000000000000e+02
8.890000000000000000e+02
9.110000000000000000e+02
8.820000000000000000e+02
8.860000000000000000e+02
8.840000000000000000e+02
8.860000000000000000e+02
8.840000000000000000e+02
8.880000000000000000e+02
8.880000000000000000e+02
9.100000000000000000e+02
8.830000000000000000e+02
8.840000000000000000e+02
8.870000000000000000e+02
8.860000000000000000e+02
8.870000000000000000e+02
8.870000000000000000e+02
8.830000000000000000e+02
8.810000000000000000e+02
8.880000000000000000e+02
8.860000000000000000e+02
9.130000000000000000e+02
8.860000000000000000e+02
8.860000000000000000e+02
8.870000000000000000e+02
8.830000000000000000e+02
8.850000000000000000e+02
8.830000000000000000e+02
8.830000000000000000e+02
8.860000000000000000e+02
9.120000000000000000e+02
8.870000000000000000e+02
8.860000000000000000e+02
9.110000000000000000e+02
9.130000000000000000e+02
9.150000000000000000e+02
8.870000000000000000e+02
8.850000000000000000e+02
9.100000000000000000e+02
8.860000000000000000e+02
8.840000000000000000e+02
8.870000000000000000e+02
8.890000000000000000e+02
9.080000000000000000e+02
8.870000000000000000e+02
8.850000000000000000e+02
