1.062984035971415553e+00
3.133177592694478264e-01
5.375251643030127813e-01
1.562854946243674270e+00
2.519978108893022206e+00
1.329571923618804163e+00
1.235927571468861119e+00
8.459744949305201267e-01
8.021332145223170063e-01
1.230985116105616006e+00
7.288246804292068948e-01
1.214856154685106437e+00
1.420643037834048883e+00
1.191794579722106784e+00
2.311651425575962815e+00
1.926595349225803444e+00
7.134439661254403653e-01
1.515825563990359948e+00
1.014698646436702267e+00
7.157540842289479288e-01
2.387286753307957532e-01
4.040600330049964328e-01
3.822454079725167153e-01
2.671466272044133450e-01
2.817820669875442663e-01
3.757408042637649936e-01
3.435019056675594484e-01
3.785713612443739606e-01
3.221755914620295091e-01
3.786036763641995595e-01
3.109584236718165418e+00
4.865125539937847243e+00
4.052624768491136287e+00
3.507180003898366927e+00
3.287769521696454422e+00
4.523532145540698934e+00
3.441239828505470388e+00
3.706491189418219978e+00
3.577701464267962539e+00
3.946940848963333970e+00
3.818273568374284999e+00
4.168684396799520187e+00
4.443460005243783151e+00
3.726034298937185518e+00
3.401350120385063125e+00
3.364983775694451396e+00
3.100962129941377210e+00
4.139324043975044276e+00
4.869299476921483461e+00
4.794064274148027494e+00
4.333913651914460097e+00
4.653801238469608137e+00
4.058651484798583731e+00
2.980847123945563837e+00
4.910182104426128014e+00
4.029154316291670312e+00
3.918464468725026073e+00
4.833154044175595132e+00
4.719747309460336382e+00
4.718069184762544666e+00
3.575516774674285525e+00
3.677388025519181980e+00
3.611185237643469215e+00
3.375756156488073145e+00
4.043611719196153587e+00
3.931822034055472592e+00
3.769512420343305248e+00
2.605472544993070461e+00
3.823820221381404760e+00
4.409109255999836385e+00
3.878682270705310131e+00
4.082295870895764622e+00
4.591732403612468261e+00
2.491478265806849279e+00
4.780561641996086131e+00
3.389281689433433886e+00
2.558350125056192859e+00
3.608522795600746846e+00
3.849711155853224653e+00
4.570192332150275760e+00
4.305672539840557533e+00
4.449779836153101797e+00
4.824850130173413909e+00
4.288908041814306848e+00
3.823028611320347103e+00
4.867996357210587988e+00
4.095070387957232327e+00
4.150181071977038449e+00
4.621414953455044383e+00
3.884478832974644913e+00
3.999287860559383567e+00
3.957498323402488527e+00
4.599284497341758815e+00
2.379773031566937203e+00
4.943543566118058230e+00
4.991950558505081403e+00
5.068965848014909348e+00
3.811687450924096332e+00
4.078264506346336304e+00
2.674442772816961078e+00
4.323013288138164434e+00
4.027343595941641041e+00
4.255690974035413632e+00
5.183577278542606415e+00
3.949720511300904846e+00
5.056774324040951285e+00
3.802451531849680322e+00
2.187479284218694975e+00
5.080183211344365901e+00
5.150085455723187877e+00
3.740956374891673875e+00
4.434719632331742822e+00
4.656578320803064663e+00
4.628205791022118376e+00
2.665054889027989038e+00
5.192493053529916303e+00
4.368555795528972219e+00
4.119179670299952356e+00
4.307698845818007882e+00
5.222064290162804490e+00
2.682302264025431704e+00
3.832263556422712547e+00
4.700369919335231295e+00
4.212860764837095040e+00
3.260274254830087148e+00
4.563047972005168873e+00
2.292237739295314825e+00
2.469744173239441398e+00
2.513493364355226856e+00
2.741252194186525326e+00
4.908285161740913338e+00
2.465402902724325607e+00
2.442952765855694430e+00
4.220459561437580831e+00
4.091059083544624997e+00
2.387920549209137100e+00
2.144040511062977217e+00
4.206751826945636097e+00
3.833811582031480647e+00
4.524095569575638187e+00
4.789004584168668366e+00
5.059851312342929397e+00
3.881331093062651671e+00
2.423791488410486306e+00
4.264535121614236424e+00
2.682132539543327088e+00
2.391789184713746241e+00
4.935373083824066143e+00
2.561282550434049732e+00
5.163850793153226704e+00
4.488684069492232531e+00
2.467756560968340729e+00
4.766665547712655382e+00
4.919652854819268839e+00
4.200062473311922062e+00
4.123950690869565783e+00
4.833314855577000024e+00
4.912635044352273717e+00
2.341048659383599073e+00
4.408755586511360569e+00
2.324574566120392927e+00
5.137003407965823776e+00
2.681591563807237399e+00
4.705124870052438624e+00
2.705625546419462069e+00
2.578405607931539834e+00
2.450674722937411509e+00
5.047647667070548572e+00
2.918696885625400306e+00
4.111850088445266671e+00
2.641867202077245569e+00
4.718528011509692810e+00
4.370471241508989024e+00
2.687941896809188158e+00
5.142268278138213411e+00
2.272874210904759718e+00
4.165133655728662454e+00
4.835834632935102739e+00
4.517041689768013235e+00
2.292206702291799569e+00
4.277562689488008552e+00
2.718681155377629111e+00
4.482004162044500362e+00
3.826183664491995540e+00
2.783830624851738378e+00
4.189526978057346973e+00
2.386177507168639966e+00
4.208415484137410623e+00
2.997714893287418469e+00
2.849040546390604778e+00
2.231594688548601990e+00
2.467985126182954403e+00
2.293123546009828040e+00
4.946257889999036372e+00
2.221415569742791973e+00
2.847540641081200086e+00
2.490730956940115703e+00
4.697303612655594485e+00
2.624905392223397804e+00
4.282250105947584373e+00
4.500036199358643962e+00
2.816905110851799066e+00
2.580991359413320030e+00
2.741089770185600294e+00
2.480221539261874497e+00
2.256251683288755583e+00
2.488992955575560106e+00
5.048179227712598305e+00
2.862049959824769729e+00
2.722460916995485203e+00
2.751858831891729196e+00
5.151699730750834760e+00
2.639400958561988197e+00
2.424358811383453993e+00
2.680764713358060991e+00
2.849308032659358503e+00
2.417494737946165095e+00
2.874755970183262122e+00
4.671386457676811155e+00
4.882100378372752125e+00
2.214111682638906231e+00
2.825473230107830691e+00
2.220148896991172016e+00
2.180019908666123385e+00
2.958064417847844130e+00
2.763317727889719411e+00
4.553626251945913417e+00
3.099553243005335634e+00
4.950484216321380693e+00
2.337844942644780488e+00
4.680388294365941171e+00
2.863777497420594731e+00
2.601223180806190083e+00
4.366376028250725128e+00
2.797222302152822415e+00
2.489316254821090979e+00
4.912139720796786513e+00
2.479410784450576166e+00
2.542636834166488224e+00
2.573880242295112808e+00
2.797296214056284036e+00
4.985624285604849604e+00
2.659973120216178266e+00
2.686765414408353703e+00
2.625338164895137716e+00
4.124255598099485276e+00
2.516858628034019940e+00
3.064705494400416619e+00
2.642298934236306351e+00
2.446788998736078913e+00
2.140099183137353922e+00
2.644940917254908097e+00
4.721001521799317757e+00
2.457330071947389172e+00
4.634219274419992374e+00
2.391935705114852873e+00
2.349306109131631626e+00
2.596356735018950701e+00
4.571413542539056074e+00
2.151855314523058116e+00
4.891990969823522661e+00
2.459202358481037631e+00
2.281250412459867594e+00
2.641579895878229500e+00
3.054717568452582022e+00
2.252999934403829840e+00
4.407094772689129414e+00
2.043851070258067448e+00
3.025326676326206776e+00
2.930216727587440229e+00
2.594906040787879675e+00
2.903082442556552678e+00
2.812110818267735457e+00
2.673870383674277207e+00
2.506066051209438150e+00
2.114225896086499024e+00
2.767273589705889769e+00
2.974645306159388713e+00
2.663802112978840064e+00
4.394401169634506665e+00
2.746730525452724336e+00
4.563098401079485278e+00
2.374372794663206498e+00
4.721308701759395099e+00
4.690437925685693621e+00
2.181955965755340454e+00
2.854103904192738295e+00
2.511168670874506681e+00
2.564377384802170479e+00
2.187798072124856663e+00
1.829979132586875723e+00
2.817035956505948846e+00
2.802183269319257430e+00
2.348586187075079934e+00
2.249682693289426716e+00
2.146605679388313703e+00
2.954397751756951962e+00
2.467477749162800826e+00
4.673483673094948720e+00
4.923703076049580574e+00
2.828838799932983594e+00
2.432440848031503400e+00
2.900307058562519469e+00
2.536520666935017321e+00
4.576395492381688079e+00
2.692416096746594434e+00
2.290804249890541211e+00
2.402993675857562739e+00
2.065990760464751386e+00
2.721783623197112423e+00
1.895177277047930930e+00
4.771510712348290717e+00
2.947405657213986618e+00
2.793453123719172204e+00
1.889414936625228858e+00
2.495141353583732791e+00
2.693439040881707491e+00
4.693698523539210576e+00
2.509646299458536678e+00
5.080773034505801533e+00
2.060961000736122539e+00
2.086538193609758451e+00
3.044697796322043182e+00
2.400756522345921073e+00
2.653104077808783767e+00
2.891262311807888175e+00
4.897422469639873377e+00
2.683159236342082199e+00
2.167709509741505780e+00
2.863200686751801616e+00
1.888260321431916022e+00
2.127365163067132858e+00
2.292339526654488591e+00
2.872495340951951359e+00
2.957890912705658515e+00
2.723856046060783687e+00
4.515707619773939641e+00
2.388912716069402808e+00
3.039309331511749424e+00
5.006092077565761578e+00
2.103966543415262347e+00
1.932778033514697569e+00
2.452035477656927753e+00
1.873884966657310969e+00
2.883773073036796308e+00
3.068262033621137252e+00
4.716979068528297958e+00
4.840585036000187635e+00
4.581308257608048606e+00
2.436176877183632072e+00
2.127819219299397879e+00
1.903112791049404562e+00
2.853628469411636726e+00
2.824737222947113491e+00
3.007005666608606020e+00
2.701097916490003747e+00
2.924279737834998727e+00
2.344809778487002561e+00
2.392026313546166350e+00
2.547446103712290633e+00
2.473038422575891015e+00
2.861648835516498401e+00
4.863553280599100859e+00
2.233034124511772411e+00
2.690295098890742143e+00
1.892910460584305898e+00
2.707861588910345230e+00
2.505007474382026089e+00
2.237968543338616279e+00
2.636462435895016387e+00
2.655772987972532473e+00
1.938729474813578602e+00
2.874598842005594346e+00
2.785185932449934398e+00
3.033181216161502380e+00
2.969163891719202919e+00
2.721720335477583408e+00
3.038487696454084119e+00
1.847899844614290021e+00
2.540277620179720142e+00
2.687239153328603525e+00
2.411984275983083847e+00
2.558271785368340545e+00
4.898172075772099454e+00
4.446612574760020919e+00
2.747764832809558300e+00
2.148675986020327056e+00
3.074897374529940386e+00
4.778828390616921773e+00
1.842786385534308291e+00
2.754168799566294901e+00
2.501874727140164900e+00
2.519429512325085607e+00
3.090501085599411280e+00
3.003018960027728390e+00
4.892151894492840825e+00
2.939126283654235561e+00
1.807656486568165688e+00
2.638893381613593103e+00
2.557637307101050528e+00
2.437422179924330745e+00
3.000385778556814209e+00
2.540057700185115230e+00
4.755294859516923545e+00
2.561848568229594392e+00
2.275976078159004601e+00
2.377906692521555510e+00
4.382913416404311313e+00
2.260966925431546315e+00
2.540650596399114836e+00
2.343115938527073894e+00
1.917783572538840353e+00
2.637941631428573075e+00
3.007546213198349694e+00
1.927209465487833340e+00
2.989008449537394085e+00
2.293753693689236428e+00
2.488072148923735405e+00
2.736226161865132234e+00
4.626952028266861916e+00
2.385378250915614284e+00
2.360957638549206372e+00
1.832165488305303347e+00
2.200344935544221059e+00
2.273662013711544194e+00
2.636248615912078375e+00
4.795648861606302660e+00
1.808855308225955305e+00
2.916800075711064810e+00
2.505981679998312561e+00
2.214125415802561392e+00
2.879606353067949875e+00
2.721999095330589924e+00
2.581992990127407683e+00
2.332812272147995358e+00
3.083164015230123844e+00
1.810344823500553257e+00
2.566615600219886328e+00
2.406887789185829796e+00
2.895717634969884990e+00
2.623017726224129209e+00
2.646181771379507719e+00
3.039962609629710766e+00
2.221659802891264412e+00
2.209238860103350355e+00
2.982689127863494161e+00
3.001612423449052436e+00
2.817219489619319450e+00
2.381505544642447347e+00
1.862124209869708613e+00
2.661314887325869183e+00
5.036409633976536071e+00
2.839425697909034430e+00
2.869108852838075041e+00
2.912099102460441902e+00
2.972141290740681896e+00
2.814750805541927026e+00
2.832620739732492066e+00
2.866313731549166022e+00
2.890814534882363507e+00
2.830852605223299623e+00
2.500494425404064636e+00
1.853955369809124454e+00
2.475302170684168690e+00
2.081025016912971815e+00
2.389400616232227659e+00
2.411179571237509034e+00
1.896629344349518798e+00
2.279398859911633046e+00
2.717455214783294437e+00
2.605014408398808712e+00
3.090344192717247029e+00
1.806733529156192564e+00
1.871319647102887229e+00
4.710959551821690461e+00
3.096084554103628150e+00
2.435980263044174698e+00
2.235934173708426620e+00
3.147345524868979894e+00
3.004052152862114689e+00
2.269831916317508913e+00
2.543544867577322233e+00
2.586767747421488739e+00
2.766368203708816864e+00
2.934753582333128552e+00
1.852733611620946741e+00
3.092402587040706585e+00
2.333440158743388615e+00
2.611255881130251755e+00
3.039000612744477081e+00
1.863932596525796681e+00
2.324427461011398410e+00
1.934297846082015271e+00
2.328225389364843689e+00
3.076784330584550808e+00
3.004285456778087227e+00
3.118906967111497952e+00
2.170565431141663115e+00
3.065451343592431321e+00
2.316659155048851115e+00
2.625565536235567432e+00
3.024689058613288850e+00
3.078716604534305290e+00
3.014547154962495146e+00
2.483267676291427417e+00
2.836384287863732645e+00
1.964986696165674340e+00
1.934072580523589657e+00
1.913934714311292806e+00
2.809254871010967047e+00
2.940078100964477859e+00
2.919891407182162446e+00
2.425262243577222421e+00
3.080275359074403863e+00
2.990824229021864067e+00
2.643777812391634008e+00
1.897770155286013338e+00
2.772012175262580591e+00
2.945172157510753230e+00
3.083256018246434582e+00
2.529676793510495791e+00
2.343466882999259315e+00
2.415336885703839531e+00
2.333749900153093915e+00
2.181379992087834729e+00
2.349071427768576914e+00
3.021411778973754902e+00
2.264156661249242752e+00
3.095720117322072973e+00
1.852179233255023982e+00
2.295249288839867674e+00
2.591572523552195584e+00
2.639683993314635657e+00
2.519426396441979410e+00
3.034857807653500217e+00
2.655142184842614661e+00
3.081776762415090687e+00
2.615055051944445985e+00
2.858740283512333225e+00
3.156546832603974284e+00
1.960967711532818347e+00
2.957280651245617342e+00
2.272801895685730322e+00
2.120415898175569858e+00
1.951786384938765551e+00
2.201099904052496115e+00
2.719477390790628668e+00
1.825606116067728157e+00
2.765530386226272341e+00
2.676817057614027107e+00
2.207536532906761995e+00
2.344118610925996826e+00
1.836537513640522867e+00
3.069785709202916824e+00
2.329317706729362669e+00
2.494004016836063542e+00
2.331200825629596629e+00
2.972767409836976071e+00
2.557581299249478857e+00
2.784539381513187362e+00
2.535095027646845800e+00
2.584584092772536312e+00
2.614479042159987721e+00
2.801601970985020174e+00
3.082213700963658543e+00
1.896451603105827388e+00
1.861265523226891094e+00
2.827527243197124562e+00
2.351856689676824708e+00
1.857573772695517933e+00
3.116658317300974534e+00
2.511509552541634438e+00
3.050379298650215176e+00
4.497684624425796862e+00
3.013838781592094840e+00
3.049435065108192511e+00
3.005827531422724519e+00
1.850271476623564171e+00
2.947435508477159072e+00
3.083235786982089888e+00
1.896410547435246174e+00
2.879233813651246976e+00
2.670973771758201387e+00
2.274260409664658145e+00
2.831705444662458770e+00
2.695189074239856541e+00
2.782601186939696714e+00
2.444877127255734806e+00
3.026427291140712850e+00
2.233991522338514280e+00
2.612706705364012283e+00
2.964116910172271524e+00
2.030178366373611265e+00
1.896340520129909724e+00
3.041294021081942134e+00
2.575391315591824881e+00
1.934409115267736956e+00
2.541367575129029888e+00
2.612526784320705620e+00
2.981269516173709277e+00
3.116805680884044971e+00
2.804097353989191799e+00
3.132648291013528041e+00
2.656882755272375718e+00
3.047129118984155394e+00
2.491244523530310673e+00
2.273149216580455878e+00
3.047972025474725122e+00
2.435106687731957820e+00
2.736413217111151486e+00
3.017461248944564023e+00
2.825600410829259168e+00
3.035981474010694736e+00
1.861918686241053722e+00
2.418382363432430182e+00
2.965820756948106762e+00
3.038576790996041499e+00
3.087953617707731357e+00
2.514036019336648664e+00
2.796466977241129026e+00
3.054096919108108210e+00
1.812981266747546449e+00
2.224865126936028226e+00
3.055720411303540551e+00
2.598966614957929355e+00
3.084286637583218305e+00
2.895239193166708525e+00
2.927247073872462302e+00
2.591900726398559840e+00
1.887219349909417865e+00
2.834712622860039222e+00
1.889815818590441454e+00
2.850485190211996755e+00
2.056804907779981928e+00
2.889904718424144647e+00
3.084450254456968299e+00
1.877483513057224718e+00
2.946272443299208454e+00
2.988859838812420122e+00
2.939560152703446505e+00
1.941004497152915231e+00
2.993886100751239621e+00
2.658393443377167209e+00
2.272955508176756734e+00
2.105203704905814988e+00
3.060876973609913065e+00
3.020046281856307857e+00
2.871570753521083930e+00
2.065640031538900967e+00
2.569273554104912982e+00
2.940296517268314869e+00
1.967541438467308890e+00
2.367432127761606164e+00
3.022547957750799430e+00
3.055167370510580405e+00
2.647986293419442028e+00
3.005020510664607070e+00
2.495479047113878579e+00
1.855398483190024539e+00
2.873748816622990532e+00
1.857985379743648746e+00
2.879544436759993165e+00
1.940992893943333630e+00
2.847285939997753257e+00
1.865417319831818466e+00
2.365218447621061593e+00
2.808803233003947852e+00
1.958694337729409707e+00
3.109920685268157126e+00
2.276274538991576168e+00
1.915600014923568351e+00
2.784877813476651642e+00
2.377102496343576288e+00
2.869675903682226803e+00
2.399424977164587247e+00
2.653404686925423750e+00
2.928340346492551927e+00
2.964656278912684240e+00
2.513190684294105193e+00
1.893533680552816234e+00
2.486620611130911040e+00
2.816984581498822138e+00
3.094648296995487602e+00
3.085702588400001112e+00
2.723817521031256739e+00
3.088783441756753678e+00
3.054754585064404893e+00
2.588152809542260790e+00
3.132867941011487023e+00
1.854864482846414475e+00
2.552196994264400942e+00
3.001250366184450513e+00
2.356900830366286392e+00
2.624532050009014128e+00
2.973518668118086516e+00
3.008300915212244409e+00
2.318745644703318565e+00
2.992244864897390499e+00
1.897747892120112967e+00
3.051669010023088102e+00
3.078021978493692856e+00
2.934368722983819122e+00
2.425995965770529228e+00
2.260971394812078650e+00
3.104556289639850419e+00
2.744103017688651391e+00
3.103384361382078627e+00
3.024777499273413994e+00
2.967060748922737634e+00
2.532917353759287504e+00
2.512034358437027937e+00
2.666847252279102243e+00
1.907913768825237000e+00
1.964345638912776471e+00
2.513898168006158507e+00
2.923149144623863549e+00
2.268780264663219803e+00
2.647015605891517964e+00
1.951725342340144609e+00
2.860279801956365109e+00
1.890109000214845070e+00
3.075511393144886529e+00
2.613504991314675063e+00
2.362448179630638467e+00
2.737328236521569647e+00
3.002913516974248687e+00
3.132053074052214114e+00
3.057773860966979562e+00
2.955730341096052705e+00
3.025448044581663609e+00
2.950767101145455040e+00
2.465328715536953208e+00
3.089556034960356357e+00
2.991351642223061269e+00
3.026626943403692760e+00
3.000692224624304405e+00
1.916110091963605377e+00
2.541613301517570367e+00
3.100315690687908354e+00
2.769146553976987946e+00
2.428347477693501677e+00
1.881350412266550531e+00
2.331943900459379826e+00
2.601602902544045914e+00
3.115734612600240538e+00
2.278526463073663244e+00
1.862926884033635710e+00
3.029221749358990134e+00
2.651180868679598568e+00
1.897152054321166625e+00
1.927767900024472958e+00
2.977745480983174264e+00
3.017069611639971338e+00
4.785085937620556784e+00
2.500052791880137626e+00
2.387925507202108832e+00
2.791855960573307538e+00
2.646582705858358864e+00
2.606899070756685699e+00
3.107798258473088548e+00
2.943763332826179191e+00
3.077702633112946007e+00
3.031748847219499776e+00
2.453418299735058206e+00
2.563511120706535085e+00
2.779487292410476762e+00
2.396516198349523119e+00
3.009832091673703580e+00
2.783311949514287065e+00
3.062840712738990945e+00
3.039225856260666880e+00
2.251302561647285483e+00
2.376024396882780110e+00
2.529053568071866653e+00
2.487747304952580230e+00
3.088057546347394045e+00
3.107957288550586838e+00
2.249588868803409358e+00
2.731945344408575949e+00
2.557690908768505356e+00
2.985994033514701052e+00
1.912076823462295572e+00
1.907954110812043247e+00
1.851284157750832549e+00
2.968494317836999574e+00
2.952629845680293297e+00
1.857625240921711995e+00
2.812923345982082157e+00
3.015596845071747634e+00
3.100618625492954639e+00
2.374086129581987059e+00
2.418395250226791582e+00
1.892775393766450875e+00
3.129449953604797940e+00
1.961648285118311685e+00
1.916291041110005366e+00
2.341510469032758390e+00
1.940397638041403638e+00
3.086341921508081398e+00
2.998700836172379258e+00
2.910767864413303041e+00
2.577908177612105778e+00
3.035456873588093796e+00
1.954545968009714585e+00
1.859519008470108981e+00
3.018377022803961918e+00
2.746544539523949613e+00
2.551918022076735237e+00
3.071583341259474853e+00
3.148776254919492867e+00
2.923913410788125056e+00
2.440470363098179885e+00
1.893645113190887797e+00
2.536367619441399768e+00
2.573827868518184125e+00
3.101177063239179521e+00
2.644123747424000470e+00
2.514994116126434864e+00
3.068549541554512317e+00
1.848264202321190597e+00
2.770582594361784778e+00
3.067513031388846567e+00
1.909120789866267431e+00
3.066011731772861904e+00
3.119759540711596113e+00
2.493690909451262705e+00
1.912325778413306976e+00
2.340282711456847853e+00
2.531322941751379840e+00
2.946018465659356877e+00
2.827864769583686044e+00
2.539166116478706048e+00
3.096411914802892351e+00
1.913763822719011243e+00
2.582445204664800542e+00
2.844779722170174274e+00
3.114985169286541566e+00
2.974188254140295307e+00
2.245352447139773666e+00
1.951921837985651775e+00
2.402066038231295053e+00
2.404807154940228564e+00
2.608342048248209366e+00
2.955386932917162479e+00
2.629203411556063408e+00
3.008010936799863977e+00
2.318527584018333698e+00
3.035195315145481576e+00
1.941906055160412148e+00
2.277827054455396016e+00
2.230508425673275230e+00
2.764560204962402068e+00
2.922689930551421345e+00
1.948609165924009679e+00
2.208754708215189044e+00
3.009426068887401051e+00
2.618895135403882080e+00
2.708250445067025947e+00
3.019713016149094376e+00
2.958266925109066747e+00
3.107556431943117037e+00
2.697077194852499193e+00
2.526917353231209695e+00
3.108270498275386817e+00
1.895950655878337221e+00
3.097410468774703496e+00
3.035740575904728900e+00
2.318469863950020304e+00
2.980550792729437681e+00
2.423930698757343905e+00
2.873256666049122110e+00
2.431530145352592154e+00
1.806184873613479347e+00
2.330370915109982288e+00
3.133767688621919678e+00
2.805618309232189578e+00
2.433067443636508287e+00
2.929717187051558369e+00
2.715259375992210344e+00
2.313780991486035887e+00
2.609758704586930378e+00
1.870778309591479172e+00
1.912790044111320142e+00
3.009937834408169088e+00
2.809399898312321842e+00
2.990144161845673665e+00
2.621958993872857580e+00
3.108815085547767865e+00
3.101106756920307017e+00
3.136862662058454099e+00
2.980754673632505458e+00
1.927166205753298778e+00
3.102077862422232712e+00
2.509335868218514953e+00
2.725013638121695170e+00
2.356323790580122868e+00
1.874020586923558218e+00
1.962273773233224716e+00
1.845663258127419271e+00
2.940911724094939395e+00
2.873296004864619224e+00
2.869078445564984037e+00
1.953463550644633839e+00
2.783783330553389668e+00
1.852186566714911553e+00
1.844046297675295820e+00
2.654708566522290702e+00
1.846043299635711676e+00
2.407446277687390168e+00
3.098448571381046790e+00
3.013186896870960307e+00
2.879826271346809019e+00
2.390809236486878930e+00
1.892465979091826123e+00
1.859292936990706524e+00
2.531892259352428454e+00
2.629950223867904224e+00
1.900553867123391472e+00
2.455006062820485280e+00
2.398869695528187407e+00
2.954403964215347678e+00
2.252151011566248417e+00
3.053904102651880059e+00
3.045159942843735479e+00
2.733005929768954623e+00
3.066441908426428054e+00
3.033014142352360221e+00
2.613560690062858960e+00
3.044872046654364617e+00
2.348580783670732419e+00
2.723871623666930031e+00
2.209459514220520671e+00
2.506148892143371221e+00
3.007255321082218380e+00
1.907913318603028152e+00
2.375591455353702752e+00
2.361752990481986281e+00
2.204661132691082770e+00
3.053374404516377538e+00
2.826537971717587805e+00
3.093485978343129439e+00
2.270165571057544796e+00
2.922766587988123277e+00
1.861252648940649790e+00
1.864304900924521391e+00
1.863440753956320695e+00
2.883573928279459242e+00
2.723034479517034256e+00
3.055193502485368473e+00
1.840519114527747080e+00
3.045234409095145534e+00
2.938136426161851222e+00
2.605128318707994772e+00
2.770812967957192452e+00
3.033363861291317853e+00
2.539508923346512681e+00
3.090727322015671685e+00
2.883214350597890885e+00
2.640018202302458317e+00
3.113847316710449231e+00
2.291765875809470110e+00
3.098100899023304322e+00
2.346184512382172738e+00
2.616542779878624270e+00
2.601475179494870726e+00
1.904188633915397721e+00
2.426551091674766347e+00
2.937816985440363293e+00
3.024151541089000528e+00
3.106446125192485308e+00
1.855508295807593910e+00
2.634284608322126520e+00
2.179406663156889579e+00
3.089526688123015674e+00
1.953127303618415134e+00
1.938255497186835985e+00
2.645679098785524541e+00
2.345334642128066083e+00
2.692663055547641182e+00
2.584510994434252584e+00
2.388782209117845667e+00
2.736427887917038948e+00
2.405081342588550886e+00
2.654619104120827355e+00
1.965172531603976758e+00
2.561257817708296525e+00
1.957974959448377295e+00
3.026755796870963078e+00
3.023860593430244492e+00
1.856868441052557772e+00
2.542134147589105275e+00
2.526299878474315364e+00
3.047633309761866638e+00
2.482220949679140976e+00
2.641697487235256769e+00
2.935520508614242186e+00
4.904117099518517264e+00
2.532516618350960425e+00
2.679825157749996745e+00
2.636456156221018254e+00
2.923372601245543656e+00
3.053490906906839442e+00
1.858342370589646464e+00
2.876534043004026930e+00
2.549140044100420610e+00
3.029110313480975591e+00
3.000288964636420808e+00
2.660838478090730597e+00
2.249420840375310426e+00
2.532817029743013038e+00
2.608533203572269699e+00
2.977628849939656153e+00
2.911481014103395104e+00
2.388744563194010073e+00
2.942864258620601081e+00
2.638158260820640422e+00
2.767765218234697233e+00
2.448961698839651202e+00
3.107824692024069080e+00
1.907989422483156394e+00
2.948405403956253945e+00
2.803497695747741769e+00
3.069405739596953175e+00
3.097096649769876198e+00
2.684043429342677367e+00
3.021457689317458506e+00
2.878500392069994529e+00
1.918557061505490546e+00
3.060703302040063800e+00
1.948346954636681394e+00
2.341313177467604145e+00
2.481118890179786707e+00
2.953000191360565907e+00
2.783393145570968397e+00
1.943015930136624991e+00
2.747499193977500198e+00
2.963932253633324354e+00
2.852371823341994794e+00
3.116335751734438109e+00
2.422062412716396107e+00
1.881890740273467921e+00
2.865365453922886108e+00
1.870563458712193095e+00
1.883806709525779111e+00
2.600299032357444418e+00
3.039704107963647761e+00
3.142399524454460469e+00
2.756169041480835080e+00
2.552235480506991117e+00
2.963089683258650631e+00
2.773569937959759812e+00
3.032283096269574152e+00
1.861064818729413206e+00
2.319069775205119921e+00
2.726889587836752948e+00
1.939862928371742568e+00
3.008641297713563478e+00
3.025948044407391180e+00
2.491341376657369544e+00
2.665541560941429022e+00
1.853418979588219440e+00
2.702133419292831462e+00
2.361983092544287288e+00
1.972161805664204293e+00
1.939877203182275522e+00
2.945721163587357694e+00
2.804829309508414248e+00
2.508767686517240136e+00
2.951238842395788708e+00
2.261351268083032107e+00
3.040507469709102129e+00
3.151426002009490634e+00
1.847571897868514723e+00
2.744245712232214363e+00
1.978080607590084306e+00
3.140405140034527420e+00
2.920181435034574946e+00
2.989482591087199825e+00
3.082048006014043828e+00
2.988176043503898427e+00
2.703157317955115158e+00
2.967369672612647502e+00
1.872738374361623048e+00
2.638525674773839924e+00
2.581508819086067774e+00
2.692681925112164087e+00
3.007270970278955069e+00
2.436457698117829196e+00
2.661871846963995036e+00
3.002113567691615081e+00
1.927019686920283359e+00
1.988287200838803725e+00
2.785086463405714863e+00
2.635363010711452514e+00
2.753017629399391542e+00
2.734854800636087990e+00
2.873395982464029608e+00
1.923791040454659207e+00
2.924395288145056337e+00
3.022426037520898223e+00
2.986631212623430898e+00
2.344285728755133302e+00
3.160085548723064353e+00
2.781390141757406287e+00
2.450958999826780005e+00
2.823819383726938081e+00
2.764470829414429343e+00
1.956410140556925858e+00
2.806911324441451416e+00
2.475192904740180389e+00
1.908883209978446516e+00
3.072774907960418300e+00
2.925810535251914590e+00
2.453712225975885008e+00
1.977022654216127773e+00
1.918674580691884568e+00
2.004381773176562742e+00
2.420254711263003067e+00
2.803839579586020037e+00
2.770198900642640183e+00
1.949378560781404257e+00
2.701875749400082238e+00
1.977203703448527250e+00
3.112961803378383685e+00
2.320776507585842197e+00
2.979548603924756289e+00
1.962818283447814949e+00
2.577701601995225467e+00
3.019493221247652404e+00
2.630009569045192563e+00
1.953702794564073697e+00
3.068779314245597245e+00
2.590162643847941482e+00
3.117977767263154121e+00
2.293453346736087362e+00
2.813237250204198681e+00
2.943349796702151799e+00
1.991667782770301764e+00
3.115456752983393418e+00
1.931658472212709921e+00
2.417811547819030515e+00
3.019379361095559045e+00
2.576587580157596147e+00
2.307512314735632231e+00
1.885571579924885333e+00
2.355776204030263887e+00
3.056226543807418761e+00
1.869770501831144127e+00
2.786253904049009744e+00
2.001138938800860245e+00
1.956412218570915629e+00
1.894220515695504092e+00
2.489137323967630877e+00
2.636835459164128093e+00
1.941956891817170794e+00
2.913376132159599230e+00
3.040223292607488581e+00
2.770699826661225718e+00
2.472849698166096566e+00
3.019165885108000325e+00
2.970135910640535393e+00
2.913890390014425513e+00
2.724594444165531648e+00
2.961253913689664952e+00
2.332381562262778374e+00
2.979715786345138895e+00
3.085968806541633302e+00
2.934043986084324818e+00
3.014620518786460757e+00
3.024849761520266078e+00
2.358683129710403836e+00
3.126104316625354151e+00
2.340737095248134114e+00
2.747732354098054053e+00
2.527618022821584987e+00
3.126948828891213950e+00
2.231985023679777136e+00
2.982477675821728180e+00
2.989529637493393732e+00
2.972630470941987735e+00
2.468327236927741808e+00
3.076404091047525213e+00
3.012671982388146485e+00
3.010974827673597254e+00
2.317105344265910194e+00
2.311607017612734349e+00
2.315437510322354786e+00
2.255099594583497069e+00
2.401478211224123527e+00
2.726635773441282051e+00
2.593608062421459692e+00
3.105342107058223444e+00
2.543686974346722973e+00
2.579782579569994461e+00
2.404555275922215962e+00
2.757159768686702872e+00
2.375795134456376800e+00
1.935695938789440351e+00
3.001637586976382721e+00
1.863834875955298065e+00
2.694266649058184804e+00
2.951099219297773413e+00
2.903411015724163047e+00
1.980987689513890260e+00
1.898239248620168684e+00
1.922574262586272509e+00
2.915957607626399550e+00
1.871181899660316006e+00
2.353985670806445274e+00
2.469083173380544061e+00
2.633239640414818616e+00
1.954515675735760016e+00
3.128089972431983945e+00
1.919086262475284244e+00
2.530792675001118930e+00
2.646581017678697467e+00
2.977407864572366059e+00
2.656132102633925740e+00
2.953653373131710058e+00
3.048972175071690049e+00
2.695748589849210841e+00
3.154888641844165509e+00
3.041955624859923102e+00
1.907533201462798367e+00
3.120961757110795265e+00
2.993768222177739524e+00
3.106587595482583009e+00
2.961955369847971919e+00
2.717866299592093249e+00
1.924641125982534451e+00
3.109775291280774123e+00
2.540205398961726146e+00
2.765950989851858832e+00
1.888783948330718276e+00
2.360025056691553491e+00
3.015609931710574454e+00
2.423095218754041102e+00
2.512684239382539264e+00
3.070523758340116594e+00
2.305395860526742169e+00
1.991994668081789044e+00
3.063701129768602538e+00
2.617960281594959859e+00
2.908485449793903665e+00
3.072673045207606091e+00
1.874865505546946087e+00
3.079132142968826980e+00
1.996751026373949633e+00
2.577566181903898634e+00
2.336953704885304628e+00
2.965451402087599053e+00
2.529483617748220059e+00
2.467596093771821764e+00
2.829819324710410644e+00
2.420146750175148576e+00
1.992396304377903382e+00
3.032027054194113447e+00
2.486382548486900212e+00
2.905364060014008043e+00
3.039594253687876613e+00
1.952354028422383703e+00
3.099102576693692601e+00
2.965639663127164649e+00
3.033641401043823738e+00
3.095115276475141730e+00
3.099754380166833911e+00
2.739863297268676501e+00
2.722632029747666493e+00
2.379845795983380530e+00
2.454781679445433795e+00
2.489558145797287736e+00
2.247806072543619305e+00
2.712916721694689670e+00
1.886348106469511787e+00
3.089607812767392492e+00
2.541561503638822384e+00
1.999843804233111699e+00
2.981594982423418028e+00
2.928919626984829883e+00
2.601712167842582524e+00
2.544279220449639833e+00
2.246053054579283614e+00
2.320319499239864580e+00
2.569258887096428357e+00
3.029624762937554561e+00
2.702728467943951163e+00
2.587567909652461307e+00
3.104281269631572027e+00
1.985367572792925195e+00
3.035395249261539696e+00
2.716399927844269868e+00
3.028321695740133102e+00
2.394378289501826629e+00
3.072539382879298397e+00
2.487342204936971335e+00
2.973868546516365896e+00
2.989691145154838470e+00
2.799539047477324960e+00
1.859435171347842974e+00
2.510617058556804615e+00
3.037829537940440083e+00
3.045820114919505883e+00
1.954753115065197777e+00
2.801565408988570649e+00
1.831823996677693245e+00
3.029675731847799369e+00
3.122941712065036679e+00
2.309045378082708044e+00
1.965864326312612542e+00
1.974148453701373374e+00
3.027341542754439896e+00
2.945913392308618928e+00
2.806178042370210957e+00
2.953446076023857003e+00
2.484621415546623080e+00
2.780983518041103775e+00
2.446401207261370558e+00
1.875433869521859753e+00
2.758810682030787831e+00
2.331146203938732953e+00
2.868522884930344130e+00
2.328738977829179824e+00
1.976192358339299737e+00
2.352144250280627347e+00
1.906647531109912252e+00
2.984862041593168591e+00
3.038213819151022399e+00
3.050715512188593603e+00
3.102072351318955867e+00
3.090551469623188829e+00
2.395097907530539416e+00
2.842987214199418577e+00
3.101513028607827405e+00
1.981216688894384514e+00
3.060779832898906427e+00
2.595002703807300026e+00
2.717109281187916281e+00
3.076966423156145769e+00
2.358338867415453066e+00
2.989216562906617192e+00
2.447373637289961046e+00
1.901598598006114305e+00
3.015638610768674788e+00
3.015877145233039958e+00
2.360097879699918355e+00
3.122375654748845264e+00
2.492843364088380476e+00
3.007558606226206965e+00
3.118141568584962720e+00
2.515379672080590101e+00
2.719622713073953424e+00
2.794660719054725462e+00
2.464707782407943082e+00
2.895955897554691294e+00
2.759149726205427644e+00
2.674313074165933113e+00
1.894655416286129546e+00
3.115853914427050508e+00
3.022502134492905057e+00
2.506766824895801715e+00
3.057235558503939465e+00
2.906680122742383521e+00
3.029501711033068645e+00
2.993242371879146990e+00
2.979623777017190278e+00
2.588721890380344615e+00
2.910074782889978451e+00
2.721768950616853200e+00
3.059964557930813900e+00
2.473896041168420989e+00
2.835136822236010268e+00
1.913011693919414613e+00
1.906468945778226676e+00
1.916496416883801901e+00
2.730066648266923135e+00
2.295804712672877113e+00
3.111987215219908176e+00
3.012090835169446201e+00
1.957619327636815010e+00
2.930416518979656715e+00
2.324771292895709163e+00
3.054292854965881432e+00
2.921395354430584401e+00
2.794978793170958653e+00
2.919822979279702135e+00
2.753197565180151241e+00
2.832942163983809714e+00
2.757428615118436177e+00
2.815284672521655818e+00
2.263327556604249668e+00
2.340777298722936273e+00
2.573753038211162192e+00
1.867641648765267615e+00
3.101906060405171583e+00
2.931041699678355261e+00
2.952078279456467502e+00
1.975093723970278381e+00
1.950890961427542925e+00
2.542712031315800481e+00
2.349159993923614298e+00
2.358615930391676940e+00
2.942044708042431900e+00
2.625552845094871302e+00
1.889190680184228199e+00
3.001565381644915931e+00
2.963808857728712276e+00
1.980322075311378827e+00
3.111183006281563301e+00
2.747232237234615404e+00
3.090791971744288436e+00
2.474345595279065169e+00
2.414446682782930065e+00
2.506005360426051265e+00
2.883742466074495692e+00
2.303590061964607916e+00
2.158492268854678375e+00
3.113204456708309031e+00
2.533032224622538742e+00
2.334091605358201260e+00
2.801211444391159766e+00
1.907923868977720705e+00
3.108765444808892386e+00
3.007443163733202862e+00
3.097739887711332241e+00
2.703723248353040898e+00
2.858836560817929584e+00
2.477976410649686212e+00
2.670111335539663067e+00
3.078536700724241904e+00
3.097709618989366032e+00
2.979266890239399945e+00
2.402091119224595062e+00
2.463825911235082433e+00
3.090586558425559183e+00
3.003113247591829627e+00
2.514997496352147088e+00
3.023149180140372483e+00
3.067272105004545502e+00
3.142911445737869069e+00
2.792767548590199933e+00
2.409765111550099981e+00
2.660250374115392891e+00
2.869679517050640172e+00
2.374223097757832690e+00
2.501380843238568907e+00
1.947697293871500035e+00
2.712071587058617173e+00
2.690023155172400759e+00
3.025947882891410590e+00
1.958472557535915648e+00
2.764042416320019679e+00
2.358409173308879669e+00
2.903098972962233848e+00
2.783280825210816989e+00
3.011695600472071188e+00
3.122849016301424196e+00
1.932505345303936473e+00
2.781219805854071581e+00
2.984026173060306153e+00
2.600922173070877808e+00
2.428383550945925506e+00
2.617568342156190386e+00
3.026617680598951310e+00
3.022393559170869271e+00
1.880500835534656190e+00
2.707182373888308291e+00
2.581417183330142251e+00
2.512854334746006835e+00
2.929458242306946847e+00
2.997225809240338990e+00
2.285026779504756078e+00
2.701825117092069739e+00
2.889516451632122784e+00
3.066794885226453271e+00
2.491737175228179613e+00
1.883400020314400125e+00
2.500200725984869532e+00
2.424257488216906342e+00
2.333923726048189540e+00
2.976560728799327205e+00
3.012592282552788436e+00
2.773432669931006789e+00
2.917625937160804206e+00
2.374812788537751462e+00
1.910980141183227232e+00
2.978430253601462407e+00
2.462663290070147948e+00
1.866287509356255647e+00
1.952795129570692678e+00
1.957717825166621628e+00
2.363235896613194331e+00
2.948230933034647894e+00
1.874398536737125864e+00
3.026221054505114694e+00
2.629852345912464973e+00
3.007099483108552462e+00
3.124226610641023694e+00
1.927095608111704106e+00
2.316074680180826739e+00
2.563366529842723285e+00
