8.110089519308948525e+01
2.261552708634036435e+02
1.063628250222187148e+02
2.214192349797706356e+02
2.671100059286320629e+02
7.048688144354700569e+01
1.439519999658032532e+02
2.616925256991555102e+02
2.358585552874363032e+02
2.558839080211054977e+02
1.334931850291174804e+01
9.884453572563150203e+01
1.585929630774972168e+02
1.436907818183870518e+02
1.066517646459413839e+02
2.745183672425872032e+02
7.573020724522783098e+01
8.582690551204521512e+01
3.740562076186529339e+01
1.266615035911896059e-01
1.098558004677668407e+02
6.757473143387727532e+01
5.372979919697331752e+01
2.275831678591677303e+02
7.793999973075615628e+01
2.674785335433506361e+02
2.414309070237499384e+02
2.893359445098361675e+02
2.458910210719016334e+02
2.489530536916016672e+02
7.530630367711485462e+01
4.326159830633404368e+01
2.327041613932882171e+02
2.412938154871303027e+02
4.879130668336502197e+01
6.659750718088764643e+01
7.698577554192118555e+01
3.342574573429186557e+01
8.470822285368903692e+01
3.596787800119021483e+01
2.329078107658655483e+01
4.229767154877335855e+01
4.158736202285993500e+01
3.156273324305452661e+02
1.331732090727161051e+02
2.107610100629192686e+02
1.020637469257654431e+02
4.394015304534769228e+01
3.068224408307843305e+02
4.390575073496082723e+02
5.616026703586039730e+02
4.490603082451009698e+01
5.062678539357841032e+02
4.174193932171762071e+02
4.173317319190678631e+02
3.946367955215094980e+02
4.145526408836333871e+02
1.507661904350547104e+02
2.920528622642700611e+02
1.883814436928387863e+02
4.397934010298011458e+02
4.794316349069529082e+01
3.640917189241776697e+01
3.645381831860510147e+02
5.145443734765294721e+02
4.246096664942437542e+02
4.620440286648106962e+02
4.068736200790394832e+02
2.967667779476394117e+02
4.471206773507759635e+02
5.609309447971874079e+02
3.958294907054709029e+02
3.996678317469765602e+02
3.901428390314853800e+02
4.194670136406380152e+02
2.914068617326558908e+01
4.021173350380007605e+02
2.208761843110702898e+02
2.281267326779878317e+02
3.052906722434265134e+02
4.730965123950389852e+02
4.598529902012658113e+02
3.168941409404267233e+02
2.635722250437580669e+02
2.930725133708615431e+02
1.901292855717525754e+02
1.906299922872792934e+02
2.298762975183901460e+02
1.925937078659157180e+02
2.927872497004068464e+02
4.286339722351364685e+02
4.163967946630663164e+02
1.876820803706736456e+02
4.198873781894005219e+02
4.179666941616277427e+02
2.960212427084273941e+02
2.673872418787174752e+02
3.737448092464336469e+02
2.749902812484357355e+02
2.105807152391554666e+02
1.795944934559299213e+02
3.841162982676744946e+02
4.574302536236808123e+02
2.303916761673727365e+02
2.821487115987589505e+02
1.939895074233563150e+02
4.383366088592219967e+02
1.876802723044656602e+02
2.873382718663411879e+02
2.956778309697854183e+02
1.830500277293567990e+02
1.734980943101489004e+02
3.884193961690675110e+02
4.293559933359454703e+02
3.802163041104835770e+02
4.059155110454620967e+02
4.606099775905926776e+02
7.000925240287641316e+01
4.844272914305618656e+02
4.077977117122960635e+02
1.728640539869283259e+02
1.941307396061734494e+02
4.477023715495311649e+02
1.711610180979687073e+02
1.823885066131747124e+02
4.183380451658769061e+02
1.866297599286074558e+02
4.292010547472523854e+02
3.863020584089416047e+02
4.584545312938525399e+02
1.719973046595815731e+02
1.745774252037107317e+02
1.909202521154730050e+02
4.244925465422835487e+02
4.236698074597945265e+02
3.792182774715524829e+02
3.774448957782425396e+02
1.773014479632988127e+02
1.760837505390759361e+02
1.844666454711330061e+02
4.339016358684752390e+02
4.493013372301839468e+02
4.630169814718990438e+02
1.800922649687623789e+02
1.881678556871356136e+02
3.588807069828105227e+02
1.818080899933109151e+02
1.888625994940030353e+02
4.228072068723618600e+02
3.620133144013446440e+02
1.952326841523445466e+02
1.955922417632044130e+02
4.437748322929556366e+02
9.926341716567431206e+01
3.985863226688081795e+02
4.100147131846004527e+02
4.458090823997782763e+02
3.635537317857989592e+02
1.944631158686601111e+02
1.744731479928833267e+02
4.113265488431613335e+02
4.011295868635093029e+02
4.114713700085571304e+02
3.637323953552919988e+02
4.227995567897611409e+02
3.863607679731291000e+02
3.585932281057070554e+02
4.690881476294593426e+02
1.733709937025213890e+02
1.791644569627172530e+02
4.003787501761794942e+02
4.144638498953138424e+02
3.956391812099766980e+02
1.814380016573884120e+02
4.738100522674070589e+02
3.821678805045792728e+02
4.585104379295154331e+02
4.254733628593847357e+02
3.995489677126975039e+02
3.945998689830382204e+02
4.015879263153238981e+02
1.976616734880604724e+02
1.908428592688306935e+02
1.737619032489030531e+02
3.850215080497936810e+02
1.751705496321682176e+02
3.707286789680077845e+02
4.440649837202411732e+02
1.928906657240360403e+02
3.902239176570927839e+02
3.870810693542604213e+02
3.990803668880694772e+02
1.966108708929643285e+02
4.267363789140941321e+02
4.228775781588878999e+02
3.874913410103088154e+02
4.213804728895159997e+02
3.824666849146419167e+02
4.172744598068841810e+02
3.808552613091611079e+02
4.824614819214083354e+02
4.143510362365199171e+02
4.397709887046806330e+02
3.932599270992494098e+02
4.035480987051146258e+02
4.610187983218455656e+02
4.160075556812994364e+02
1.898909995589832818e+02
4.434379878410267679e+02
4.416683931639261118e+02
2.252943945412347304e+01
3.711799272922824571e+02
1.923680424267591604e+02
4.115411632043108625e+02
3.552750442849871888e+02
2.977883651133807916e+02
3.681593626512129163e+02
3.863575167902108660e+02
4.298674870621402988e+02
1.757401627087392910e+02
4.293472318022795662e+02
3.803735460932531964e+02
4.395733235162014694e+02
3.889657631786000138e+02
3.805547462559721907e+02
1.902246299543685097e+02
1.913282908536456262e+02
2.721883413449156706e+02
4.708655670235525577e+02
1.953796530181682272e+02
4.182007288328925370e+02
3.913291645854460512e+02
4.232906197565152979e+02
3.693939168761264114e+02
1.800390704604113523e+02
1.987926612210875135e+02
4.581630636791426809e+02
4.074966424830668075e+02
4.207237156231171866e+02
4.699357884857400904e+02
4.244653974604208315e+02
1.928970571721543763e+02
3.390480322676770584e+02
1.879980427297670644e+02
2.735401422181273574e+02
3.726633794687563750e+02
4.685506594740415380e+02
4.275453730478013199e+02
1.820738727857273886e+02
1.844955875869235058e+02
1.895162968295219059e+02
1.907855660486160616e+02
4.187213567864217225e+02
3.770025555522580589e+02
3.991982800328678991e+02
1.909820882230577581e+02
3.844624573613191387e+02
3.686926818798869476e+02
1.827734591635758079e+02
4.048191813350873645e+02
2.919563317625348020e+01
3.949010425220757838e+02
2.757459815886252272e+02
2.942777595225918503e+02
4.299000508369674094e+02
3.942860639699659373e+02
4.193002214741733269e+02
3.116977662876499835e+02
4.243353248627084895e+02
1.987628029629597677e+02
1.883027112618756327e+00
1.738815155500390688e+02
1.944723257328154773e+02
3.729100059144417401e+02
1.845299572968221185e+02
1.844058391816579672e+02
1.738849767112318148e+02
4.812060552368244544e+02
4.767487531693120673e+02
1.731083877214107645e+02
1.993632173882979544e+02
4.373158223908877744e+02
4.393454255227405838e+02
1.871424223554230650e+02
1.962577696006153190e+02
1.891507951444816911e+02
4.145492479199786544e+02
4.084940483853986279e+02
3.301605165672598332e+02
3.857506118274357618e+02
4.103196447757452461e+02
4.287759103314311915e+02
3.437486194968622044e+02
1.875942737978885759e+02
4.228200053775595393e+02
6.767896964042222407e+01
4.947625127058914245e+02
4.249903182242242110e+02
1.862443083600851423e+02
1.734691073503988434e+02
4.829026862643929690e+02
4.130339424249364129e+02
4.625320796600421431e+02
4.612101286358375773e+02
5.068195468709428155e+02
4.324484272621717764e+02
3.112548157364873873e+02
3.892772063650002110e+02
3.894554704074923279e+02
3.928664309893940185e+02
4.439365563359256157e+02
3.788273431489155314e+02
4.505376261151955646e+02
1.916532129336820560e+02
3.676860558418923688e+02
4.066896645423591963e+02
3.757358842727664978e+02
3.884785414964156303e+02
4.937042233600541863e+02
4.267276297029782768e+02
6.495076431846008802e+01
4.783829349929953878e+02
1.861777735557724611e+02
4.097802684913836515e+02
4.262019040576495854e+02
1.768861422757289574e+02
3.663175265562096570e+02
3.831728459961327644e+02
3.874286706272717424e+02
4.313197374482385840e+02
4.628022352799316650e+02
4.575615228243791535e+02
4.699112205885505773e+02
3.705347633650903845e+02
1.761625103733612434e+02
4.328229928536119360e+02
3.880979016373809145e+02
4.113023935646080531e+02
3.839404943830155617e+02
2.596211339313700819e+02
4.258874679238645911e+01
1.927666316905629174e+02
5.032324210548200085e+02
4.162709931746015286e+02
3.932180426850243862e+02
4.267734309663742351e+02
7.505275186442918312e+01
1.838907326075355400e+02
4.135282168637402833e+02
1.898910801288474488e+02
2.907404031644525233e+01
1.958241572990170596e+02
3.202714625963680106e+01
7.980264006128142285e+01
1.848746541414106446e+02
4.308206392025816740e+02
7.761438549465066217e+01
9.285068368235499747e+01
1.876820586034072562e+02
1.854993907511046416e+02
4.357959921579646334e+02
3.622331310059787484e+02
4.727889823969304075e+02
4.295277680102090017e+02
1.744460883720080631e+02
3.896046804017018417e+02
1.287964735714443520e+02
3.640588728565967358e+02
4.332304926969316057e+02
3.872320099930313404e+02
3.490010771835129333e+01
4.459935777481344417e+02
4.494402466837079828e+02
1.786367942411523586e+02
1.801886086607704556e+02
1.755543401791759663e+02
1.786409179367522313e+02
4.626643526669569724e+02
1.734229312923326916e+02
4.951597137757159999e+02
6.784312260181118859e+01
5.113734255816719383e+02
4.970500690672118793e+01
4.732287280315690055e+02
3.909529183060304831e+02
4.312568058660272072e+02
3.973928957172317382e+02
4.738616731171320566e+02
3.760306222473541311e+02
1.829453498107284020e+02
8.976046372475235557e+01
4.668083886795760122e+02
1.848404740979982250e+02
4.799374826163743819e+02
3.905727299939720751e+02
4.085611339943640701e+02
1.754176946377453419e+02
1.722140434455355660e+02
1.793139808265823945e+02
1.928649180804192156e+02
4.596213400770466251e+02
1.888367368804248940e+02
4.318859521002456177e+02
3.945885536150847201e+02
4.245027173675904919e+02
3.763117157077879256e+02
3.915722624916760992e+02
4.011229257954140053e+02
3.630243563950822931e+02
4.394811702416841968e+02
4.710300626521877803e+02
4.623133655773194732e+02
4.359447382582523005e+02
1.932649820591542209e+02
4.145984395955463810e+02
4.526202764927768953e+02
4.357558755700925985e+02
4.167189169088275662e+02
1.883307259380220842e+02
3.546383914748713551e+02
2.525927787418054749e+01
1.744568433112420891e+01
4.535509133380442677e+02
1.887821357624845007e+02
3.844925596474679423e+02
3.652708396460878362e+02
4.676820024076023401e+02
2.687389930479284885e+02
4.455305849292970493e+02
4.119052143772331647e+02
4.709109236820705746e+02
2.236186076732124306e+01
1.260653660372245888e+01
4.357891821640671424e+02
4.503403861415877145e+02
4.421337833765833807e+02
4.375128777273984042e+02
3.357677742878929621e+02
4.094504949532363298e+02
1.922317270263487501e+02
8.900202448467020133e+00
1.086311241596218622e+02
1.436052888233925451e+01
4.935955810423058665e+02
3.333545524149216277e+01
4.923859894039855476e+02
3.142506027855848174e+02
2.929433287700869073e+02
4.874227594960095189e+02
3.573903551497488138e+02
7.485599044529301693e+01
4.394518995930170604e+02
4.059558256600590909e+01
3.755843792025934658e+00
3.720658197481570824e+02
4.016372187498620292e+02
2.634675158285613179e+02
4.388461132317199827e+02
4.270837643576356868e+02
3.881650924880279945e+02
5.228142765242225209e+01
5.102214074493606688e+01
4.625561184195127851e+00
4.088407407669076861e+02
4.531525950660723083e+02
4.787473192236300861e+02
4.272673683757603840e+02
2.819003825583045568e+02
4.612932972908445208e+02
3.868898476392319026e+02
2.213261973699982477e+01
4.223678847445981432e+02
5.100362692689246273e+02
4.730675943149439036e+02
4.634875236960200482e+02
3.648395295760760177e+02
4.475342626128164625e+02
4.298734855560269352e+02
5.005317438160037113e+02
2.444755509224510490e+02
4.780871166355952937e+02
1.911208237637681577e+02
2.153070651884927145e+02
1.857338407016469262e+02
4.744549384575152544e+02
4.521146049211267126e+01
5.010859914215402000e+02
1.935466792525504616e+02
1.918562175716841409e+02
2.542572213586208818e+02
4.150510064601486988e+02
4.530682629427119537e+02
1.898837232830764776e+02
4.545351361000299448e+02
3.876017488040213834e+02
4.259257496160028040e+02
4.009805933335447321e+02
3.781878577978438898e+02
3.969688357185654013e+02
3.834252031010749988e+02
1.918325936903092099e+02
1.897883636095231585e+00
1.978323235514449436e+02
3.327610041525699813e+01
4.409955027109737102e+01
4.480054928308081230e+02
3.576355861056925534e+01
2.628351257981184830e+01
3.852287449458550554e+02
4.853412945049458358e+02
4.809277912396250372e+02
3.706276515237249214e+02
7.791398083897539095e+01
7.258261126217661285e+01
6.134318378063753130e+01
4.338657947063703801e+01
8.053544715229485007e+01
5.376359423640617763e+01
2.910755336524152526e+00
4.493195944209206232e+02
4.618469247977400869e+02
1.572145549358305061e+01
3.129194978196307488e+02
4.787889859232073775e+01
1.825813814687300862e+02
1.859774784553932534e+02
4.378006069590324500e+02
1.938006212462932751e+02
3.861098208692088178e+02
1.916485301406010819e+02
4.769776502972487719e+02
6.911998915896815276e+01
1.045085774217269936e+01
4.645861578819964279e+02
5.127480979891281549e+02
5.896072957460414443e+01
3.966243924690117524e+02
3.955226735593341232e+02
3.836865453664470351e+02
3.861221297344529830e+02
4.121821255372681776e+02
2.401138095284062413e+00
5.259999629148883287e+02
4.586453384332728547e+02
4.828455485274912462e+02
3.770368015143596381e+02
4.848680993476446588e+01
4.744658713814915245e+02
4.923719786438378776e+01
4.662202503565112721e+01
1.995063449453695910e+02
2.286711182155369571e+01
5.914419164242394089e+01
1.900754867696477106e+02
7.318096425265119365e+01
4.192229425913951673e+02
1.986135583587005371e+01
3.429146140590890468e+01
1.305529527495947306e+00
7.615528452736095133e+00
5.131898811202563593e+02
3.747040077866648176e+02
3.868807930662339913e+02
3.984261252699782290e+02
2.329130119636602814e+01
6.248943788584471548e+01
7.119340426930884647e+00
4.189640392582523418e+02
4.012763892677204467e+02
1.615439219744617816e+01
4.294829403364730638e+02
4.383293049154108871e+02
4.203436454605047174e+02
3.579194986753209378e+02
3.717649623795504112e+02
3.889228762650362228e+02
4.563793474511089698e+02
3.950546503036900958e+02
4.404733366045900311e+02
4.407732456846428590e+02
1.876907296535096350e+02
4.330713567808616631e+02
2.286512512637536645e+02
4.476513980988763706e+02
4.573711519302764827e+02
4.620318737559559281e+02
1.879869796244043201e+01
3.913387957500489733e+01
4.472600957555436594e+02
4.242904238380970696e+02
3.841979184894253194e+02
1.915567643617939950e+02
4.483336520402967835e+02
1.535804992905163679e+01
3.161966661722825478e+01
8.089591413013510035e+00
4.793046114742598434e+02
4.930969579718071714e+02
4.587250853417342000e+02
4.135688222107690422e+02
4.075788671349902188e+02
3.913264894805468543e+02
2.001024556617669816e+02
3.641325010444165855e+02
4.552168216368861522e+02
4.015118659667014640e+02
4.536526321709154672e+02
3.977588979409356966e+02
4.630605709906918719e+02
4.511677841327335727e+02
3.943230258775345192e+02
4.401958919190935262e+02
4.539928581539311381e+02
1.099134375052883286e+02
1.809313208961949329e+02
3.941945565169907582e+02
1.730741991326078733e+02
4.670102216763045817e+02
4.683401995079503308e+02
2.637793890032097579e+02
3.917755815551242904e+02
4.490531947360236700e+02
4.865516972617060674e+02
1.807020305445873305e+02
4.761062594128108003e+02
1.923387368118329164e+02
3.968150907528969356e+02
1.782242864260189492e+02
4.300141828650416755e+02
1.868723978870718270e+02
1.826776499046155493e+02
4.548921739527346517e+02
3.091024551491810612e+01
6.450228510565398210e+01
1.934625003074862661e+02
4.229507137097751865e+02
4.063429440723335233e+02
1.784546683554679305e+02
3.863587778470952685e+02
1.838423765309285898e+02
4.367562278634314907e+02
3.915287386533631775e+02
4.216964350576621996e+02
3.871927292162462777e+02
4.561035693250695431e+02
1.834270449213526319e+02
1.721177631606155278e-01
1.848388071978446021e+02
3.957253474487408766e+02
1.900044361484003730e+02
1.754604436392841365e+02
4.011108757684138482e+02
4.301284603408018370e+02
3.839770628569979749e+02
9.359804805747481282e+01
3.859477497485119102e+02
4.735984648149805594e+02
4.691911370716210854e+02
3.550923614383953009e+02
3.788229329982265767e+02
4.178832978833163452e+02
4.296777229250081973e+02
1.770721193032969154e+02
5.278864559475341593e+02
4.647252505134566718e+02
5.308564366122107003e+02
4.570238069821392060e+02
3.038055902711622593e+02
3.091746642011838730e+02
4.399084767662518516e+02
1.225122288031156756e+02
4.436895134868227046e+02
3.945410959439828389e+02
1.388731070915010690e+01
4.435036123344855241e+02
4.724718530628945814e+02
3.870550618265238541e+01
5.555159877233549537e+00
4.422958787649383794e+02
9.036144224926479396e+00
1.871173898163313254e+02
4.343216895826136579e+02
4.618831791156021893e+01
2.852704687606167866e+01
4.593451845422256383e+02
1.647365900485983303e+00
4.372088089621074687e+02
4.536535468730498337e+02
3.730983527857038666e+02
4.519186803808050286e+02
4.542568750841899146e+02
4.956851436057698947e+02
4.021506982059015627e+02
4.769611524980643935e+02
6.316880970308194065e+00
2.558355197164094719e+01
4.896980238129493728e+02
4.728914277205730059e+02
4.500635944341672712e+02
2.086988032369103507e+01
4.024643762921171515e+02
4.177544685200554113e+02
1.903851726966538251e+02
4.803111459347566097e+02
4.720930613229936625e+02
4.478336156970013917e+02
4.480111626866111010e+02
4.952859091607865025e+02
4.238334304964743637e+01
5.621204573013752537e+01
4.092335026978918222e+02
3.839643716642884783e+02
1.245025924267416428e+02
1.963622603715293451e+02
4.770764126436667993e+02
4.302257771585538535e+02
4.251800043788830408e+02
4.189443214046122534e+02
4.151354837175540524e+02
4.256427084135341943e+02
9.776711513054758029e+01
5.218541642428542673e+02
1.996096186728343298e+02
4.200646351947817720e+02
1.840630021890166574e+02
4.310739262966750971e+02
3.453231350378798652e+02
4.862572563182665135e+02
4.602298741778270710e+02
2.481259874316061431e+00
1.990626065213567415e+02
6.856259208103179503e+01
6.821391066918258161e+01
4.309333796451277863e+02
4.687452937420403032e+02
4.867269740136627547e+02
4.634432116130595887e+02
5.040206670538698290e+02
8.266992115802938201e+01
3.020947591434936044e+02
1.230807525153144582e+02
2.003050025925973614e+02
5.017719988103467585e+02
4.478908065425329710e+02
3.034154308359648553e+02
3.003681128093219286e+02
5.048470066525865718e+02
4.337717577565634315e+02
5.012273509141693353e+02
4.447651224823557641e+02
4.081972106673666758e+02
3.089795469874135847e+02
4.996421084115105486e+02
4.653486564703073896e+02
3.613603178710923771e+02
4.195344764877334001e+02
4.387976398554674802e+02
4.710966124426883539e+02
3.979137482189981938e+02
3.765612723959932850e+02
3.863978243827546635e+02
4.273836552122838270e+02
3.735050755234896656e+02
4.040031769686223697e+02
3.916666643070122973e+02
1.863775736816994026e+02
1.957314548385681405e+02
1.864782612176280452e+02
4.092476614210563071e+02
2.933733009201897062e+02
3.851732729500943719e+02
4.007878816174023200e+02
3.728693387446484735e+02
4.804834863876903341e+02
4.603020016922026230e+02
4.988849264328972026e+02
5.237001597176742962e+02
4.684408203318324695e+02
3.556403784366655163e+00
4.062440404019395324e+00
4.530712579874015660e+02
4.190032150508519635e+02
4.413131434687346655e+02
5.152219131350191219e+02
7.644143814567280515e+01
4.998524780406265222e+02
4.524828099748027057e+02
4.333454431023153575e+02
1.964789965650070656e+02
4.623042840955704378e+02
3.882610227145780755e+02
4.331107272176140555e+02
4.194557140535402482e+02
1.546986648634060089e+02
4.965159419234211668e+02
4.118897827300614267e+02
4.242759466105489992e+02
4.180607812309361293e+02
4.428359370170902594e+02
4.740484405284692002e+02
9.628340106328268178e+01
3.696698082789622504e+02
4.158933950192966904e+02
4.939992987661241841e+02
1.921218284196317541e+02
3.773958552341620134e+02
1.919034915996859070e+02
3.574670248028226069e+02
3.673311905346145636e+02
1.941007572248796293e+02
3.960923773642643368e+02
1.140959442089205389e+01
1.834203276334327484e+02
4.523630667402729841e+02
1.990552655695951785e+02
4.608907683144197449e+02
4.097281950979793237e+02
1.994497640186425826e+02
4.524123185791535207e+02
4.562218246376947945e+02
4.246867168292806127e+02
1.958099006810286937e+02
4.776615623987623849e+02
5.144369320672410595e+02
4.282305028090837027e+02
4.574799795880188071e+02
1.708922518078015074e+01
2.631987475552199029e+01
4.736058244501169838e+02
4.607789885052945920e+02
4.378621305155606933e+02
4.504766647023867563e+02
3.826673479886991345e+02
4.446731955198232527e+02
3.079780739952903446e+01
2.813917143653319997e+01
3.954285247736267195e+01
3.147869461085137033e+01
3.946404202170101030e+02
4.099272974341544540e+01
1.813500229938894677e+02
4.208519207450868862e+02
4.038403265634052559e+02
3.196942265718805629e+02
4.665307619979310516e+02
1.411154447824602620e+01
3.661414742309556232e+02
4.413054219236316840e+02
4.098482485440291612e+02
2.019104713041771504e+02
1.419825695351884747e+02
1.303941482496543074e+02
8.117122701218738712e+01
1.930744143748167403e+02
1.807843914809741364e+02
4.304417169602837134e+02
3.644245555895864754e+02
3.660516628808161954e+02
5.285118181990643507e+02
5.308684736820063108e+02
1.916685153474043091e+02
4.592473031614212573e+02
4.440787640131986791e+02
4.396742183589199158e+02
4.548919065209486803e+02
4.289127517116422261e+00
4.259813752579823927e+02
1.028300574696938838e+02
2.932808485773942664e+01
9.788995820815017623e+00
6.426546445786337358e+01
2.041415701651399104e+02
5.095111598969763804e+02
4.277602323497321208e+02
8.573408519762406144e+00
4.186890724074212358e+02
4.302985346204847588e+02
2.935272965788599464e+01
8.254999319568041471e+01
4.060781860544997812e+02
4.469822441399675199e+02
4.839914366495083442e+01
1.295583320625205914e+01
5.563120726420171991e+01
4.172974604626283224e+01
4.486897457554947977e+01
7.745925283105345116e+00
6.750279416096303464e+01
5.263599915346681257e+00
3.727578438831611773e+00
4.093589514366437356e+02
4.462552077027895621e+02
3.554635385907069889e+01
6.362986300995988387e+00
4.472118218256257194e+01
4.852640791381718373e+02
3.062642473994147849e+02
3.105642530407629351e+02
6.706817543778157642e+00
1.784847002465176615e+02
1.940251692840028852e+02
4.166373459786175317e+02
4.193666567781364165e+02
4.631194088996702476e+02
4.706333182079838480e+02
4.407688591399328288e+02
4.525100001247010368e+02
3.825312320228815679e+02
4.004038400808030929e+02
4.479362907198500920e+02
8.223569585113631319e+01
1.504647679311724460e+02
3.840808958875973076e+02
9.535118751057679276e+01
5.125012784846062459e+02
4.206817168804950597e+02
4.900309339051823372e+02
4.486096572745518642e+02
3.566949708437700792e+02
5.590792770179178888e+02
8.456980101942170336e+01
4.016637114787077962e+02
3.735543300187672457e+02
4.336389559339380071e+02
4.222846445233900567e+02
3.074541789555763671e+02
4.233945054811314321e+02
3.944924144173966738e+02
4.411908407095742177e+02
4.240396562816490018e+02
8.844797518486734589e+01
4.593443479249539791e+02
4.803334413907036833e+02
3.790523740474452552e+02
1.830565867335494374e+02
4.478798995867064150e+02
3.983275757969297501e+02
5.263657788009373917e+02
4.807041509280686569e+02
4.619333770443637377e+02
4.305386227987881966e+02
4.276326732283970955e+02
5.055146397781314818e+02
4.790976201509066641e+02
4.538587850543940476e+02
4.919755283307423497e+02
4.174852262217037833e+02
4.114714990133743981e+02
4.459658179192045964e+02
4.780631447977002608e+02
1.822583099129526545e+02
4.181478273308579787e+02
1.979724922328668129e+02
5.230009553542153071e+02
1.081376539991738071e+02
3.814797304861149314e+02
3.708276446643865256e+02
3.824814984564480937e+02
4.487397635893674419e+02
3.559609843927664770e+02
4.583522218768563334e+02
6.836740556791174583e+01
1.967031112387586234e+02
4.237459938271756528e+02
4.798691257060166890e+02
3.924137262115731346e+02
4.630225194241874078e+02
3.135659533334195448e+00
4.007883542408719677e+02
4.476379875824794681e+02
4.717412269743826414e+02
7.509059255788375253e+01
3.987550993702233768e+02
1.929004002294352631e+02
4.160787957034925739e+02
5.334711836273297649e+02
1.997225589964633912e+02
4.358640787336129847e+02
3.790931993722952598e+02
4.563671507446253486e+02
1.287540148166175982e+02
3.904970260591548481e+02
1.975771623396026087e+02
5.098078524016044639e+02
2.299063101968799216e+01
4.563586547855182971e+02
4.592221194957108423e+02
4.527306947054262878e+02
4.711003393501136429e+02
4.714658452726975497e+02
4.617215597104125209e+02
1.979763375724261891e+02
3.044778662417441524e+02
3.772962210708847124e+02
4.400926247697773874e+02
4.515950470993009844e+02
1.176190274462554726e+02
1.165257271531484173e+00
3.518344315045205803e+02
2.842265487851038301e+02
3.792310057051691956e+02
5.034673565526231869e+02
4.007047824742024886e+02
3.971709313376994714e+02
4.237618729792572481e+02
3.531880343929276478e+02
1.919249872176196448e+01
7.818911226913056112e+01
1.176309275616492158e+02
1.157135938336222836e+01
1.865915520177959195e+02
4.528715510737056889e+02
3.681726044145136143e+02
4.556690805521616880e+02
4.301598829711726353e+02
3.282022569455544936e+00
9.360774448842512641e+00
4.307793704325934527e+02
4.014889503504498407e+02
4.213567174576356820e+02
4.139007077148647227e+02
4.560883462100415500e+02
4.348964251053056387e+02
3.965716996387520226e+02
3.614463283039611952e+02
4.485676910344702719e+02
4.510510064572254691e+02
4.677607768526168570e+02
4.651282157104020598e+02
3.431782204123746283e+01
4.876908417490329271e+02
4.388993950238610751e+02
1.263627642485131872e+02
4.160020076060015981e+02
9.990690547907632890e+01
6.510161915944644306e+01
4.949193806361990369e+02
4.467469849444924535e+02
5.195417384570341710e+02
4.772905219629291764e+02
3.785519170642747895e+02
4.322695654776873653e+02
4.670362074868692730e+02
4.904661073345755540e+02
3.897226085011701002e+02
4.242392870856028821e+02
1.915698453216051007e+02
2.223294297125042718e+01
4.028563248411928477e+00
1.476856580843737632e+01
4.371949322540872345e+02
4.789830213959235721e+02
5.284288727275936708e+02
3.745923775689176978e+02
4.915452401015513715e+02
3.670880321430347522e+02
4.975040254792738779e+02
4.358723037367484494e+02
3.479605320889428981e+02
3.898481900486154927e+02
1.320710360659744822e+02
4.207106423905455017e+02
4.150000702332419564e+02
4.984605847337733735e+02
4.836385117657661681e+02
3.922328587868198611e+02
4.773294660934446938e+02
3.813592253837517205e+02
4.496195838126544686e+02
4.349914304163619931e+02
4.235767816253502360e+02
1.024803737040365093e+02
5.154591831318705317e+02
4.581685852507429217e+02
3.225432563821499787e-01
2.375915264446807029e+01
4.702631562509116634e+02
4.665226946584397183e+02
5.102023154545089767e+01
3.175196369014692621e+01
9.943452661216025490e+01
4.498484828076549320e+02
4.746369167722377824e+02
4.949879785320382553e+02
3.715928449759111345e+02
4.832790777984843658e+02
3.978903533101385648e+01
4.645309665344555583e+02
4.209180877655210224e+02
4.564079931569530117e+02
4.101244828997672585e+02
1.898785426424958871e+02
4.724132033237780774e+02
4.205983232307262938e+02
1.449388479637245908e+01
5.052917655239755845e+02
4.713478356544437702e+02
4.772464806190803870e+02
4.134829037938037004e+02
4.432008341058807588e+01
4.303490452472427705e+02
2.786869507575459082e+01
4.396129570055598492e+02
2.462313963083975921e+01
4.666718161766473258e+02
1.986223217821840024e+02
4.424002593836347046e+02
6.141342731491621265e+01
6.372948367720381668e+01
1.769862042111420308e+01
4.372086766725848292e+02
4.621432568845434616e+02
4.402835806000551884e+02
4.226968656863340357e+02
4.754001216384892246e+02
1.584783701396487388e+01
4.460360526237585646e+02
4.118373189582434861e+02
4.253143649820088967e+02
4.444364002910216982e+02
4.387048291294983073e+02
5.168365402528695540e+02
4.580820630524697776e+02
3.520842529595697545e+00
4.352835601120996785e+02
5.625135762763665781e+01
5.987362941853140086e+01
5.174475071471955516e+02
2.154669969692908538e+01
4.144461932896794565e+01
8.540550014523029176e+01
3.729586232580702472e+02
4.616999211470176192e+02
4.818123329601755245e+01
4.069389707368151932e+01
3.899822600268313977e+02
1.478049714337561760e+01
3.609470690927149406e+01
4.823885995182962461e+01
7.613503237474796492e+01
1.898918031377282318e+02
3.427122168040685324e+01
2.639943378543201824e+00
4.971744904278973536e+02
4.963412624873639629e+02
1.906830685125292746e+01
4.199531718189192588e+02
4.553668359497677187e+01
4.340531442853118165e+02
4.437242303368610123e+02
7.181336497610516290e+01
1.817464764910069732e+02
4.518619080335567446e+02
1.928266510959730624e+02
5.095431519794308315e+02
5.137878030795096720e+02
5.265992776093575003e+02
4.411124251411455361e+02
4.343628798364155159e+02
4.381852728080003203e+02
4.133963833724700976e+02
1.961848305010223328e+02
6.498791012356132057e+01
4.866363975189631219e+02
4.753393816664919882e+02
4.904763109711485640e+02
4.006658710939584012e+02
4.627412426671269259e+02
3.798064879663316447e+02
4.151693546903302376e+02
1.176921140175400922e+02
4.648537383185746421e+02
4.532562042764265016e+02
4.346817746065257779e+02
4.397817965673002760e+01
1.115972803066368790e+01
1.576285505868499648e+01
3.762759461001253953e+02
3.183967490340265627e+01
3.237387269476155893e+01
4.154074832915337083e+02
5.130911553596896510e+02
4.258803170465388348e+02
4.360030252653581897e+02
4.592519917435639059e+02
5.888850802223523573e+01
4.325953681101636334e+02
7.675573683550462079e+01
6.004321548849607382e+01
1.906247426061540651e+01
1.794918181301780180e+02
1.172569850118832191e+00
3.100461105302441922e+01
1.847858332343887966e+01
9.399918287385960980e+01
2.598455511713887844e+01
6.105338651148132101e+01
1.452819400370476544e+01
4.317701831558124326e+01
4.031947942044391908e+01
4.023918719721682464e+02
4.646365447942682749e+02
4.121604125561456158e+02
3.755165003525797829e+02
3.686182320823310192e+02
4.435810271519737853e+02
3.742794488738337009e+02
4.390655561713622888e+02
4.566247261056776097e+02
4.624741664249444284e+02
1.926236904365950124e+02
1.941443867988326417e+02
4.036691369824271902e+00
3.999749039252557736e+02
4.061998463870486376e+02
1.372567098754549697e+01
4.331652364265942623e+01
1.309756171504430355e+01
9.797740812346953376e+00
9.222583243767805072e+01
1.943837500300699617e+02
4.572541242034508286e+02
4.354904700686084880e+02
4.578108983135466303e+01
4.244344916155561691e+02
1.695737573274403331e+01
3.535386198273703684e+01
4.766496653024343289e+01
1.328833617908503300e+02
4.331668713566353546e+01
1.219131602067531617e+02
3.769221814465253146e+02
3.877095237205060130e+02
4.564388848461027806e+02
4.188367096133375753e+02
4.468732744418520610e+02
4.671549041993798141e+02
4.266503800572633622e+02
3.706679541201481811e+02
3.619839939259138646e+02
1.867358329840714930e+02
1.886788470028831171e+02
1.840688267831679639e+02
4.829012998450666601e+02
4.598653265577832485e+02
3.823342998397177439e+02
4.400784579590065846e+02
4.508267776520975758e+02
3.702357626143688094e+02
3.892724724503400466e+02
1.201663651660854981e+02
4.315803510549617954e+02
7.140382115619023295e+01
3.738497875675985824e+02
3.978062816131795216e+02
4.129796815940250667e+02
4.542628935391181244e+02
4.831218022416072699e+02
3.605964161272522119e+02
4.279086228531775191e+02
4.543410197691549683e+02
4.396751135222954758e+02
8.520036478459081764e+01
4.996493099769297146e+02
3.388945577845919388e+02
4.267580525306981940e+02
3.952139699078502986e+02
4.448578951756780953e+02
3.917725944886888101e+02
4.097661875236603919e+02
6.786195315051374166e+01
3.956861451840742916e+02
1.974956261537987814e+02
4.801783926565423144e+02
4.849605796673750433e+02
1.023242051417293084e+02
8.088674625986261901e+01
3.806573641287094460e+02
4.239873613930114402e+02
4.907027215306276844e+02
1.975200957001318329e+02
6.459672855071339370e+01
4.992493386476843398e+02
4.957759180292975998e+02
4.812399235150115828e+02
4.240369713809737959e+02
4.140898051556882251e+02
5.068247605155634119e+02
3.906240776999212585e+02
4.155493474105562655e+02
4.025137240159949670e+02
1.794687366588335067e+02
1.835646731510628058e+02
1.819975374877245144e+02
1.921824502036316176e+02
4.035084922833198107e+02
4.412101103223507721e+02
1.846074356550243749e+02
1.949140707496511311e+02
1.870095202490503254e+02
3.835422867866639649e+02
1.023118807610708956e+02
1.870157311412388026e+02
3.978761759824988076e+02
4.657513677337900049e+02
4.407555011981885968e+02
1.811238404095944077e+02
3.865926080693853351e+02
3.970682811930274738e+02
3.943697262175834339e+02
4.817659250426451649e+02
4.383549659542063637e+02
3.899112959789447359e+02
4.398502539193264056e+02
3.903647181800077419e+02
9.795125977460513411e+01
8.875147166367243301e+01
4.362302884452922740e+02
4.118893169304756157e+02
4.604739212463827585e+02
1.900959013592033955e+02
3.900536909839437953e+02
1.943501886404261825e+02
1.998666251812991561e+02
3.751841298489467817e+02
1.954061517797658780e+02
3.915763567771583098e+02
4.333393545653296997e+02
4.093500656764069277e+02
4.032376605876768281e+02
1.201396672511941404e+02
5.157544071555183791e+02
5.260888592897603075e+02
4.285672808518040711e+02
3.939296146948613568e+02
4.479759838595339829e+02
4.326593686465303676e+02
4.682904845346406546e+02
4.851513077808855883e+02
4.582157316811056944e+02
2.116873725503668595e+02
4.291325995841198164e+02
4.618835239080133306e+02
4.635734505951833171e+02
4.497602051154515834e+02
4.759033264701517965e+02
4.501095277960939143e+02
1.718201144746089426e+01
1.991222823369033676e+02
3.001501822540925559e+02
1.962739875312212234e+02
1.952636041858824854e+02
2.049212164808615455e+01
1.801754065939405791e+00
4.321649576826287671e+02
4.863461600607942046e+02
4.735039234393830725e+02
4.781790877113086822e+02
4.558177302454162145e+02
4.084511534898882132e+02
1.825489550995770855e+02
1.821698975854724267e+02
1.447522591078146625e+01
1.298398805264090328e+01
4.405076479753294620e+02
4.334254841466981816e+02
3.873254385661349488e+02
4.312296654815395414e+02
4.569854527345984252e+02
4.576919869600313859e+02
3.822565079547883329e+02
1.915357979243499074e+02
1.896133560604782247e+02
4.405111072682732356e+02
1.974147791100436677e+02
3.762977689880502794e+02
4.586039641232591180e+02
4.022246942234504559e+02
3.690435174689322366e+02
3.921497520524516176e+02
8.455885462300196309e+01
8.597709469756907197e+01
4.325525599172213447e+02
3.868715191830056597e+02
2.962173284450522033e+02
4.149479793572766084e+02
4.602311236119918476e+02
4.386918319111346136e+02
4.199044227534948277e+02
4.561340801474645446e+02
4.372789723728246827e+02
4.625907912688324473e+02
3.439380498122510232e+00
5.198438833100293550e+02
2.676854769929936095e-01
4.817094438706259893e+02
1.044723744788980113e+00
4.074217811965261262e+02
4.712723247727356011e+02
3.047984510238966323e+02
3.088109062451308091e+02
5.122790048082856984e+00
4.335730509412116476e+02
6.018578114449621808e+01
1.075860982456689463e+01
7.997009691971960876e+01
3.882380665076714195e+02
5.181016009222438612e+01
2.092951848740682408e+01
3.309337729837595532e+01
4.726051921202371773e+02
2.783869581444228913e+00
4.295827421875868879e+01
5.143862688653641726e+02
3.810970949942785637e+02
4.769545640438667533e+02
4.152480404963406357e+01
4.747031456044371680e+02
4.588924242185830167e+02
4.524849001681803884e+02
1.751626282470622016e+02
4.553870320170040600e+02
4.697814110703805000e+02
2.178029957209864165e+01
3.831630663159506298e+02
3.407702713804916073e+00
3.886965398864830377e+02
1.852079250579636209e+02
1.925433495924270062e+02
4.290176457650773614e+02
1.939466805802915133e+02
1.098429079279021892e+02
4.900106341493789159e+02
1.829378387328930842e+02
4.133575657083192709e+02
2.187790587090141230e+02
4.489206398674066349e+02
1.760042862139358419e+02
4.314774749153938842e+02
4.151419289850214227e+02
1.927712571825572070e+02
4.392039895832260754e+02
1.038546727734778159e+02
3.980677383365551236e+02
4.562279839115249729e+02
3.790754783680475839e+02
4.122106231084367778e+02
4.182416995542765221e+02
4.116837038994918885e+02
4.582332207371762252e+02
7.584013758502180735e+01
1.937657239273294181e+02
4.051063357811794958e+02
3.876591429235240867e+02
4.072388809214260164e+02
3.649814211655945542e+02
4.978998961789080795e+02
4.499435430350714000e+02
5.080100992827314599e+02
3.787213642011715820e+02
4.884050270440179702e+02
4.164368126667501429e+02
8.133732476106719389e+01
4.458064585735550054e+02
4.290600036505169896e+02
1.929515086246262570e+02
4.531651710536780797e+02
4.774747101490415275e+02
2.830094983303275171e+02
4.495536057867441286e+02
4.100751976003145387e+02
4.925001789981399156e+02
1.947838453810426813e+02
1.930107066133881801e+02
4.596591569490944948e+02
4.102487694351914342e+02
3.901340496339332162e+02
2.243710536203817607e-01
4.798693903352069583e+02
4.334797933495894426e+02
7.232750539152075930e+01
4.620735624852168826e+02
3.944628374412518497e+02
4.376608714607083357e+02
4.672469845872949463e+02
4.178819866890428329e+02
4.762261908989530639e+02
4.836237215407687131e+02
4.229370508620171449e+02
4.984100010520797923e+02
1.901155319034723448e+02
1.942980009219004671e+02
1.902741771627980256e+02
4.108433693433618572e+01
2.655642447338876622e+01
6.583763412854638730e+00
4.638272605904817283e+02
4.624073048801675441e+02
4.433480156193945163e+02
3.792029590859961274e+01
