4.643132825349894688e+01
1.063882989280965603e+02
1.100042888771849761e+02
5.654989527726448273e+01
1.308327162176579179e+02
1.248327606117284319e+02
9.489127908585602711e+01
1.314513742083784678e+02
2.813484013805291539e+01
3.364222052982431421e+01
1.059923343561606544e+02
6.672169948616438262e+01
1.019119346161432205e+01
4.969660665323132065e+01
9.316538901256689087e+01
7.793995554175459972e+01
6.245968163550482899e+01
9.967958851808347731e+01
9.786508615420201807e+01
1.266217657369238054e+02
1.051711474545989944e+02
1.229198650228217957e+02
7.895757860385683280e+00
6.547499729694345660e+01
7.843419927171004247e+01
1.172767877422182039e+02
3.884626951729068622e+01
7.999302688413281714e+01
1.003358837058586204e+02
2.173324653738947898e+00
7.711989222712072944e+01
1.532308325977897212e+01
6.093169740393383904e+01
1.032421255519144978e+02
8.085645529712212465e+01
5.818595845130239042e+01
6.228802475989729714e+01
7.457465538190000132e+01
1.211162866151061621e+02
1.720085844698029121e+01
1.212657342414638464e+02
6.598420956460881825e+01
1.340126354559088782e+02
6.852883783576804433e+01
7.936868476624070468e+01
5.148371007750774453e+01
4.296123075678515146e-01
1.298811643477817199e+02
6.677409692557408505e+01
9.993784811494474951e+00
8.454701047514150503e+01
1.925613694572469825e+01
3.909101795925874967e+01
4.750421573620874938e+01
1.278815273292617150e+01
3.892938867793699131e+01
2.217101600132537698e+01
1.258473852339296997e+02
4.704820837143666168e-01
2.220999291002475573e+01
7.063653245700483474e+00
8.848328385004809604e+01
1.225642275110234891e+02
8.408027401272752854e+01
2.592042593359641245e+01
1.001887756291624676e+01
8.629842489467120004e+01
4.274886638992792598e+01
4.368914114296791240e+01
1.276673017138999313e+02
1.139121712089677345e+02
3.436075181935625977e+01
1.145265920628717993e+02
1.064791206678878694e+02
1.264367723579647134e+02
1.933709007513927247e+01
1.674254811808696886e+01
2.789045110477159994e+01
1.309113274403683249e+02
2.544922175141804033e+01
7.791965331590745336e+01
7.330998368962136169e+01
3.207228760230647424e+01
5.202238000394623363e+00
1.107403365126133536e+02
1.282457816494691194e+01
1.052123150537301655e+02
9.538936273076120642e+01
2.548687289574620607e+01
3.262590946019601290e+01
1.305779633739726648e+02
7.601623186177072000e+01
1.340020159961222923e+01
3.113059687768360106e+01
7.764041008006506672e+01
1.256245199436549314e+02
2.591194503415560746e+01
7.123061177984871506e+01
5.291372185092595259e+01
5.604096251125896089e+01
2.753379466714076784e+02
2.936546014909405926e+02
1.982265569507559633e+02
3.015577306504866897e+02
3.012494464557695437e+02
1.915808015641525230e+02
1.982384740865272477e+02
2.772439377930870137e+02
3.119961599598931343e+02
3.013059610565375692e+02
1.959936073586220857e+02
1.925007375296550833e+02
2.536957559210135855e+02
1.869807713175074753e+02
2.602590957023484748e+02
2.451131397075550638e+02
1.943709283193564659e+02
2.602231147806166973e+02
2.477100878287819796e+02
3.025784953899855623e+02
3.168881489932636555e+02
1.914333080958098492e+02
2.955606881408384652e+02
2.600546274448566351e+02
2.778891489753619339e+02
2.778694023607512236e+02
1.991064400275563173e+02
3.087643513021280341e+02
2.845727313943389731e+02
1.980822406531817990e+02
3.010700228054141689e+02
2.860797322035735419e+02
2.928473290923234913e+02
2.896511456009201311e+02
2.979119431607908837e+02
2.659517877573188684e+02
2.656304168639679801e+02
3.022484905847064738e+02
1.940827926051559587e+02
2.939862561471368281e+02
1.879632658041140587e+02
1.941295564420933317e+02
2.948997507167715071e+02
1.946661797691656943e+02
2.627501269573601235e+02
3.119840076879906405e+02
1.901645052261060869e+02
2.838416407467034333e+02
1.935717623592200312e+02
1.969002035426318571e+02
3.150293916820753566e+02
2.686126466278518592e+02
1.933340122109992762e+02
1.934335419124513749e+02
2.766432826151911399e+02
1.869928317336463692e+02
2.824734255976462691e+02
2.833041825727814853e+02
3.034084778104483462e+02
2.977158668487061846e+02
2.975068886860887574e+02
2.514023670312770662e+02
3.113219108446285190e+02
2.655833216237847410e+02
3.154883783551072156e+02
2.734564959783164682e+02
3.160520546110130908e+02
2.828642674842146789e+02
2.589665675607166690e+02
2.463155883050387729e+02
3.114615424303618170e+02
2.664628226142614835e+02
1.842814698261151420e+02
1.880807041298165529e+02
3.162055110849734092e+02
2.937731666529225549e+02
2.643004252867796708e+02
3.091671091453252416e+02
2.669486026415807487e+02
2.639278905268345738e+02
3.164194729941498281e+02
3.153535336267552225e+02
1.980785467543480820e+02
3.021840153926174821e+02
2.693636542634488364e+02
3.055781795546914736e+02
2.747112909259811317e+02
3.108627455055943756e+02
1.937707002164744097e+02
2.944962701971350043e+02
1.878939782081528733e+02
2.486795369144718109e+02
1.934642003639229131e+02
2.615658157505571353e+02
3.121440985015589149e+02
3.057766149119921124e+02
1.974682253767723807e+02
2.678875867478616897e+02
3.065179353144467314e+02
3.112400876503795075e+02
1.945091086315234179e+02
3.126552346805278830e+02
2.838885246803162659e+02
1.942162615916534207e+02
3.048718861768683155e+02
2.784638158185990164e+02
2.832188058756248097e+02
2.923094901267259615e+02
3.162036513443908348e+02
2.943182483478557856e+02
2.486049644506140339e+02
2.901830899112501356e+02
2.909282195650259268e+02
1.921013632241179039e+02
1.990164731801138487e+02
1.925440939274941172e+02
1.873495245996743677e+02
3.047127378023786264e+02
1.935652544102360366e+02
3.091737752292656296e+02
1.997539767527902086e+02
2.590195353453232769e+02
2.890281586713510364e+02
1.890265367434049608e+02
2.576312611513578759e+02
2.616977697849081892e+02
3.019034011733861007e+02
1.961002992302879591e+02
2.786544206627889935e+02
1.899122866469272992e+02
3.070860123575016019e+02
2.923117021263063862e+02
3.121295248881752400e+02
1.943902897282735864e+02
2.894456133498796930e+02
3.107707694153601210e+02
2.478646837051882983e+02
3.060984348190494870e+02
1.848479646024308920e+02
1.982288437139182236e+02
2.629593412022881012e+02
2.453464814066568067e+02
3.064823569158117493e+02
2.926438966949058909e+02
3.154241398931025060e+02
2.829565999714881741e+02
3.052969895128630924e+02
2.647370851542391961e+02
2.818203337651311813e+02
2.738258495056722950e+02
1.837519509993410907e+02
2.629591652364358083e+02
2.828149296063257907e+02
2.938108726489055016e+02
3.119838629981118174e+02
2.440762333040925398e+02
2.964532719431354622e+02
3.053740408563514848e+02
2.890621482264927522e+02
1.983297972254480044e+02
2.962471852078954839e+02
1.915932254493685605e+02
2.596183002016130672e+02
1.952299739992094487e+02
2.659239437110778113e+02
2.941575682987761979e+02
2.943899692610997363e+02
2.458421135396907573e+02
3.085512339502536747e+02
1.890557858457405018e+02
1.874263806407010975e+02
3.057340240785712240e+02
2.670017981198740245e+02
3.092792708544023412e+02
1.868752578530153130e+02
2.950601809319081781e+02
1.945717736551053747e+02
2.892192635612749427e+02
2.773200386161653910e+02
2.945972630305543021e+02
2.569771460126120246e+02
2.911715265677914886e+02
1.915205550743296214e+02
2.924851139552395693e+02
3.123146530632865279e+02
2.775141224506251660e+02
3.005285332159019163e+02
2.949595602873779967e+02
3.000895945279968942e+02
2.975083274728376068e+02
3.034755291418917977e+02
1.979369112844127585e+02
3.094709757315927163e+02
2.986163292261014135e+02
2.865690512369788507e+02
2.444645811205520261e+02
1.956042507416262595e+02
3.007232600186401328e+02
1.909943006427702130e+02
2.579941524986514310e+02
3.128147022772124615e+02
2.767136319008102419e+02
2.556650452793667796e+02
1.934178109346513850e+02
2.902827238486976853e+02
1.854195145036969734e+02
3.161417928763904683e+02
2.492006726886368426e+02
3.016949885791416932e+02
2.818760221275221625e+02
1.994966124021135272e+02
3.102362638923993359e+02
2.782962447219217665e+02
3.115873802084836939e+02
2.676813037938217690e+02
2.635126763614725292e+02
1.958361216083592069e+02
2.643128042508310500e+02
2.846170343825657483e+02
2.920358975510504820e+02
2.631489282813270734e+02
3.014618109666406554e+02
2.992045669661510487e+02
3.115306110115222396e+02
1.855801233668125292e+02
2.785085778552078750e+02
2.985348242958873470e+02
3.108182358851615845e+02
2.439374233697926115e+02
3.150292092915869944e+02
2.484026076687095497e+02
2.749910625982780061e+02
2.721134260506806868e+02
2.789423595375968716e+02
3.003748410290276638e+02
3.108563922932250989e+02
1.895531803752529640e+02
2.981522943654629785e+02
3.114738801701187754e+02
3.045250143987049682e+02
2.567235793428497459e+02
3.146158908242049392e+02
3.114042645367284763e+02
2.912629256764994352e+02
2.849527369790924922e+02
2.628042953355086979e+02
2.569364605487341464e+02
2.912051685891131569e+02
3.121814545138762469e+02
2.977605812999351542e+02
2.626735997308047672e+02
2.920185438386214969e+02
2.993702569234905582e+02
1.958185019393471293e+02
2.776551843902335577e+02
3.115413859904327865e+02
3.170693009454743674e+02
2.588739580168954149e+02
2.910392883467287675e+02
1.973260808872207974e+02
3.031087770504282730e+02
1.923299330275621628e+02
2.900137830658297275e+02
2.642780270889905978e+02
2.729227874551613127e+02
3.006831695121541088e+02
1.907900435751099337e+02
3.114864266062065781e+02
2.823589886068371584e+02
1.930746670939594765e+02
2.829333595873856666e+02
3.074613295916101379e+02
3.115534212137052350e+02
2.994429405274747751e+02
2.910736068487053672e+02
3.069687973197464999e+02
3.144758739608666360e+02
1.994760807942402892e+02
1.890446729174242364e+02
1.935336809595752356e+02
2.633443071456241000e+02
2.940536477283924341e+02
3.012657897182659212e+02
1.937865286103583173e+02
1.947261007290614145e+02
2.626022250346568399e+02
2.587212590888472050e+02
2.655859528636404434e+02
2.618808684199730692e+02
2.440221434174229671e+02
2.992496594195491184e+02
2.782795434851269079e+02
1.915267377870287362e+02
2.897038590759684666e+02
1.847755820521635428e+02
2.979146990790572431e+02
2.931400454797690713e+02
2.735746553129261542e+02
3.006491812334824658e+02
1.992130924252643069e+02
3.113907672906433390e+02
2.952935999967378393e+02
2.826033174150463196e+02
2.643815630106513481e+02
1.946183495426942898e+02
2.452707784074495123e+02
3.105541732366197039e+02
2.977857985990407315e+02
3.147844555251864449e+02
2.600621936705707071e+02
2.685378875819081372e+02
2.779476978340124447e+02
2.954122346252117381e+02
3.015203673257505557e+02
3.053621967275125257e+02
1.991444547453031646e+02
1.908475974701397320e+02
2.937335159486563612e+02
2.783393073427464515e+02
3.149075126943000669e+02
1.981135014051072289e+02
2.916342745411025703e+02
2.733363518100474039e+02
1.902945913497283641e+02
2.418451969656038898e+02
2.905760280868103678e+02
1.858885975752821764e+02
2.972813360016211277e+02
2.435736978287304737e+02
3.156812264242652191e+02
3.163746625629651703e+02
1.948802385171647416e+02
2.853601295837335101e+02
2.677384016490480576e+02
2.501194129778788806e+02
2.999041330254409559e+02
2.624403897214098151e+02
2.765728027631013788e+02
2.906290711704415344e+02
3.068436205517305666e+02
2.746019833103858332e+02
2.563424021187856852e+02
2.641950674803171637e+02
2.440306934870797306e+02
2.537470705052299138e+02
2.811806472025235166e+02
1.913646081072996310e+02
1.930469314617846806e+02
1.898258484021860681e+02
3.019261556884279116e+02
2.845614782908932057e+02
1.995752712187517943e+02
3.152952712231403325e+02
2.721086463978110714e+02
2.934058280351895860e+02
3.128607061102479179e+02
2.935085218697477671e+02
2.913540182636664895e+02
1.836964757649167836e+02
2.789165200185177014e+02
3.053358729365257886e+02
3.120165991793913349e+02
2.922720793879526582e+02
3.120498611603249515e+02
3.013128483231540713e+02
2.679507713310175632e+02
2.671596911425894518e+02
2.723816017691510751e+02
1.939535812032156912e+02
3.040893098449735135e+02
1.943998614063323203e+02
2.918652765837320544e+02
2.938965107959831471e+02
1.846787224686252955e+02
3.057831935755456243e+02
3.052438815707037634e+02
1.982629772650387849e+02
3.127983810307742942e+02
1.944835468893051029e+02
1.874058655053559335e+02
1.843998607956431499e+02
1.935534458816600818e+02
2.623063667673446844e+02
3.168802598514737952e+02
2.995903956933805148e+02
2.436821818797630783e+02
3.040443827342432428e+02
2.898590395555737587e+02
3.111850463397797171e+02
1.835834394689294982e+02
2.662080064930332810e+02
3.090569640650837755e+02
3.061806150159609388e+02
3.144952130569163273e+02
1.932272421132537943e+02
2.812536964691839785e+02
2.841822640911884719e+02
2.510642403982684527e+02
1.976632817305457763e+02
1.936256724001247278e+02
2.571044973070423225e+02
3.058065436995549931e+02
3.009978820513379674e+02
1.938931382365846048e+02
3.052451570418478468e+02
3.027451643383340070e+02
3.060560324226961484e+02
1.854203780347741883e+02
2.417037207928422333e+02
1.925793703102854977e+02
3.148687207319096615e+02
1.839563292204550180e+02
2.459767588140723547e+02
2.698174101263912803e+02
2.952079423070298390e+02
1.928909885214080475e+02
2.863441004702327177e+02
1.852527454191811671e+02
1.995032651694153003e+02
3.128093051972612670e+02
2.963215963450818435e+02
2.605539922536447079e+02
2.469432934816834120e+02
3.107900763565968418e+02
3.080830578114243963e+02
3.159632954087646795e+02
1.856819527610395255e+02
1.990226502681798877e+02
2.976107745953705717e+02
2.934187465251862363e+02
1.933241067202766033e+02
2.893586573092107983e+02
2.916662574807617716e+02
1.864339336352304031e+02
3.030963108122283529e+02
1.942438131784472546e+02
2.752355135639550667e+02
2.726991920504181621e+02
1.872125464408883886e+02
1.950491041409561888e+02
2.481844836443089548e+02
2.632963252115643513e+02
1.866098332699805269e+02
2.473205244162347753e+02
3.144818489597831785e+02
3.048304823091286266e+02
2.600008383569136186e+02
1.839769035061744376e+02
3.000055304595457528e+02
2.578297340219895091e+02
2.756895261469893512e+02
2.611888873012594559e+02
2.738456238911243190e+02
1.985299332969370312e+02
1.945342819219677892e+02
1.848299299242285372e+02
2.778328667491942952e+02
1.871161543607489079e+02
2.896409312160511149e+02
2.912339068055712801e+02
2.445448043664515012e+02
2.682573183919913618e+02
1.969345136896812960e+02
3.007647042696914923e+02
1.878613400191474625e+02
1.934811428104308391e+02
2.621710521852797342e+02
3.012117647422879259e+02
1.864892637639830468e+02
1.850771233684348829e+02
3.007744962858851636e+02
3.159652533853872569e+02
2.681734318978610077e+02
1.983291662624230014e+02
2.435896656738846673e+02
1.886021139971424248e+02
1.918255704555266163e+02
1.995872288786584932e+02
1.841703497452653551e+02
3.049655630935749855e+02
2.762491775627162269e+02
2.568292029962033780e+02
2.998906417642333508e+02
1.867198477294002430e+02
1.885855856263127066e+02
1.923237020055101993e+02
1.906406000436203669e+02
3.098353858351106282e+02
2.505993224061964497e+02
3.009484509430165531e+02
3.124328839253626029e+02
1.910943573669957800e+02
3.119143921153185488e+02
2.679304534862775995e+02
3.041606955983058356e+02
2.607176672375009616e+02
2.745309321586441911e+02
3.145331079138663881e+02
1.992535023126083900e+02
2.897636963978041535e+02
3.169183762267875295e+02
1.854927482561355134e+02
2.761366152196413282e+02
2.772118672745902472e+02
2.859391459685226664e+02
2.619350666672604007e+02
3.022865559870186871e+02
2.923686408188688119e+02
2.618599949692614928e+02
2.576885037806375749e+02
1.940429120800023384e+02
2.998328707601051519e+02
1.855763237911550618e+02
3.066436853849499471e+02
2.475526310101903675e+02
2.834193948687778857e+02
2.749181688246346766e+02
3.107345464676583902e+02
2.975315183675496087e+02
2.692148867995836667e+02
1.835864517359120214e+02
1.992599671994037749e+02
2.673846019110112024e+02
2.574612888616948680e+02
1.854218808785008719e+02
2.956068361838979968e+02
3.147244068798884769e+02
2.616701982915001281e+02
2.946987653910408085e+02
2.629197784720976188e+02
3.014154560664016458e+02
2.642125316476250987e+02
2.749735525343413087e+02
2.465355328331425540e+02
3.121976425404649262e+02
2.587960652135205351e+02
2.608667077473172640e+02
1.900181078462015307e+02
3.109904050276520593e+02
2.949405092742563852e+02
2.631759097423486082e+02
2.539218038841895293e+02
2.611729653672422842e+02
1.976836599354907378e+02
2.617157115462007937e+02
2.774914757934839145e+02
3.055034838779795905e+02
2.694849287826954765e+02
2.692866599140809853e+02
1.970314945231710340e+02
3.062967487628685035e+02
1.931713059772883696e+02
1.941920863502844554e+02
1.977669505301922754e+02
1.994161204656935524e+02
1.985122034333233501e+02
2.890202547157041408e+02
2.913137712766715595e+02
2.928627516767284646e+02
3.107374866510539846e+02
2.729222212691093432e+02
2.432469390576538615e+02
2.964419176817306152e+02
3.149556646567322673e+02
2.418824900377442475e+02
2.656123575059466475e+02
2.994500027757513294e+02
2.741437171989851436e+02
3.114282789145685797e+02
2.441532095425472448e+02
2.848556684575946747e+02
2.903618278971907216e+02
2.735351052569900503e+02
2.568997197765076521e+02
2.621432755562003649e+02
1.990951182027972095e+02
3.045302789632501117e+02
1.940076221133683703e+02
2.931959995713031617e+02
3.025746199074949914e+02
3.002798840501551467e+02
3.122485644336123869e+02
2.416857491178773785e+02
1.911432101807134813e+02
2.962201754641174603e+02
2.946555415201585788e+02
2.973091194688533392e+02
3.085834493296965206e+02
2.478851168175994815e+02
3.002323504731812136e+02
3.032742483505024893e+02
2.952800947564655871e+02
2.782377156630089416e+02
2.972941988389597441e+02
2.581660671537093776e+02
1.975496364691545352e+02
2.840545569550304208e+02
2.507027947611416323e+02
2.895836056030603345e+02
1.894506882420736531e+02
2.674346423328369724e+02
2.585551754561569169e+02
3.095742072518850136e+02
1.840617225700853794e+02
2.838285380323216600e+02
2.913684682986147436e+02
2.466921547384981750e+02
3.002876771333728811e+02
2.819951032947029148e+02
1.892126746911344810e+02
2.896392983707258395e+02
2.412720424318142989e+02
1.999722133529480459e+02
2.637502006832459074e+02
2.656082113379044358e+02
1.852206223781619485e+02
1.990670402084552961e+02
2.680853506063664895e+02
1.936852452914333469e+02
2.609555659454725287e+02
2.925562576138094073e+02
1.961929873962752708e+02
1.875434828941929766e+02
2.959772758248236073e+02
1.854826386365974145e+02
3.026242084061099717e+02
1.858322088479295360e+02
2.615608563097449633e+02
2.642610197535764200e+02
2.831885509879350593e+02
2.957145660175982584e+02
2.425559202983731382e+02
2.743772591318563059e+02
3.004524165575384131e+02
3.165951482940603796e+02
3.048878683122273969e+02
1.931285758467774372e+02
2.933265054062648574e+02
3.057847837571887908e+02
3.012988842469596875e+02
2.627383817578540288e+02
2.952199586248889318e+02
2.893785401018542416e+02
2.958022962680223600e+02
1.991289241168009880e+02
1.920632087681222231e+02
2.633455462487448244e+02
2.949179738938209994e+02
2.951803477835387071e+02
3.064874784947311923e+02
2.812898286901376537e+02
1.926697897146384832e+02
2.581621924126104659e+02
2.902516225802127110e+02
2.451537905442159513e+02
2.755122826508511480e+02
1.914678496022582692e+02
2.672900065502437315e+02
1.841088595419851117e+02
2.936561899779752025e+02
2.764751396730927695e+02
3.116374938489166198e+02
2.436738562724836186e+02
2.444911904350795737e+02
2.433451223335232214e+02
3.107213672659398753e+02
2.926184387369501678e+02
2.629917448768587178e+02
1.947742629383171789e+02
1.884510679628636183e+02
2.596567876667419910e+02
2.663925683059806602e+02
3.018619085316451560e+02
1.925909567648428720e+02
2.886544736221195535e+02
1.931269845200347106e+02
3.151366793569735592e+02
2.768544037475544997e+02
2.849470907255916359e+02
2.653185821372692317e+02
2.891032215872269830e+02
3.148223310837192912e+02
3.122967946782509898e+02
1.894658813211174788e+02
1.890766616704757723e+02
1.877979968463083082e+02
2.937609553685523451e+02
2.690501896061932712e+02
2.616381009698972662e+02
2.465736845658861398e+02
2.838346220445149015e+02
2.844413781506508485e+02
3.016372468056787852e+02
3.127552772110357751e+02
2.626551930693000827e+02
2.470040092748816960e+02
1.963844761816882283e+02
2.866056354664405035e+02
2.817534032704988931e+02
1.882073900293449924e+02
3.012248377850658017e+02
3.109437291978683788e+02
1.929586490916446166e+02
2.615164911244395398e+02
2.933701986598461531e+02
2.822791272492155485e+02
2.852695981186019480e+02
2.652781598421159401e+02
3.030932730666881980e+02
2.615851998022756106e+02
3.090971010065891278e+02
1.898283329473942445e+02
3.149564004738585368e+02
3.115608706854625325e+02
2.602563600626068023e+02
3.074379392953296701e+02
2.932776400582015981e+02
3.041856519773068044e+02
1.944363180161153650e+02
2.568744524384576948e+02
3.008904680861649581e+02
2.740358232494772892e+02
2.775709336268606080e+02
3.098033023230471485e+02
1.848902870779662919e+02
1.912442108135975900e+02
2.567638223724959516e+02
2.860307364624648017e+02
3.058964498665081919e+02
2.921644073485349509e+02
2.984029758197879687e+02
2.850554106698404553e+02
3.002503257747173393e+02
3.103198664587615667e+02
2.910123927268035686e+02
2.419927582611594801e+02
2.975901053183608269e+02
2.685588525449342114e+02
1.936318292169798383e+02
2.480653411008307501e+02
2.630097164229765667e+02
2.950888850949687026e+02
2.903830553257535598e+02
1.864395507855481924e+02
3.097101841814575778e+02
1.941994649197868341e+02
2.780545159465480083e+02
1.850478153824597030e+02
3.169632196347060926e+02
3.019174083868040270e+02
2.761370811339879197e+02
1.986165045391939827e+02
3.050041213090204337e+02
1.940265790432387973e+02
2.601626121929743931e+02
2.630582515760351612e+02
2.952370091333986011e+02
2.654327139051731592e+02
2.569897564606981746e+02
2.620802708872016638e+02
2.900388840980312466e+02
1.879777819274945330e+02
1.966982170910642367e+02
3.160195884562014044e+02
2.951681969860490540e+02
2.614636427063240376e+02
1.989616309563638765e+02
3.003478844668722445e+02
2.641013073904958333e+02
2.917546648091094994e+02
3.145226610749264751e+02
3.151735177178567824e+02
1.888625615562016549e+02
2.639304391970098322e+02
2.922923935240894480e+02
2.934893505833056224e+02
2.631727897506455633e+02
2.996032711392926444e+02
2.501754114877088853e+02
2.603592694780576835e+02
2.945639241024915123e+02
2.922771785920892285e+02
3.110521510250157462e+02
1.874758957015639567e+02
2.639855298737155636e+02
3.061683360731378798e+02
2.455227805585513465e+02
2.619959253126561975e+02
2.907017589288197428e+02
3.088801738510911719e+02
1.957986045127286161e+02
1.839964293599178120e+02
3.032144359855448670e+02
2.738678399694513246e+02
3.148957436128855534e+02
3.056575083464593945e+02
1.879727620239738144e+02
3.023013387882714937e+02
2.459517468248352259e+02
1.835913713720584894e+02
2.976609243533641802e+02
1.894019989690675629e+02
2.657023601155705705e+02
2.899050353049320847e+02
2.432891348169701473e+02
3.162098782068854916e+02
3.153101529170147046e+02
2.931794256832437213e+02
2.973231488702420506e+02
3.113236023405866035e+02
2.734808956843446026e+02
2.472489640276835416e+02
3.128268048057735768e+02
3.038838103359832417e+02
2.949182922952794002e+02
2.621266971761355649e+02
1.838524501402820590e+02
2.830800767649289469e+02
2.835046485031799648e+02
2.964773309688857239e+02
2.548449639592095650e+02
2.774426740741150752e+02
2.499854406069215997e+02
3.028108182282981033e+02
2.931546001305949858e+02
2.676035822541236939e+02
3.147217685009690626e+02
3.040757719657557345e+02
2.640481616168309529e+02
2.964081418915420159e+02
2.829700550273495310e+02
3.097033665831492613e+02
3.109777765314655085e+02
3.119348420334537195e+02
2.779854578340069793e+02
2.547647951682760379e+02
3.110634263746803754e+02
2.700072359988935204e+02
2.826135492100618194e+02
1.887678458279405618e+02
3.121729318186642672e+02
2.906281788744605592e+02
2.610446920488987530e+02
2.978733475277554135e+02
3.005342758815881439e+02
1.857330988593935786e+02
2.979887283117397487e+02
3.128913765261217463e+02
2.734395540003413885e+02
2.978521962377906220e+02
3.150606364553775052e+02
1.943128870181256502e+02
2.924494807703360948e+02
1.995034900474604740e+02
1.985322007164139109e+02
2.584877589999314864e+02
1.977348616009127511e+02
2.579823305089711312e+02
2.839200312878753039e+02
1.887288296494102156e+02
3.097462660345972836e+02
3.104253932049470563e+02
2.605645402406378253e+02
3.155265548645062950e+02
2.762084252552638759e+02
2.910704104466179274e+02
2.840503508976528906e+02
3.050911968294252006e+02
2.512066522480134836e+02
1.988071573252204018e+02
3.108689490446676587e+02
2.948592939398483281e+02
2.624324980892235999e+02
2.567595630252076830e+02
2.890263809337868679e+02
2.500861995783338898e+02
2.684402424224271613e+02
1.993070100412537329e+02
1.840821559221025439e+02
2.548046399795277352e+02
2.623087826679899877e+02
3.040206465181684052e+02
3.123472929506662581e+02
1.933636527998236545e+02
3.053877548899824319e+02
2.456175121111508020e+02
3.015326222650986097e+02
2.567851805538221583e+02
3.126431596340249826e+02
2.575206334542250488e+02
2.781437376161360362e+02
1.865324604697050006e+02
1.976295540108680484e+02
2.892537368857540514e+02
2.638205943256220962e+02
3.001910592851181718e+02
3.117495883683236571e+02
2.832423102944820812e+02
2.595493222107640463e+02
2.907947254319225863e+02
2.977988190362954697e+02
2.772776091488531165e+02
3.080863522383178861e+02
1.986945780395280963e+02
3.018259124626060839e+02
3.050867221204783846e+02
3.059371008318450436e+02
3.001831413448775834e+02
3.085062698425012968e+02
2.000410788769281965e+02
1.885226050612268978e+02
3.019551259914941284e+02
2.675126330650697355e+02
2.691647211799204911e+02
2.903222750726819754e+02
2.954893064950113057e+02
3.148569856477473650e+02
2.643487108166044663e+02
2.996283526210321497e+02
1.944506396865596400e+02
3.120157717601267677e+02
2.892311856526687848e+02
2.911558707981993166e+02
1.989534139860998891e+02
3.036714250616646495e+02
2.909254561102196703e+02
2.604079485830791327e+02
3.029542960307298927e+02
3.166033550158992966e+02
3.153270373897892114e+02
1.949910087028261785e+02
3.012858457916640305e+02
3.003892672027124604e+02
3.161854449674374337e+02
2.443617518715589654e+02
2.959853114498263267e+02
2.854597623057576357e+02
1.897479245101192760e+02
2.980927595777270653e+02
1.989493220773103133e+02
2.647814575535939525e+02
3.118012711676532263e+02
2.946489778984085888e+02
1.854942775712696061e+02
3.057193975368351175e+02
3.153970168634242555e+02
2.946159075910597949e+02
1.932493956088581228e+02
2.854927441843187239e+02
2.536084195314232943e+02
3.017823415690385218e+02
2.536379990160521061e+02
2.450865592122399903e+02
2.776364333746316220e+02
2.829690647590878143e+02
1.880846657245380413e+02
2.810310936110581679e+02
1.992782686298504302e+02
3.046280760976109150e+02
1.916761780242618727e+02
1.911849363083769617e+02
2.438456998662989861e+02
1.980121361842825252e+02
3.158303682363819576e+02
2.971964819545926844e+02
2.580908988294245887e+02
1.881552451631057750e+02
3.060117799849473954e+02
2.816407474176794494e+02
3.046186629732918050e+02
3.047429343496771139e+02
2.937131121606353759e+02
3.150365081970002734e+02
3.061435320196364387e+02
2.894391799214304797e+02
2.811944251021637342e+02
3.126813384744795030e+02
2.665916701988273871e+02
2.591110116981747069e+02
2.890500028301891007e+02
3.062251213331137478e+02
1.848085454563906183e+02
3.114375357217403462e+02
3.153086273266674198e+02
1.966059299059044747e+02
1.950788205715981292e+02
2.496020293281692943e+02
2.939819585359550160e+02
2.489731331633458922e+02
2.422686921488210032e+02
2.640390666385314944e+02
2.472626912444590062e+02
3.053976856461101761e+02
2.924287979596828109e+02
2.694931945927719994e+02
1.903107529276750540e+02
2.979980763989166235e+02
2.933715391355071915e+02
1.944270008460360373e+02
2.846938393301369956e+02
2.891830316316483049e+02
2.849169389900466740e+02
2.504391406519245322e+02
3.052120359268143375e+02
2.641658882731256881e+02
3.026854400636444211e+02
3.051087687436424289e+02
2.656238987033957528e+02
1.999759232836172771e+02
3.122972429183516851e+02
2.441610307313119108e+02
2.837312835775397275e+02
2.633396501219294237e+02
3.089512439653676665e+02
3.022588686398129880e+02
3.004857728603112150e+02
3.062725631025515440e+02
1.968558284756956027e+02
3.026135602131174664e+02
1.941469453405639740e+02
2.903551596542480979e+02
2.925763209995393481e+02
3.003191501264462886e+02
2.843827292976986882e+02
2.629026632764736178e+02
1.837345815769877220e+02
2.971028399980162931e+02
1.977117860984413653e+02
3.088871056672041959e+02
1.932476250495840873e+02
1.973584075067807078e+02
2.498599446081928477e+02
1.898150360173117406e+02
2.635404285424544923e+02
2.455829327790664536e+02
1.987183226811048655e+02
2.990491184049720346e+02
2.585127488613345008e+02
3.048946571107905470e+02
3.030242490656384007e+02
2.440001941891594583e+02
1.906859678040498807e+02
3.105589257169897337e+02
2.534088656739913290e+02
2.956186910098437579e+02
3.018309132954847769e+02
2.500775335537605315e+02
2.622675309193268731e+02
2.745345896969698742e+02
3.005102511457879473e+02
2.974310343794571736e+02
3.074693151303721379e+02
3.160841259132255914e+02
1.994178935279649068e+02
2.759277357392259660e+02
2.911431571259527118e+02
3.016706364382894776e+02
3.093219256058608266e+02
2.893888410614530358e+02
1.852056689150005298e+02
1.839737913791918800e+02
2.592250688306887128e+02
3.098144513074362862e+02
3.155327826975260450e+02
1.982218531300175641e+02
2.890012668285700101e+02
2.898300674003068025e+02
3.128311057524181820e+02
3.045232148215977759e+02
2.921861300925014575e+02
2.926634213855653002e+02
3.061897344221405888e+02
1.904205178660326112e+02
3.106615504911041512e+02
2.935619415342704315e+02
3.112132946001399887e+02
3.006260334203179809e+02
2.733402138107954897e+02
2.428003116412841678e+02
3.100720057439584139e+02
2.584248453700486152e+02
1.988267291111674808e+02
3.150163708542020800e+02
2.891693936111444145e+02
2.851227961964521569e+02
2.412511984862441636e+02
2.584313842629875921e+02
1.963882235330302137e+02
2.673922543600758104e+02
3.096173925942258052e+02
3.006099033230811415e+02
1.864999075513799482e+02
3.005043022969976505e+02
3.051427989566382735e+02
2.902785942184073065e+02
3.091673279582864211e+02
3.012214318022395219e+02
2.661268577454217166e+02
3.012943607481417416e+02
3.109921748073101071e+02
2.421093367403373122e+02
1.983947977148201005e+02
3.105236993345781684e+02
1.846774536471848478e+02
2.756293991525319598e+02
3.052653948876476306e+02
2.451035543384881521e+02
3.166375933234577360e+02
2.656853326077335851e+02
3.167300686486842665e+02
2.978420995261947724e+02
2.822591439269062334e+02
3.035357699638516920e+02
2.915143504833512225e+02
2.941129411381128307e+02
2.997094011522003711e+02
2.971758529967635241e+02
1.846049045737158281e+02
1.908399867901789264e+02
2.562789609855440176e+02
1.980260371606108833e+02
1.930314448022222109e+02
2.741570571694260252e+02
2.931881061422216135e+02
2.763580631758043182e+02
3.116286204925438597e+02
2.853687477354928319e+02
2.548159662767199336e+02
2.892994092380292841e+02
2.965052593959251226e+02
3.094235304801647999e+02
3.116051524134315969e+02
1.849554258445972721e+02
1.841804551780351460e+02
2.823684889556882354e+02
1.942299047987841902e+02
2.423606126334807129e+02
1.905136870479708477e+02
1.991656978235425584e+02
1.973345604486117395e+02
2.731215800857858085e+02
2.727421507388829127e+02
1.896771480383912376e+02
2.416979041704251472e+02
3.156727063095053154e+02
1.993436443809339380e+02
3.056732435479829633e+02
2.619375904896905922e+02
2.966994736124557903e+02
2.459330077190156771e+02
2.744422388566194968e+02
3.051503045880220952e+02
2.925043794029659239e+02
2.949536836097307173e+02
2.633286263575933503e+02
3.049187718828415541e+02
3.104810807928139980e+02
2.603126132704381348e+02
1.961696914372308527e+02
3.111068252350509624e+02
2.850988453628860952e+02
2.753982486089006443e+02
3.049844914287796200e+02
2.746176415624341303e+02
1.954016730520361307e+02
3.123240306644487418e+02
1.955854643112838858e+02
3.148776363914484477e+02
2.544220577066557212e+02
2.925250490590615300e+02
3.122648052782955119e+02
1.989670971558793156e+02
1.989509938820196453e+02
2.640753995115422867e+02
3.098758014277747179e+02
2.771393838683753756e+02
3.122961462925770775e+02
3.025319125708850265e+02
1.874332576257861547e+02
3.047309733434469763e+02
2.896100787686569333e+02
2.773462509995938490e+02
1.886142009525502203e+02
3.041308156003559588e+02
2.972759847431363482e+02
2.728996622319476728e+02
2.908682670683789411e+02
2.946575044879912753e+02
2.934882469838997849e+02
3.044579128336301324e+02
2.748781672954101509e+02
2.623736707018852599e+02
2.926527360805979470e+02
1.901174302088544721e+02
3.009865425870171975e+02
1.942195293869637567e+02
1.913322017380108377e+02
1.871576390804801520e+02
3.079112618840931077e+02
1.895396507234447938e+02
1.924910997977198406e+02
2.980490380019953136e+02
3.050796322545078283e+02
2.681351005890722377e+02
3.119032196150777168e+02
2.919474363260544010e+02
2.922201834914031338e+02
2.667582958985070718e+02
2.736588912557448339e+02
2.435269327657559018e+02
2.997899013239127157e+02
2.975759219647044347e+02
1.905943778851631691e+02
2.819301819184108240e+02
1.975683416803498744e+02
2.700436786234299120e+02
2.740822030196827654e+02
2.587101452206367753e+02
2.946944878341199114e+02
2.419845228270318103e+02
2.836378001941736784e+02
1.943374324282214616e+02
2.770145473719574056e+02
3.102907792991752558e+02
3.168126739295795460e+02
2.919336368769011187e+02
2.983798253823580922e+02
1.956828552757243642e+02
1.886296947484689497e+02
2.696210072177501047e+02
2.953610925736268200e+02
3.020130155324946486e+02
1.939770697465718001e+02
1.866629323777953573e+02
1.957674601189772545e+02
2.472950569242372296e+02
2.908763053199445494e+02
1.900763092054593812e+02
2.924630077480675254e+02
3.153138778416534365e+02
3.019041372886943577e+02
2.598077982254890799e+02
2.577377374661680278e+02
2.510604507290763365e+02
1.862885437909786219e+02
3.158355667847720269e+02
1.960023352729546104e+02
3.105421539966025080e+02
2.937099849283441131e+02
1.845559217088014350e+02
2.992068472421422598e+02
1.970604667098159268e+02
3.019673472885018555e+02
3.119315038398029856e+02
2.974190780512460606e+02
3.113163654250359400e+02
1.897729463871855842e+02
2.919882819057410757e+02
2.668986845438121236e+02
3.022892666356306677e+02
2.635532577950341988e+02
3.010829392048523800e+02
2.628829189199472580e+02
3.116945670854063906e+02
2.938469368856255528e+02
2.953300345508350802e+02
2.922838373915249690e+02
2.623169783192507794e+02
1.921823628196819413e+02
2.923200158314527926e+02
2.825454096646773792e+02
3.085342747311572680e+02
3.085243794727566069e+02
2.749737270675196896e+02
3.121752506724326963e+02
2.453871260537689238e+02
2.686885724164824296e+02
2.906434186536871493e+02
2.481589322890497158e+02
1.839941091334367513e+02
2.901383081473425705e+02
2.961308534710087770e+02
2.628924219536232272e+02
3.049894100736033238e+02
2.846525083837555599e+02
2.434404852973025868e+02
2.731767598027901158e+02
2.955067760939596155e+02
1.872537445500576894e+02
2.997946271146648769e+02
1.969281085891463192e+02
2.963020300407129639e+02
2.499447889670449285e+02
2.973859894368798678e+02
1.963163158536729043e+02
1.895182261877544363e+02
2.740391490222322659e+02
3.107518598487274630e+02
2.731116729623456081e+02
1.894238972847942648e+02
1.900205334184290393e+02
2.562853554318454599e+02
2.832165140466201478e+02
2.444268441201001281e+02
1.960839217464342710e+02
2.492415664780958480e+02
3.021836112572896127e+02
1.854109466252191396e+02
2.618829537876702602e+02
2.572174486180659301e+02
3.106791823980942127e+02
1.949499618904829390e+02
1.978726007572993240e+02
3.096753052997544842e+02
2.430062363202999620e+02
2.553167916431382309e+02
2.768504099131094449e+02
1.928167399375380739e+02
2.421259791251245588e+02
3.002369080792107070e+02
2.960549637016422366e+02
2.662980302850744465e+02
3.053079810194523702e+02
3.062240614157676077e+02
3.046000930769635602e+02
1.975526271630834856e+02
2.727214396530830527e+02
2.923601401973573957e+02
1.851367285000296192e+02
2.979169708211713328e+02
3.083706925732323612e+02
3.026358157206411192e+02
1.912619307581606165e+02
1.903955248463944372e+02
2.627166121759692601e+02
2.696890233833204320e+02
2.493979483291284964e+02
2.462870673505089201e+02
2.726056567879242607e+02
3.048419648648042539e+02
2.639154779160413113e+02
1.880925864231119817e+02
2.505692277874001661e+02
1.851467697629973657e+02
1.929879188696950791e+02
1.937137629093694500e+02
2.958290204919427993e+02
3.162398830968041921e+02
2.745788140335275216e+02
3.014208079076551599e+02
2.784397139287961522e+02
2.850282992620146274e+02
2.810311016179033459e+02
3.075280237390679190e+02
2.492615278275955575e+02
2.891323553328570028e+02
2.634322085315396862e+02
2.407462856602060128e+02
1.903148062388016797e+02
2.422713569876573274e+02
2.613895155816656484e+02
2.620653462627207091e+02
1.918841218531213144e+02
2.456663987402169766e+02
3.050472618953662050e+02
2.904006971692840011e+02
2.604003356818982411e+02
3.060629584449514482e+02
2.001844899027556721e+02
1.849449288046756124e+02
2.622294605742578142e+02
3.027223267898474433e+02
3.055926515615968810e+02
2.925526792888722412e+02
1.950917261151028015e+02
3.107390252417136480e+02
2.598500416731883433e+02
1.887061177314206759e+02
2.630994083650804782e+02
3.153100627540682126e+02
1.907535210388833207e+02
1.941917841963584976e+02
1.986665967895725089e+02
1.843097244632399736e+02
3.080777991411577545e+02
2.448000683776207893e+02
2.971339931127520799e+02
3.015224769950654036e+02
2.488869470433851063e+02
3.073636387786851856e+02
2.576304620705735715e+02
2.908151040785608643e+02
3.171591925869852275e+02
3.049665037836493866e+02
2.890808463518922622e+02
3.011403783728437134e+02
1.967450906192398463e+02
2.496561051293076332e+02
2.988229773040376926e+02
2.732693818633497358e+02
