  17
  52
  41
  57
  71
  85
  92
 103
 104
 116
 111
 111
 117
 110
 115
 119
 114
 117
 122
 128
 126
 121
 127
 123
 128
 127
 131
 132
 129
 129
 129
 131
 128
 131
 130
 134
 139
 141
 143
 140
 137
 139
 143
 144
 146
 153
 161
 160
 159
 157
 158
 165
 164
 162
 160
 159
 157
 155
 153
 153
 159
 158
 164
 165
 164
 165
 170
 170
 170
 170
 169
 169
 174
 175
 179
 183
 184
 187
 185
 189
 187
 185
 185
 185
 183
 183
 186
 185
 183
 185
 184
 184
 182
 185
 185
 185
 188
 190
 193
 193
 196
 199
 204
 205
 204
 202
 203
 201
 200
 198
 198
 197
 195
 195
 193
 191
 191
 190
 188
 187
 191
 194
 195
 199
 201
 203
 201
 201
 202
 204
 207
 207
 208
 207
 207
 206
 206
 204
 205
 208
 209
 211
 211
 211
 213
 211
 210
 210
 210
 211
 210
 207
 208
 208
 208
 208
 209
 210
 212
 212
 208
 209
 206
 205
 209
 211
 210
 211
 209
 207
 206
 205
 200
 198
 193
 188
 185
 182
 181
 177
 178
 182
 185
 189
 193
 194
 191
 191
 192
 189
 194
 197
 201
 199
 200
 200
 196
 193
 189
 187
 186
 183
 180
 179
 180
 181
 181
 184
 188
 191
 195
 196
 197
 197
 198
 199
 200
 201
 202
 203
 199
 197
 196
 192
 189
 187
 188
 187
 187
 186
 183
 181
 183
 182
 182
 180
 181
 183
 183
 180
 180
 177
 176
 176
 173
 172
 171
 170
 173
 173
 172
 170
 168
 171
 172
 174
 174
 175
 177
 178
 178
 179
 179
 180
 176
 173
 170
 169
 172
 173
 174
 176
 177
 178
 181
 182
 183
 184
 185
 186
 185
 182
 178
 173
 170
 168
 167
 167
 166
 166
 162
 158
 155
 153
 152
 152
 152
 152
 152
 154
 156
 157
 160
 164
 167
 170
 173
 173
 169
 167
 165
 169
 171
 174
 177
 178
 178
 178
 178
 178
 179
 179
 180
 180
 182
 186
 186
 191
 192
 192
 191
 191
 188
 188
 186
 186
 184
 181
 179
 178
 177
 175
 173
 172
 170
 168
 168
 168
 166
 165
 166
 167
 168
 166
 166
 163
 163
 162
 159
 158
 156
 155
 155
 153
 153
 153
 153
 153
 150
 150
 151
 151
 150
 150
 148
 148
 149
 149
 151
 151
 151
 151
 152
 153
 153
 155
 156
 157
 158
 159
 160
 161
 162
 162
 163
 163
 164
 166
 167
 166
 165
 166
 164
 161
 158
 157
 154
 152
 154
 154
 153
 152
 151
 150
 148
 147
 148
 147
 147
 146
 146
 146
 145
 146
 144
 142
 141
 138
 137
 135
 135
 136
 137
 138
 138
 138
 139
 140
 141
 141
 142
 143
 143
 144
 145
 146
 146
 145
 145
 145
 145
 145
 145
 145
 144
 143
 143
 143
 144
 144
 144
 144
 145
 145
 146
 146
 147
 147
 147
 150
 150
 151
 152
 153
 155
 153
 153
 153
 152
 152
 152
 151
 151
 151
 151
 151
 152
 152
 152
 152
 153
 152
 151
 150
 151
 152
 152
 151
 151
 151
