0.000000000000000000e+00
0.000000000000000000e+00
0.000000000000000000e+00
0.000000000000000000e+00
0.000000000000000000e+00
0.000000000000000000e+00
0.000000000000000000e+00
0.000000000000000000e+00
0.000000000000000000e+00
0.000000000000000000e+00
0.000000000000000000e+00
0.000000000000000000e+00
0.000000000000000000e+00
0.000000000000000000e+00
0.000000000000000000e+00
0.000000000000000000e+00
0.000000000000000000e+00
0.000000000000000000e+00
0.000000000000000000e+00
0.000000000000000000e+00
0.000000000000000000e+00
0.000000000000000000e+00
0.000000000000000000e+00
0.000000000000000000e+00
0.000000000000000000e+00
0.000000000000000000e+00
0.000000000000000000e+00
0.000000000000000000e+00
0.000000000000000000e+00
0.000000000000000000e+00
0.000000000000000000e+00
0.000000000000000000e+00
0.000000000000000000e+00
0.000000000000000000e+00
0.000000000000000000e+00
0.000000000000000000e+00
0.000000000000000000e+00
0.000000000000000000e+00
0.000000000000000000e+00
0.000000000000000000e+00
0.000000000000000000e+00
0.000000000000000000e+00
0.000000000000000000e+00
0.000000000000000000e+00
0.000000000000000000e+00
0.000000000000000000e+00
0.000000000000000000e+00
0.000000000000000000e+00
0.000000000000000000e+00
0.000000000000000000e+00
0.000000000000000000e+00
0.000000000000000000e+00
0.000000000000000000e+00
0.000000000000000000e+00
0.000000000000000000e+00
0.000000000000000000e+00
0.000000000000000000e+00
0.000000000000000000e+00
0.000000000000000000e+00
0.000000000000000000e+00
0.000000000000000000e+00
0.000000000000000000e+00
0.000000000000000000e+00
0.000000000000000000e+00
0.000000000000000000e+00
0.000000000000000000e+00
0.000000000000000000e+00
0.000000000000000000e+00
0.000000000000000000e+00
0.000000000000000000e+00
4.870541822393820164e-01
4.753948206827203204e-01
4.616418575668487789e-01
4.918512382281243212e-01
4.716483205073732088e-01
4.747539226784795452e-01
4.984883617539141998e-01
4.997453259468062625e-01
4.980164744422672651e-01
4.965310874839439781e-01
4.812760983008805282e-01
4.840907946059065381e-01
4.936361413096107542e-01
4.931624921765218050e-01
4.718476864462695097e-01
4.932163756267585741e-01
4.732426063325009813e-01
4.701042522114214917e-01
4.778451885256914666e-01
4.888754421487845891e-01
4.729971472302686442e-01
4.987608113042378277e-01
4.881099424766007222e-01
4.912018559735399359e-01
4.888526739959213607e-01
4.970644787248529317e-01
4.711188603848478484e-01
4.893487423564383265e-01
4.867180072644943234e-01
4.733380596869522505e-01
4.914713349695404299e-01
4.803191014413240034e-01
4.820027954818735805e-01
4.846194019031652700e-01
3.613828284947760983e-01
4.925451404863006588e-01
4.604791089222868838e-01
4.823333351588084961e-01
4.987185524062155983e-01
4.604497468847243979e-01
4.774283588250044508e-01
4.657783353492519485e-01
4.765916375874456601e-01
4.791965187985208763e-01
4.872154244357842501e-01
4.799529916796968498e-01
4.744759132101848964e-01
4.915922746324278281e-01
4.891448119692777263e-01
4.968168178772791599e-01
4.978983043795709440e-01
4.882909644429201945e-01
4.725095766925969110e-01
4.673218907305631831e-01
4.631534699467416694e-01
4.830418378641110344e-01
4.829919426441096064e-01
4.928782857520221938e-01
4.907302112762887414e-01
4.885952691311188367e-01
4.928279120129460122e-01
4.877620597928944979e-01
4.875366619195501960e-01
4.817649473323810105e-01
4.713483466114223863e-01
4.801729273223392380e-01
4.885873976400406660e-01
4.703505768533701725e-01
4.771001469974091025e-01
4.996557662034314395e-01
4.873019463954975095e-01
4.897817597986898197e-01
4.899966820986949023e-01
3.100477298451507768e-01
4.959179961163610595e-01
4.985611587551049273e-01
4.960504183526164290e-01
4.688674508288240284e-01
4.839271756850080375e-01
4.787279298137216976e-01
4.585172571848318279e-01
4.661719975976056363e-01
4.983815782479877887e-01
4.759853372343833544e-01
4.805118763511335711e-01
4.945272987069158077e-01
4.602328330983495031e-01
4.828082460901161332e-01
4.972835207265944857e-01
4.701388996364218587e-01
4.945021862622960840e-01
4.870576707060464972e-01
4.598649867676523617e-01
4.960970290130632399e-01
4.954056207250604471e-01
4.874626483233449048e-01
4.814437326049422206e-01
4.883348765104331690e-01
4.855054469332359957e-01
4.759359489480502470e-01
4.602676657207079303e-01
4.888397008201723071e-01
4.819333137262361011e-01
4.809295176911845271e-01
4.729928804665086139e-01
4.914226103612098773e-01
4.927126997819507026e-01
4.676568562199010515e-01
4.756804447645295308e-01
4.722325347910391047e-01
4.788057651453241359e-01
4.784857734782253513e-01
4.782273897785139782e-01
4.834188581906167514e-01
4.958018170125431112e-01
4.706580730332342033e-01
4.730858580282944481e-01
4.931443127441775265e-01
4.600537729925201491e-01
4.843217011944485062e-01
4.899441857063595585e-01
4.906257143574800916e-01
4.647957718021062945e-01
4.631496275928463358e-01
4.728090932435803917e-01
4.976762659058357463e-01
4.838113991969271721e-01
4.834318730067548864e-01
4.972562602067307491e-01
4.704392986152732270e-01
4.830941176111250290e-01
4.639441329523230628e-01
4.702479121480844793e-01
4.678518601066843918e-01
4.939945405369307596e-01
4.840595303605335631e-01
4.852829326442101299e-01
4.859629204436146654e-01
4.908976682027035299e-01
4.905697792955532321e-01
4.924315420727787274e-01
4.844386927539394150e-01
4.595924936446051934e-01
4.872251120838123617e-01
4.885234613630071165e-01
4.699984864545647123e-01
4.850357176367615097e-01
4.996489858308241216e-01
4.895936576942329088e-01
4.931932739991164993e-01
4.849045708173541080e-01
4.820589227492948492e-01
4.914320633417124107e-01
4.900745708361621267e-01
4.932666012683187828e-01
4.948484110942057423e-01
4.869007238355065881e-01
4.927888345950698912e-01
4.956916378599117712e-01
4.805936196329845256e-01
4.670667476930383533e-01
4.972107650991485217e-01
4.615890539023966843e-01
4.955752228090248290e-01
4.735957844002106620e-01
4.818909948600673121e-01
4.987868553756396039e-01
4.926403913227054843e-01
4.980398396222417978e-01
4.872685125687575280e-01
4.857976919093809909e-01
2.759330366361753550e-01
4.983149390339284834e-01
4.706601131751100286e-01
4.942725946919074298e-01
4.850395016173145168e-01
4.995319888778037010e-01
4.864515787088208310e-01
4.960089442152808004e-01
4.889159198055158528e-01
4.692685575900747419e-01
4.630608034104033988e-01
4.877164323705819871e-01
4.688029896634819393e-01
4.811193623862747293e-01
4.920338983714822589e-01
4.775243852073082218e-01
4.608160008447879097e-01
4.930354500013221508e-01
4.998272471597070554e-01
4.895271493570121923e-01
4.800352724267694104e-01
4.902861468020083824e-01
4.829250520676952596e-01
4.761693929480192433e-01
4.871387459636434270e-01
4.842184317775369840e-01
4.872309182390618942e-01
4.874275250388051539e-01
4.915412855610664655e-01
4.883306931297691778e-01
4.967259641651998181e-01
4.824246905847356937e-01
4.682328375702077272e-01
4.708965320003593025e-01
4.869007238355065881e-01
4.895233918671129114e-01
4.951040963821992658e-01
4.884033099078040618e-01
4.786755534841829474e-01
4.771693220536982194e-01
4.944541278945330243e-01
4.650423696592754785e-01
4.859249437022282181e-01
4.877746824017262228e-01
4.726630060836909397e-01
4.804478830055941008e-01
4.886508711225053814e-01
4.559233577317651220e-01
4.946288118007761692e-01
4.913630650257661547e-01
4.826907173638923521e-01
4.853633451460768189e-01
4.714900824806514401e-01
4.701828852382043400e-01
4.972648440082974020e-01
4.907432720659034575e-01
4.893073018466834734e-01
4.777482002660747851e-01
4.620795009317784641e-01
4.983900806958434515e-01
4.638098896621971612e-01
4.875159411777481577e-01
4.989125838205434871e-01
4.883386647205750775e-01
4.840908747648979826e-01
4.833998110930380343e-01
4.918006213580797814e-01
4.902846207487085439e-01
4.826977742222625656e-01
4.637908133928693721e-01
4.941872528316992308e-01
4.869007238355065881e-01
4.605476880952948937e-01
4.890561976339798944e-01
4.932339645574718157e-01
4.934713866592322917e-01
4.999667875441687892e-01
4.643363046523873994e-01
4.656107775678118288e-01
4.965479580554384431e-01
4.984382168191984208e-01
4.824049564212554708e-01
4.903155379910401068e-01
4.706238622522800896e-01
4.652235192612961812e-01
4.953012362381139511e-01
4.639376848786433971e-01
4.876275385701727139e-01
4.684042239094328708e-01
4.971691907111474018e-01
4.904231090066796250e-01
4.813135180002759972e-01
4.804943371057545098e-01
4.694433938512772575e-01
4.650726297615397353e-01
4.681897265995765833e-01
4.779440394946917747e-01
4.691220480180179342e-01
4.997572144627972501e-01
4.644944442737654056e-01
4.858620466005820759e-01
4.851807785396446970e-01
4.847963764597773006e-01
4.965716986483995066e-01
4.756330707386912104e-01
4.985732703285009615e-01
4.953699334763358442e-01
4.746894618004867672e-01
4.714952907055661724e-01
4.735228946399908101e-01
4.899870945559058333e-01
4.642351241103071513e-01
4.744591626075072566e-01
4.797802039672052210e-01
4.869007238355065881e-01
4.968444995146513721e-01
4.668645132344679261e-01
4.805590892015595417e-01
4.637079380571726972e-01
4.784297402841036218e-01
4.824343783146897158e-01
4.882377554374364714e-01
4.748225797320223540e-01
4.691088508059927387e-01
4.670803600102707565e-01
4.733027556569892602e-01
4.941713089424657479e-01
4.854118416284910476e-01
4.520352353710606064e-01
4.586574097088608193e-01
4.825675630138310801e-01
4.647431001007962248e-01
4.699631314857690700e-01
4.559903299449218350e-01
4.773859494869625020e-01
4.793826432425750128e-01
4.911021963188024753e-01
4.664904299610507787e-01
4.967429457764466760e-01
4.745422794000354605e-01
4.784384601337993148e-01
4.848934745451430328e-01
4.973498603738797930e-01
4.970184401099453919e-01
4.579484792587542041e-01
4.819948731595876112e-01
4.831389543394399300e-01
4.681128865282167539e-01
4.996749319348493534e-01
4.977944763167336806e-01
4.894028018109642941e-01
4.806793855219758660e-01
4.779480093219137249e-01
4.738439600612977531e-01
4.921858395571791500e-01
4.545441600883868283e-01
4.777634428444104131e-01
4.872626246857640897e-01
4.856950935963131322e-01
4.854080442861455347e-01
4.565454651931256103e-01
4.988900298065645500e-01
4.684127091349746808e-01
4.795053229093049207e-01
4.818041156459172969e-01
4.721788305993147583e-01
4.965909828821015726e-01
4.851035180761688603e-01
4.600387625021923887e-01
4.653663440507267435e-01
4.869007238355065881e-01
4.686044986554413483e-01
4.689744186992258479e-01
4.714618554461835753e-01
4.930092214013907514e-01
4.870724750440525996e-01
4.869007238355065881e-01
4.964006029814350129e-01
4.847132074051554440e-01
4.676469136000641624e-01
4.758969388394495015e-01
4.821722127596561602e-01
4.646645105046541269e-01
4.893369350418890207e-01
4.691220480180179342e-01
4.869007238355065881e-01
4.705226660863259802e-01
4.865440179216521388e-01
4.547616749828433114e-01
4.622595579721596182e-01
4.999436793184576788e-01
4.632937432983077475e-01
4.869007238355065881e-01
4.834128779961094358e-01
4.661289324137027346e-01
4.838723999392981479e-01
4.815319629778089805e-01
4.930853491209888362e-01
4.815138152777881930e-01
4.680367288148111204e-01
4.714916779711904593e-01
4.870746415797899687e-01
4.643033057181351064e-01
4.620937771891046597e-01
4.603673127526594078e-01
4.869007238355065881e-01
4.734944946290955414e-01
4.677206519041078314e-01
4.639636413777678547e-01
4.924667304667006418e-01
4.933305488262775262e-01
4.869007238355065881e-01
4.924739836367619805e-01
4.750747462057793302e-01
4.973759866779284833e-01
4.830326006179294085e-01
4.702289419922361380e-01
4.955881209927235354e-01
4.706131337576481277e-01
4.849039306615773315e-01
4.904318123900348603e-01
4.561972006338149699e-01
4.566256176144018464e-01
4.944962203984864524e-01
4.859702221067190298e-01
4.930021360885416537e-01
4.838997776246259375e-01
4.771938417569595581e-01
4.797747163831403427e-01
4.902860550758185165e-01
4.869007238355065881e-01
4.875151400494892595e-01
4.869007238355065881e-01
4.771152215842003885e-01
4.867706623894151319e-01
4.834974924488257275e-01
4.986236672078546706e-01
4.869007238355065881e-01
4.878070033933808447e-01
4.838277150055064757e-01
4.869007238355065881e-01
4.550819427226449054e-01
4.687547946353474160e-01
4.775830851999844362e-01
4.832603905285769996e-01
4.954663194268035253e-01
4.668942658176120641e-01
4.744591626075072566e-01
4.958829900085213183e-01
4.870704022423940627e-01
4.911336415469756966e-01
4.600331130805760949e-01
4.754175298593907306e-01
4.662197954852355108e-01
4.874834482725704521e-01
4.842090554187811202e-01
4.965459389058571316e-01
4.924751172385276599e-01
4.869007238355065881e-01
4.559903299449218350e-01
4.869007238355065881e-01
4.864711966208971061e-01
4.913728672149531018e-01
4.990515968886799492e-01
4.677002164000136353e-01
4.869007238355065881e-01
4.884930886171105491e-01
4.618180250741017456e-01
4.959780033557397161e-01
4.747425440024602983e-01
4.869007238355065881e-01
4.961833439010380209e-01
4.792697940249250887e-01
4.771198536085757280e-01
4.834542960404324408e-01
4.872987960032000299e-01
4.733478936527406589e-01
4.910212512777940574e-01
4.928140068585562528e-01
4.851540682720147379e-01
4.804607152631391598e-01
4.869007238355065881e-01
4.788217329460381366e-01
4.717349727082010280e-01
4.725369325335585513e-01
4.761700683713488425e-01
4.646279093277098093e-01
4.822928554620131703e-01
4.966076562252495497e-01
4.782097839061772437e-01
4.802820587172110800e-01
4.938246625679306168e-01
4.869007238355065881e-01
4.802251786428976543e-01
4.973259527153868209e-01
4.599196264676855828e-01
4.869007238355065881e-01
4.654846750353737739e-01
4.929670596161667140e-01
4.707739812283018854e-01
4.923506471816218588e-01
4.738725293582231046e-01
4.869007238355065881e-01
4.930017118999950321e-01
4.779763194209755706e-01
4.797375347450682503e-01
4.965291984249851076e-01
4.897623775021904824e-01
4.670474623259467939e-01
4.904199857014330255e-01
4.932758723314779048e-01
4.597355225185769667e-01
4.978587584496664831e-01
4.884913851170770149e-01
4.693333849565787252e-01
4.889053940646039820e-01
4.776224074675858855e-01
4.930754435358192245e-01
4.971691907111474018e-01
4.923881012609223062e-01
4.952554070879408021e-01
4.935649259702667990e-01
4.628857824919286879e-01
4.742660014243208488e-01
4.870640687799446811e-01
4.559903299449218350e-01
4.791801199581595672e-01
4.869007238355065881e-01
4.817489935223766007e-01
4.869007238355065881e-01
4.667693900504520932e-01
4.987012117637805164e-01
4.715948993133661782e-01
4.921148098547909466e-01
4.824050971236594210e-01
4.827140400918082941e-01
4.878170400080555913e-01
4.920917680511657788e-01
4.869007238355065881e-01
4.869007238355065881e-01
4.674039646695759553e-01
4.819514084007486265e-01
4.625383067954501604e-01
4.869007238355065881e-01
4.925576238078985813e-01
4.869007238355065881e-01
4.811759892210233369e-01
4.959371152065885635e-01
4.945018087750892577e-01
4.675580234624793219e-01
4.601197230730935117e-01
4.712400317039120434e-01
4.680571884692363849e-01
4.820772806288911028e-01
4.961483855654454933e-01
4.966028889854358086e-01
4.869007238355065881e-01
4.972764854505744014e-01
4.869007238355065881e-01
4.803386543325639524e-01
4.642043809244164043e-01
4.883659832335390250e-01
4.869007238355065881e-01
4.953109780273827756e-01
4.869007238355065881e-01
4.963836998134192324e-01
4.586574097088608193e-01
4.999559100203824213e-01
4.973160750520426721e-01
4.869007238355065881e-01
4.702289419922361380e-01
4.878503827900441125e-01
4.839618653305589047e-01
4.810136808138916198e-01
4.676500427758771283e-01
4.788331417931719902e-01
4.697537317758594955e-01
4.946745714713388087e-01
4.834837715337791386e-01
4.678770685639543903e-01
4.850380102153403206e-01
4.934663973685408656e-01
4.843873290412528121e-01
4.952026043856944115e-01
4.869007238355065881e-01
4.744591626075072566e-01
4.645055011786986543e-01
4.992479046245087426e-01
4.869007238355065881e-01
4.946281382229613666e-01
4.869007238355065881e-01
4.692093293867259929e-01
4.973860244694623400e-01
4.869007238355065881e-01
4.720902563610857028e-01
4.869007238355065881e-01
4.869007238355065881e-01
4.935879965096826583e-01
4.869007238355065881e-01
4.869007238355065881e-01
4.708578246033199299e-01
4.855623036100421563e-01
4.868544095899791646e-01
4.691220480180179342e-01
4.738049485182828091e-01
4.869007238355065881e-01
4.644354986561366472e-01
4.851301838375469133e-01
4.925691411274308873e-01
4.857331038956522740e-01
4.730980144423500566e-01
4.694989574245413411e-01
4.620181682062338702e-01
4.869007238355065881e-01
4.907021981490400364e-01
4.869007238355065881e-01
4.832001397820429034e-01
4.751902890963404791e-01
4.739605798194213016e-01
4.869007238355065881e-01
4.946028027744108213e-01
4.965459389058571316e-01
4.676500427758771283e-01
4.869007238355065881e-01
4.869007238355065881e-01
4.660428769001100369e-01
4.941872528316992308e-01
4.931670530504390637e-01
4.869007238355065881e-01
4.609014311580545975e-01
4.749166110467233359e-01
4.967786975758472501e-01
4.819848225828674004e-01
4.774883682238816318e-01
4.929411258888512504e-01
4.769685864859010693e-01
4.596709551857601217e-01
4.888840853555881383e-01
4.869445856614069146e-01
4.944412787918790464e-01
4.869007238355065881e-01
4.687547946353474160e-01
4.816769797164152656e-01
4.766364498882757483e-01
4.822711732829350062e-01
4.932215426767809774e-01
4.566039862544610806e-01
4.827277254264811801e-01
4.869007238355065881e-01
4.818141136292780069e-01
4.869007238355065881e-01
4.994272184179197049e-01
4.869007238355065881e-01
4.795791606254699579e-01
4.699631314857690700e-01
4.630742454807402209e-01
4.664030387187895199e-01
4.979314215122790932e-01
4.969450868207664906e-01
4.869007238355065881e-01
4.869007238355065881e-01
4.879115808737983229e-01
4.917776072959842981e-01
4.636634119738606841e-01
4.687547946353474160e-01
4.869007238355065881e-01
4.869007238355065881e-01
4.978865284847540651e-01
4.932337278081819765e-01
4.869007238355065881e-01
4.869007238355065881e-01
4.869007238355065881e-01
4.953237732032924612e-01
4.869007238355065881e-01
4.960089442152808004e-01
4.869007238355065881e-01
4.850553943633481024e-01
4.646279093277098093e-01
4.869007238355065881e-01
4.975437070307519583e-01
4.869007238355065881e-01
4.683205799269002378e-01
4.711147624128493860e-01
4.792742755852565928e-01
4.869007238355065881e-01
4.869007238355065881e-01
4.624258003899234803e-01
4.869007238355065881e-01
4.869007238355065881e-01
4.869007238355065881e-01
4.990531085095172292e-01
4.869007238355065881e-01
4.869007238355065881e-01
4.944429632305093469e-01
4.783820101598250663e-01
4.930830941953445179e-01
4.869007238355065881e-01
4.744113391524298895e-01
4.869007238355065881e-01
4.693027233824453304e-01
4.869007238355065881e-01
4.814945867969856463e-01
4.869007238355065881e-01
4.800531272933947768e-01
4.954839484881966571e-01
4.928951340012810434e-01
4.731709927764405355e-01
4.714869323681510349e-01
4.845761808931756121e-01
4.869007238355065881e-01
4.869007238355065881e-01
4.957645417260311826e-01
4.933844016904191943e-01
4.996206615683525532e-01
4.869007238355065881e-01
4.932732534412335168e-01
4.869007238355065881e-01
4.869007238355065881e-01
4.869007238355065881e-01
4.932134539891147584e-01
4.604601027889722031e-01
4.690679864541910105e-01
4.921639459815062012e-01
4.929195288204768488e-01
4.869007238355065881e-01
4.932911059906545104e-01
4.692327779485442329e-01
4.807785752104885568e-01
4.869007238355065881e-01
4.776449093796553136e-01
4.869007238355065881e-01
4.971061886280480069e-01
4.721864650100610072e-01
4.949915697495682054e-01
4.869007238355065881e-01
4.869007238355065881e-01
4.869007238355065881e-01
4.869007238355065881e-01
4.925674069539814348e-01
4.869007238355065881e-01
4.600375886334353570e-01
4.869007238355065881e-01
4.691220480180179342e-01
4.955005101213740271e-01
4.656296016923578973e-01
4.869007238355065881e-01
4.932236546271494548e-01
4.661757376733480229e-01
4.717344875745417276e-01
4.690491783041810248e-01
4.869007238355065881e-01
4.803246776063896939e-01
4.869007238355065881e-01
4.670594295035489507e-01
4.825680627422271884e-01
4.869007238355065881e-01
4.788299905101011111e-01
4.924636968110538415e-01
4.932567816400655336e-01
4.705603333835959301e-01
4.869007238355065881e-01
4.680130075952106394e-01
4.869007238355065881e-01
4.869007238355065881e-01
4.912683069760403476e-01
4.869007238355065881e-01
4.925111831026753317e-01
4.796650908040516748e-01
4.956506802506532305e-01
4.818229044575511599e-01
4.590016139379463067e-01
4.964950958340972331e-01
4.781990363410969502e-01
4.589281933198826602e-01
4.770569983063274733e-01
4.941806545385696303e-01
4.588872737443941974e-01
4.783887621777802579e-01
4.722325347910391047e-01
4.869007238355065881e-01
4.928179181729336888e-01
4.952515356132294322e-01
4.852327922102652735e-01
4.722325347910391047e-01
4.701337066578242241e-01
4.895862132404933953e-01
4.991592404448286224e-01
4.860551841818524510e-01
4.859007238355065872e-01
4.869007238355065881e-01
4.709697544201822406e-01
4.869007238355065881e-01
4.631857152110390174e-01
4.670150221594817075e-01
4.842625664107446659e-01
4.869007238355065881e-01
4.869007238355065881e-01
4.921707996651825123e-01
4.713701494036173778e-01
4.869007238355065881e-01
4.869007238355065881e-01
4.869007238355065881e-01
4.869007238355065881e-01
4.851595306964010534e-01
4.869007238355065881e-01
4.681897265995765833e-01
4.906207796138551402e-01
4.835757686143996037e-01
4.869007238355065881e-01
4.869007238355065881e-01
4.953142328921961157e-01
4.869007238355065881e-01
4.809012391308685741e-01
4.869007238355065881e-01
4.818296710934584781e-01
4.934003818041352019e-01
4.869007238355065881e-01
4.690332179756303566e-01
4.643956627482351274e-01
4.631950100806433990e-01
4.702289419922361380e-01
4.869007238355065881e-01
4.974971787385799038e-01
4.677132442718695549e-01
4.684127091349746808e-01
4.595584182849176136e-01
4.631818976835396784e-01
4.547616749828433114e-01
4.807123654527393208e-01
4.736251274946087775e-01
4.748997370030946241e-01
4.764670415280534144e-01
4.981117394321318281e-01
4.863003755458563671e-01
4.869007238355065881e-01
4.891130303764358311e-01
4.877525724004620478e-01
4.949385764043559566e-01
4.755433597957494651e-01
4.869007238355065881e-01
4.869007238355065881e-01
4.869007238355065881e-01
4.869007238355065881e-01
4.906985348912215605e-01
4.869007238355065881e-01
4.766057749865716398e-01
4.630636054756364639e-01
4.713218370160916493e-01
4.816486814203009281e-01
4.793206365549921855e-01
4.678770685639543903e-01
4.948473779307935860e-01
4.932331079189816725e-01
4.670763888520889640e-01
4.666206059191794764e-01
4.943223208948306913e-01
4.960089442152808004e-01
4.920699380464174100e-01
4.808441175678245250e-01
4.956927643270297446e-01
4.732145767504573608e-01
4.790396209545536022e-01
4.679365792761517873e-01
4.587413625897501235e-01
4.684127091349746808e-01
4.869007238355065881e-01
4.860984324715287297e-01
4.869007238355065881e-01
4.869007238355065881e-01
4.869007238355065881e-01
4.891454011137413294e-01
4.869007238355065881e-01
4.538963849747123525e-01
4.856298591990306779e-01
4.820237794764429817e-01
4.869007238355065881e-01
4.762434309766930829e-01
4.677132442718695549e-01
4.866879772062019383e-01
4.951360841700466198e-01
4.871319475579660718e-01
4.739152905687630257e-01
4.933141497842919998e-01
4.806653263749888771e-01
4.765637912352012617e-01
4.647833783401104646e-01
4.869007238355065881e-01
4.869007238355065881e-01
4.869007238355065881e-01
4.787375924266217830e-01
4.933506095448658701e-01
4.857498188307466380e-01
4.869007238355065881e-01
4.869007238355065881e-01
4.769874148361891719e-01
4.990509386981532569e-01
4.925867589197938656e-01
4.869007238355065881e-01
4.869007238355065881e-01
4.538963849747123525e-01
4.869007238355065881e-01
4.869007238355065881e-01
4.641389985617423997e-01
4.869007238355065881e-01
4.738429498287709540e-01
4.834559595261100906e-01
4.915913928874983130e-01
4.633509538717562881e-01
4.923861004111700912e-01
4.869007238355065881e-01
4.869007238355065881e-01
4.869007238355065881e-01
4.692327779485442329e-01
4.869007238355065881e-01
4.660375181026321645e-01
4.869007238355065881e-01
4.746094420206321551e-01
4.869007238355065881e-01
4.869007238355065881e-01
4.869007238355065881e-01
4.869007238355065881e-01
4.943261146512808457e-01
4.926688327853013805e-01
4.869007238355065881e-01
4.869007238355065881e-01
4.869007238355065881e-01
4.869007238355065881e-01
4.816905178491563966e-01
4.702289419922361380e-01
4.688783437479493998e-01
4.671325889389104091e-01
4.947875392537093853e-01
4.709857962820329647e-01
4.772692044607685369e-01
4.705591527629285897e-01
4.564702692585589361e-01
4.787634705127079005e-01
4.817086212658548416e-01
4.869007238355065881e-01
4.869007238355065881e-01
4.684127091349746808e-01
4.999559100203824213e-01
4.894578252687332709e-01
4.713795289736849581e-01
4.868326873958246925e-01
4.973860244694623400e-01
4.869007238355065881e-01
4.605899598586956079e-01
4.682601298778716892e-01
4.869007238355065881e-01
4.728188262997062297e-01
4.697398382658201088e-01
4.538963849747123525e-01
4.869007238355065881e-01
4.869007238355065881e-01
4.688377222519835574e-01
4.701578546970611727e-01
4.869007238355065881e-01
4.869007238355065881e-01
4.773706442080209444e-01
4.869007238355065881e-01
4.630768743429515277e-01
4.897718974015628501e-01
4.754516465117144541e-01
4.919888821427012005e-01
4.869007238355065881e-01
4.770190488331046974e-01
4.869007238355065881e-01
4.869007238355065881e-01
4.869007238355065881e-01
4.869007238355065881e-01
4.869007238355065881e-01
4.868875128732054192e-01
4.799476263205701421e-01
4.869007238355065881e-01
4.869007238355065881e-01
4.847590256275143283e-01
4.848572456955517196e-01
4.993575684393219416e-01
4.761212491489424936e-01
4.869007238355065881e-01
4.725204097836630535e-01
4.818258398554398081e-01
4.594921307273028277e-01
4.869007238355065881e-01
4.869007238355065881e-01
4.869007238355065881e-01
4.869007238355065881e-01
4.869007238355065881e-01
4.787447961905902938e-01
4.859169370107406238e-01
4.773696642844718063e-01
4.921221309161716850e-01
4.869007238355065881e-01
4.869007238355065881e-01
4.995118964695456909e-01
4.713666619697159943e-01
4.801479344567033403e-01
4.869007238355065881e-01
4.869007238355065881e-01
4.599037208589754622e-01
4.869007238355065881e-01
4.869007238355065881e-01
4.869007238355065881e-01
4.869007238355065881e-01
4.981437928701752949e-01
4.725161495627404618e-01
4.964162931381816413e-01
4.784424294109416720e-01
4.890011111659708365e-01
4.737909761400948550e-01
4.713624764100218245e-01
4.655182881309857801e-01
4.973860244694623400e-01
4.909230729133747251e-01
4.714491542332632790e-01
4.960089442152808004e-01
4.900939846709732595e-01
4.719097449979542391e-01
4.714869323681510349e-01
4.823130457522113446e-01
4.974496741958494006e-01
4.677002164000136353e-01
4.869007238355065881e-01
4.742109093324469726e-01
4.632668089018255331e-01
4.869007238355065881e-01
4.954828713734088508e-01
4.772020771851843146e-01
4.719071169644682984e-01
4.869007238355065881e-01
4.749669529514921607e-01
4.854168403509898089e-01
4.904614588819479204e-01
4.763044823440653053e-01
4.869007238355065881e-01
4.869007238355065881e-01
4.869007238355065881e-01
4.958977338651137656e-01
4.735597853173710292e-01
4.678942476002275752e-01
4.885798028409998883e-01
4.869007238355065881e-01
4.804190483227146480e-01
4.936670990199312214e-01
4.755841014290168589e-01
4.869007238355065881e-01
4.986726700611324725e-01
4.869007238355065881e-01
4.817683523528357714e-01
4.949304911577908639e-01
4.865519431602078892e-01
4.869007238355065881e-01
4.718275871363590834e-01
4.687547946353474160e-01
4.961675913664240767e-01
4.988931644735280502e-01
4.559903299449218350e-01
4.677132442718695549e-01
4.733936601721957516e-01
4.869007238355065881e-01
4.896576862306370459e-01
4.869007238355065881e-01
4.869007238355065881e-01
4.984912841898939684e-01
4.869007238355065881e-01
4.975803065890398447e-01
4.826624667423532467e-01
4.983879040098378455e-01
4.748556190338543148e-01
4.726563361630538029e-01
4.869007238355065881e-01
4.869007238355065881e-01
4.808441175678245250e-01
4.999559100203824213e-01
4.869007238355065881e-01
4.566256176144018464e-01
4.869007238355065881e-01
4.964046986315714394e-01
4.745603102534120543e-01
4.869007238355065881e-01
4.795531059949613706e-01
4.869007238355065881e-01
4.869007238355065881e-01
4.869007238355065881e-01
4.869007238355065881e-01
4.744320108358721644e-01
4.975715297253286984e-01
4.727585432964687695e-01
4.778186498079364242e-01
4.884364997446001277e-01
4.869007238355065881e-01
4.589139931566611486e-01
4.685635422584935039e-01
4.835267610790637827e-01
4.869007238355065881e-01
4.869007238355065881e-01
4.941068410403309241e-01
4.934059083863792661e-01
4.810288882283491052e-01
4.957855242720601852e-01
4.869007238355065881e-01
4.729614496799902645e-01
4.666369305509356358e-01
4.869007238355065881e-01
4.913538831277060592e-01
4.667903651824024114e-01
4.904340874858724719e-01
4.869007238355065881e-01
4.869007238355065881e-01
4.869007238355065881e-01
4.986134131139929315e-01
4.849403377855882047e-01
4.869007238355065881e-01
4.719618891650075865e-01
4.869007238355065881e-01
4.869007238355065881e-01
4.869007238355065881e-01
4.716474948371830456e-01
4.983949378424252785e-01
4.829174344850493128e-01
4.728752347804343059e-01
4.699541284003043162e-01
4.591754706328706193e-01
4.952466515988554474e-01
4.930750581715719338e-01
4.717349727082010280e-01
4.882652098069370505e-01
4.869007238355065881e-01
4.650856501208613936e-01
4.538963849747123525e-01
4.677132442718695549e-01
4.968178817038483297e-01
4.864534489810791174e-01
4.985121489101023151e-01
4.869007238355065881e-01
4.698011982842729695e-01
4.564702692585589361e-01
4.995565263788331878e-01
4.754637330539248641e-01
4.594712934872259291e-01
4.642666287205049480e-01
4.869007238355065881e-01
4.869007238355065881e-01
4.804227653116925900e-01
4.876128432667266033e-01
4.869007238355065881e-01
4.869007238355065881e-01
4.731327119496869793e-01
4.775589163706425722e-01
4.869007238355065881e-01
4.726714209945676037e-01
4.797185614764864492e-01
4.882091781941835240e-01
4.869007238355065881e-01
4.869007238355065881e-01
4.869007238355065881e-01
4.869007238355065881e-01
4.720901643240761891e-01
4.677002164000136353e-01
4.726693711542757637e-01
4.871818663120252579e-01
4.916718154382839767e-01
4.827935684798776439e-01
4.643539203506225621e-01
4.642564255514439742e-01
4.832863213239187439e-01
4.772784650109593851e-01
4.686399480919503091e-01
4.945970985831381617e-01
4.754043398061382208e-01
4.869007238355065881e-01
4.804400380492409584e-01
4.869007238355065881e-01
4.869007238355065881e-01
4.869007238355065881e-01
4.869007238355065881e-01
4.674859027614383655e-01
4.869007238355065881e-01
4.624785698368737985e-01
4.869007238355065881e-01
4.979314215122790932e-01
4.719243090021090770e-01
4.869007238355065881e-01
4.929711818171065296e-01
4.898430170221686475e-01
4.745584923823902290e-01
4.722325347910391047e-01
4.931076892001547973e-01
4.736967477115919256e-01
4.964308935340705498e-01
4.972711123610723538e-01
4.599342161609222823e-01
4.979314215122790932e-01
4.987733154953522541e-01
4.761800032503255564e-01
4.633842905440797022e-01
4.869007238355065881e-01
4.867728420564105818e-01
4.863455277905434082e-01
4.997827769045395940e-01
4.838723999392981479e-01
4.929804659057396843e-01
4.731767938111393068e-01
4.797516095025515237e-01
4.788226336983675835e-01
4.902061251791892671e-01
4.854861270269648088e-01
4.869007238355065881e-01
4.686421884619063616e-01
4.743253728473282305e-01
4.670703895853952625e-01
4.779238093916012842e-01
4.869007238355065881e-01
4.869007238355065881e-01
4.840440371548343501e-01
4.906992151463244189e-01
4.884649275405077984e-01
4.734603964790726205e-01
4.694989574245413411e-01
4.932706082877500453e-01
4.924350488639055445e-01
4.979314215122790932e-01
4.707937295484940776e-01
4.855015886239957834e-01
4.869007238355065881e-01
4.960590683178319749e-01
4.653896652097218589e-01
4.786984760033678454e-01
4.869007238355065881e-01
4.700523998170811346e-01
4.628655513303309155e-01
4.908429206686254487e-01
4.888847550596032709e-01
4.777171729032945180e-01
4.732765516395491812e-01
4.999559100203824213e-01
4.869007238355065881e-01
4.869007238355065881e-01
4.869007238355065881e-01
4.545441600883868283e-01
4.869007238355065881e-01
4.905730052636029237e-01
4.923949452144075201e-01
4.869007238355065881e-01
4.902299409485816328e-01
4.698718451861123024e-01
4.869007238355065881e-01
4.793149293893468887e-01
4.869007238355065881e-01
4.752356801732975922e-01
4.703987392934949607e-01
4.693563888765751591e-01
4.850774771863819446e-01
4.869007238355065881e-01
4.618807390590315975e-01
4.786202557240920030e-01
4.662537444336206094e-01
4.869007238355065881e-01
4.699236246265217076e-01
4.956266736921012273e-01
4.614649237558559047e-01
4.841846800216407232e-01
4.650035903061860432e-01
4.664822909039226251e-01
4.564702692585589361e-01
4.646006038137380223e-01
4.605801613140703687e-01
4.838941295287361166e-01
4.869007238355065881e-01
4.869007238355065881e-01
4.952821539655480887e-01
4.876187065361857753e-01
4.869007238355065881e-01
4.705678349904879876e-01
4.914370585788142565e-01
4.712722232153899737e-01
4.869007238355065881e-01
4.714869323681510349e-01
4.991418958480960399e-01
4.869007238355065881e-01
4.782695339068639973e-01
4.869007238355065881e-01
4.869007238355065881e-01
4.869007238355065881e-01
4.869007238355065881e-01
4.689121433114666337e-01
4.869007238355065881e-01
4.934957933802888164e-01
4.869007238355065881e-01
4.621116972840237369e-01
4.680324099572088503e-01
4.869007238355065881e-01
4.975122353844396161e-01
4.869007238355065881e-01
4.724468993135848560e-01
4.794044735800307988e-01
4.708894287407079382e-01
4.735434096947626070e-01
4.995305637002512844e-01
4.779752499557470280e-01
4.869007238355065881e-01
4.909451951778201484e-01
4.795535226317232391e-01
4.869007238355065881e-01
4.972926858021149976e-01
4.750706809608651882e-01
4.828862310562506699e-01
4.911925377376906710e-01
4.891607101632836629e-01
4.869007238355065881e-01
4.869007238355065881e-01
4.835415101763018142e-01
4.869007238355065881e-01
4.926327763902761947e-01
4.924705190093471296e-01
4.869007238355065881e-01
4.889712823658070584e-01
4.790600201390907698e-01
4.945123298108909937e-01
4.858632342902287071e-01
4.591707260940996460e-01
4.560478832744540023e-01
4.869007238355065881e-01
4.953784049972370096e-01
4.702937749437720028e-01
4.994824950622236970e-01
4.860399621596365738e-01
4.786847653057857421e-01
4.869007238355065881e-01
4.860237631620042964e-01
4.903426414798176536e-01
4.658617209463156716e-01
4.853550235329113782e-01
4.836042100402190846e-01
4.762101924394120944e-01
4.951599556872985919e-01
4.667883345876813195e-01
4.681095838135562737e-01
4.869007238355065881e-01
4.777026119012733330e-01
4.827884527405482129e-01
4.805181420199199915e-01
4.914992531198771886e-01
4.792251398837275023e-01
4.952605317459191636e-01
4.854338112868010202e-01
4.847066327309452194e-01
4.869007238355065881e-01
4.957418688181453037e-01
4.869007238355065881e-01
4.987789085787427412e-01
4.931094916262649397e-01
4.869007238355065881e-01
4.664167017296710349e-01
4.869007238355065881e-01
4.687547946353474160e-01
4.744436653737167386e-01
4.869007238355065881e-01
4.717234033332892151e-01
4.869007238355065881e-01
4.662105765047622752e-01
4.633397294606587669e-01
4.869007238355065881e-01
4.882861748178933814e-01
4.790967427371815579e-01
4.869007238355065881e-01
4.869007238355065881e-01
4.869007238355065881e-01
4.687547946353474160e-01
4.685749433862992919e-01
4.709324935218373587e-01
4.699541284003043162e-01
4.691378437719849748e-01
4.770490370655513512e-01
4.780968130544010486e-01
4.981577077473221538e-01
4.624478811303356918e-01
4.873752755485099564e-01
4.869007238355065881e-01
4.792600277457385038e-01
4.642394958574274644e-01
4.869007238355065881e-01
4.791151110914695366e-01
4.928655441690431016e-01
4.869007238355065881e-01
4.721049462829778331e-01
4.989400485339108293e-01
4.739900315220685334e-01
4.931926221512224484e-01
4.869007238355065881e-01
4.948949232363374362e-01
4.761043278581708060e-01
4.712094524746770485e-01
4.840554516385655037e-01
4.986673634713835734e-01
4.633754986460092984e-01
4.899949840852339533e-01
4.869007238355065881e-01
4.869007238355065881e-01
4.991957753225820249e-01
4.869007238355065881e-01
4.740025365754676479e-01
4.869007238355065881e-01
4.869007238355065881e-01
4.551179509611354423e-01
4.735972292544661233e-01
4.869007238355065881e-01
4.869007238355065881e-01
4.869007238355065881e-01
4.941999591551116677e-01
4.524498020168864487e-01
4.869007238355065881e-01
4.762761619840259475e-01
4.719459339725097236e-01
4.920699546300260074e-01
4.869007238355065881e-01
4.759190310017224479e-01
4.609914706871369172e-01
4.869007238355065881e-01
4.869007238355065881e-01
4.869007238355065881e-01
4.869007238355065881e-01
4.881247421647308959e-01
4.727585432964687695e-01
4.807505597678854992e-01
4.859918511120546181e-01
4.828862310562506699e-01
4.869007238355065881e-01
4.618938880511323508e-01
4.653282623670459972e-01
4.929118945711739030e-01
4.809366659588563686e-01
4.654343860033940405e-01
4.869007238355065881e-01
4.869007238355065881e-01
4.639900399638802742e-01
4.807598980431507241e-01
4.887818841268173342e-01
4.844153603327797097e-01
4.909283912194104538e-01
4.869007238355065881e-01
4.689842112231873417e-01
4.869007238355065881e-01
4.984113719841781198e-01
4.917023013250597652e-01
4.869007238355065881e-01
4.647772610883326161e-01
4.851319450468431493e-01
4.942256352240836925e-01
4.655391734584128915e-01
4.969559743878937397e-01
4.750380297483083325e-01
4.586574097088608193e-01
4.728743054296078996e-01
4.943330791500730736e-01
4.956264595338288892e-01
4.965315712911184121e-01
4.837796276652368554e-01
