1.356696578031122216e-02
-2.002281257302400592e-03
1.980487803701153765e-02
9.133588933409830107e-03
7.033123656840317879e-03
1.239956067674796714e-02
-1.435641571376880705e-02
1.128714200579157209e-02
-1.365940502815568211e-02
-1.195843594820651321e-03
2.190595590481224375e-02
8.152956706035463866e-03
1.216460275899513416e-02
1.396945762089282610e-02
1.896703568425886152e-02
1.081350351663212285e-02
6.890510702750498283e-03
1.382615259339849134e-02
1.176033141872579943e-02
2.122065118939952307e-04
3.687329682872165105e-03
5.145335147103638311e-03
-8.611483257756785172e-05
1.006056810883462597e-02
1.142707895010646943e-02
4.380385366499962851e-03
6.415008751231136147e-03
-1.099992650950164371e-03
5.658244142081229368e-03
1.426525337274605829e-02
-1.748185596821733717e-02
-9.109310879270799202e-03
-4.414169169618840580e-03
9.242000951008648782e-03
-5.558307697954885038e-03
-1.757299452922566826e-02
1.353306700443542704e-02
1.149062705150851425e-02
-2.511285037315425656e-02
-2.614826261907183223e-03
6.781462771794635400e-03
5.708890866663233685e-03
4.346752080930545853e-03
8.230168094707186049e-03
8.143754092501353375e-03
6.951420372951540999e-03
5.723190709599285976e-03
-3.158200668424976506e-04
1.730380112393888579e-03
2.809613020504911438e-03
3.410102515383265503e-02
3.712182378095623542e-02
3.263722240439217992e-02
3.544839327710667953e-02
4.042338968360196377e-02
3.947453312586403362e-02
3.470301602039300992e-02
-6.648832343874181219e-03
3.285358801576281074e-02
3.693644746617860686e-02
1.116828836712618553e-02
9.651541264850335700e-03
9.110871155032304256e-03
2.177776773716503730e-02
7.671909510367994588e-03
1.046304144164553196e-02
4.029236753816169483e-03
9.085853801121110060e-03
-2.535793462188302289e-02
-3.774869539275551005e-03
5.942588604945756720e-02
6.089783553132664673e-02
5.854400568243638830e-02
5.795849315287440046e-02
5.864815010390408284e-02
5.970229800156676842e-02
5.192693886587004815e-02
5.970463782000541564e-02
5.675586283107195845e-02
5.670429220996552749e-02
5.195978169392402590e-02
5.847221000593789964e-02
4.813759707990253323e-02
5.996714853427086156e-02
5.848476349740192037e-02
4.904972293568845426e-02
5.988270454223309364e-02
5.700241378895200273e-02
5.846805806609946948e-02
5.913549139646461644e-02
6.010690542663569419e-02
5.929944890863486640e-02
5.467247318298387726e-02
5.867713443327602502e-02
5.795017226008490618e-02
5.831311361750237537e-02
5.682536194908127669e-02
6.096052656725246821e-02
4.742815736127022758e-02
5.358446317220505462e-02
5.746569159475875543e-02
5.005813747266713715e-02
5.980638101062100975e-02
5.253439470757934049e-02
5.643754103615523238e-02
5.735315897832726079e-02
6.107406577347350429e-02
4.527381654190398841e-02
5.024940264583998423e-02
4.721355403714586063e-02
5.864277612109825705e-02
5.468803810715745090e-02
5.472480494287100539e-02
5.601614391915524932e-02
5.730326880734255141e-02
6.037988616450049029e-02
5.805831882050313530e-02
5.730587374351290425e-02
5.862583526296807901e-02
6.036285709997882970e-02
5.729474923700125788e-02
6.145689456074945878e-02
5.790151809197931210e-02
5.915558459286734266e-02
5.949292808601089333e-02
5.913655894324926221e-02
5.813320722245836347e-02
4.329723421762134844e-02
4.949779447843974389e-02
5.745841641975062142e-02
5.995314928019014611e-02
5.722859499597548333e-02
4.617151542264959219e-02
5.139470417104314431e-02
5.822218389633048580e-02
5.394695002055745897e-02
5.717095333121673811e-02
4.883359892074604774e-02
5.553072407185546955e-02
6.105317598399560147e-02
5.783122273559423987e-02
4.607437544290877984e-02
5.577676486730849537e-02
5.929529734325314494e-02
4.973660985739247059e-02
4.687718147842021010e-02
6.000504086684124022e-02
5.987678891799574910e-02
6.105264846987877581e-02
5.028823415918016321e-02
6.061899539265101083e-02
5.724166913908258075e-02
5.337720867872083191e-02
5.332180373410394525e-02
5.945981215795974328e-02
5.038258709831077570e-02
6.007099784965593686e-02
5.613010940392906128e-02
4.663185392822228464e-02
5.393310084272074506e-02
4.703017622802202480e-02
6.003678731403407770e-02
5.826262578629301525e-02
6.119327998827783083e-02
4.974776941230320271e-02
4.690090608803662575e-02
5.482914024372925743e-02
5.640370747672464324e-02
4.607020033273029336e-02
5.967893866344684689e-02
5.977884627764947639e-02
5.603429923565824561e-02
5.119172939307860964e-02
4.671222219934735576e-02
6.053477284243794637e-02
5.613527801585395383e-02
5.787329471768479228e-02
5.922979659493628896e-02
6.096155558490891357e-02
6.236689286988392200e-02
5.267018382822039740e-02
5.144676878641081530e-02
5.134781377062191954e-02
5.604297301324846770e-02
6.133770922633555861e-02
6.089226216251677343e-02
5.889890759343317100e-02
5.126873751668677148e-02
6.036796160967721619e-02
5.878579699269194381e-02
5.196703624361317247e-02
5.988903601265446047e-02
5.929095382729513558e-02
6.051053857481314413e-02
5.888836167329020849e-02
6.101282186760502435e-02
6.166410860510963127e-02
6.029268233716243014e-02
5.476838651401056551e-02
6.076874842205100963e-02
6.001703028352713826e-02
6.110606614726022540e-02
5.686357077945440597e-02
6.085496808907638749e-02
4.935278341097794341e-02
4.574554550470948805e-02
5.726253474211896732e-02
5.919618568798229452e-02
5.835554773957587343e-02
4.372504177920802371e-02
4.501889492256224562e-02
6.175819411854101271e-02
6.137285559805703145e-02
5.231986478268739471e-02
5.223682675210260251e-02
5.637147663519706531e-02
4.953188806473465128e-02
4.416567503944068135e-02
4.833925035515719559e-02
5.921102753721779050e-02
5.043376634629205546e-02
5.162251804419317608e-02
5.706748178552908252e-02
6.018632940463382319e-02
5.397240640496740738e-02
5.027844372531915795e-02
6.236689286988392200e-02
6.049771483345428580e-02
4.611894224999633918e-02
6.154151487621182387e-02
5.400800589101682064e-02
5.006936622081539778e-02
6.017945786946408970e-02
5.868855628569637217e-02
6.138905945452024365e-02
4.630614528726628015e-02
5.310155085125214947e-02
4.620361197672705894e-02
5.281731465226975619e-02
5.269466861133269286e-02
5.733935603186859215e-02
6.151440930185111261e-02
5.258879954310817506e-02
6.020584763812189544e-02
5.731698820719086096e-02
5.367736126389487800e-02
5.556900735989366708e-02
4.478205646941029600e-02
6.050940303563059897e-02
4.915295805383610578e-02
5.341876989979095491e-02
6.236689286988392200e-02
5.679125566539604264e-02
5.744922374705193485e-02
6.060796513689238607e-02
4.859631752637178642e-02
4.851389204463075339e-02
6.236689286988392200e-02
5.329295897492287298e-02
5.809505393610257112e-02
5.522196512457255846e-02
6.121178085555550180e-02
6.006162047052052838e-02
5.298947868349451751e-02
6.215533255020085079e-02
5.424451132931665948e-02
4.874405191210398613e-02
4.908192767089853553e-02
5.933263834980918860e-02
5.550958792052709811e-02
4.550125960218533855e-02
5.096948190962190262e-02
6.143809492604920125e-02
6.104813530585966042e-02
5.493268582486900836e-02
6.236689286988392200e-02
4.995694101048640812e-02
4.255113280938829790e-02
5.553605809090601808e-02
4.497860867066794804e-02
4.909119038038845667e-02
6.108006305656171753e-02
5.933573954217305491e-02
4.898529055510122965e-02
5.225997630709662556e-02
5.455735442225616294e-02
4.675612564474789651e-02
6.127742986479749188e-02
6.107163948975076473e-02
4.036286984475184747e-02
4.823373353660419943e-02
6.130149603401490593e-02
6.215777193968056308e-02
5.362627059390770445e-02
5.429302171725554349e-02
4.270374126601329812e-02
5.093267129358424600e-02
4.965448725657339857e-02
5.867251694276755941e-02
5.977967388183751812e-02
5.661544595476468433e-02
6.143805984446468887e-02
5.784481944221698396e-02
5.230721054954058646e-02
5.236014182603308809e-02
5.950106147435395981e-02
5.931924041350555843e-02
3.943224879903823449e-02
6.236464980829298926e-02
5.697337648142841021e-02
6.217700191158095913e-02
6.208465258650512630e-02
6.236689286988392200e-02
5.889982601292016728e-02
6.105321200389526859e-02
6.181357030376799511e-02
4.158979284080092237e-02
6.069271584246153234e-02
5.737173270308278811e-02
5.609031983427175544e-02
6.127444240543816756e-02
6.197760076774682519e-02
5.693219311551496464e-02
4.343965924322901184e-02
5.618037654405386855e-02
6.151918746876362115e-02
4.954805190355311695e-02
5.998240063725662763e-02
6.148494989957328793e-02
6.237014186294102813e-02
6.096155558490891357e-02
4.588344542408224341e-02
6.050940303563059897e-02
4.373885364562792727e-02
5.580279989978888938e-02
6.158861563287531399e-02
6.140943642453460666e-02
5.206513861009145344e-02
6.183466979862280860e-02
4.483650002454721284e-02
6.136260677395002916e-02
5.123112393752175808e-02
5.912706331503741336e-02
5.183023062192695235e-02
6.141700910412775660e-02
5.351395287203749435e-02
4.613240661034507389e-02
6.009031757160459425e-02
5.912243259368734488e-02
5.657343920694172384e-02
5.315716663260257324e-02
4.483919766437820947e-02
6.146611590749904985e-02
6.236689286988392200e-02
5.421959484098162751e-02
6.236689286988392200e-02
5.207499689365713280e-02
5.616383493720959741e-02
5.141715331712884418e-02
5.817047239302224754e-02
6.236689286988392200e-02
4.266668153551304160e-02
4.301803605439062650e-02
6.152976298391844845e-02
6.099628842351137448e-02
5.303599027947351885e-02
6.037203698088488418e-02
4.306699441566907982e-02
5.640863889972475703e-02
6.131548880533556345e-02
6.236689286988392200e-02
5.708135199854347946e-02
5.553215213229110991e-02
6.236689286988392200e-02
6.208465258650512630e-02
6.239687893318079243e-02
5.189540572637810212e-02
5.767481550370139737e-02
5.831179388121299906e-02
5.980408408456014402e-02
5.293780011612777420e-02
5.076993981674696177e-02
6.236689286988392200e-02
4.878537739023917214e-02
5.090642223854806997e-02
6.162772820817077196e-02
6.152491320989073725e-02
6.151440930185111261e-02
6.166410860510963127e-02
6.130149603401490593e-02
4.474913013051769889e-02
5.335566981432454670e-02
6.236689286988392200e-02
5.937381182178480543e-02
6.236689286988392200e-02
5.813127304950191365e-02
6.175819411854101271e-02
6.096155558490891357e-02
5.154874490509296636e-02
4.427766551027442071e-02
5.461299497960335481e-02
5.911227350692649374e-02
4.445505497451944510e-02
6.171971757006345510e-02
5.762694975862225205e-02
6.016494644581334150e-02
5.621695870156619146e-02
4.270768486467973329e-02
5.793144565408724772e-02
5.864130201193849118e-02
5.725751594199756517e-02
6.236689286988392200e-02
5.214925523610074165e-02
6.153337508138900097e-02
5.708174756182864129e-02
4.111682891188635919e-02
5.170533876421578440e-02
6.236689286988392200e-02
4.197603890809273319e-02
5.449997705345554361e-02
5.735833957538580274e-02
5.377639388053308961e-02
5.956972099185150332e-02
5.357802545345824452e-02
5.526238374372642592e-02
6.183466979862280860e-02
6.236689286988392200e-02
6.086767481466462404e-02
5.424984070002988185e-02
6.236689286988392200e-02
5.791580104736792495e-02
6.236689286988392200e-02
5.909552189759779972e-02
6.236689286988392200e-02
5.534475083966348269e-02
5.518415610313836400e-02
6.236689286988392200e-02
4.288673189331219243e-02
4.209353017216832527e-02
6.165516376065784815e-02
6.046815767655707580e-02
6.078982752719133686e-02
5.874192116129458435e-02
6.224141236013116391e-02
5.929681440138491466e-02
5.599238268662318913e-02
6.236689286988392200e-02
5.789099418612703857e-02
6.236689286988392200e-02
5.991050344461935906e-02
6.023402609207895858e-02
5.714052964478000263e-02
6.236689286988392200e-02
4.134671518812620822e-02
5.604812274237092051e-02
4.316405237923955779e-02
4.205479140776048619e-02
6.200834206414596039e-02
6.236689286988392200e-02
5.902963110449115092e-02
5.378170079733975845e-02
5.260426236688449386e-02
5.947402974322211350e-02
6.236689286988392200e-02
4.488718217629941720e-02
6.195079252371404194e-02
4.182362251305080103e-02
5.887295912666895559e-02
6.042584753526648172e-02
4.713463657231502235e-02
5.761644908059927045e-02
6.236689286988392200e-02
6.156054313792746341e-02
6.236689286988392200e-02
6.118630367489569927e-02
5.336057846469496185e-02
6.161075584715920012e-02
4.089019708442300644e-02
6.236689286988392200e-02
4.380578888972996160e-02
6.191862346431590419e-02
6.236689286988392200e-02
6.186820464029381406e-02
6.177679422350284416e-02
5.199484267381812574e-02
6.148714258529689586e-02
6.229408672943825831e-02
5.453851995473411179e-02
6.236689286988392200e-02
5.892569983089675223e-02
5.779925030946795467e-02
5.424787592993127183e-02
6.236689286988392200e-02
5.582782297674133976e-02
5.399904837399809726e-02
5.824101261268869317e-02
4.344709035993760127e-02
6.045207748932390074e-02
5.819489743229962903e-02
6.236689286988392200e-02
6.208465258650512630e-02
6.236689286988392200e-02
4.248366050966405350e-02
6.236689286988392200e-02
4.345126276822182387e-02
6.147329213059608832e-02
6.236689286988392200e-02
4.208781305467695216e-02
6.161075584715920012e-02
6.130519231849439893e-02
6.157404973561000916e-02
6.236689286988392200e-02
5.161853852759844263e-02
4.556075780194070168e-02
6.118467622110117243e-02
5.452503204931478942e-02
4.485583761610916625e-02
5.602637451962347998e-02
5.978711755790306476e-02
5.181031925691068074e-02
5.714274004141077501e-02
5.692404603054151968e-02
6.236689286988392200e-02
4.637387494971895868e-02
6.236689286988392200e-02
5.601219009112799047e-02
6.013193103840849124e-02
6.138792993103623502e-02
5.272616775707180542e-02
4.218884081831024424e-02
5.548045190634601914e-02
5.549085413021848795e-02
5.677121689470013971e-02
6.236689286988392200e-02
5.879074040049125927e-02
4.459214119175668872e-02
5.801052148685878485e-02
6.236689286988392200e-02
6.189280564729072315e-02
5.827099390424157754e-02
6.048247314276253284e-02
5.683531471368775956e-02
5.118535512070445520e-02
6.236689286988392200e-02
4.112020917713159196e-02
6.063052936464158327e-02
6.169726527786725118e-02
6.208465258650512630e-02
4.141266393339546048e-02
6.217700191158095913e-02
5.861619076843205267e-02
5.398025757718458162e-02
6.140943642453460666e-02
4.267621780371499279e-02
6.236689286988392200e-02
5.253153958002246965e-02
5.763583383299678009e-02
4.704506945096383064e-02
4.438684822459870727e-02
6.096155558490891357e-02
3.955338726991357995e-02
6.153199767445115265e-02
4.191715348154004955e-02
5.890611346103025170e-02
4.621751428968028791e-02
4.500609845570780615e-02
6.208465258650512630e-02
6.140632481963182593e-02
6.236689286988392200e-02
6.201179004912502069e-02
6.236689286988392200e-02
6.057099789089265274e-02
4.537263652160222066e-02
6.233987194122152242e-02
4.081760132741947544e-02
5.442223125390946437e-02
4.571941863291227592e-02
4.222957528645068792e-02
4.361658024860030208e-02
6.236689286988392200e-02
6.236689286988392200e-02
5.461624810240209293e-02
6.021507443556375905e-02
5.756823277915141396e-02
6.236689286988392200e-02
5.815536726431625586e-02
6.236689286988392200e-02
4.533816994919646903e-02
5.273883751672200915e-02
4.451088528407301514e-02
5.568667346419921282e-02
6.212149784666919777e-02
5.929305044674464120e-02
5.642557170737178690e-02
5.388150183795901993e-02
6.203059010882931018e-02
4.204366051277962091e-02
6.236689286988392200e-02
5.722891163514511742e-02
6.236689286988392200e-02
5.947312950815084737e-02
5.911044119029287836e-02
5.418440552527080400e-02
6.236689286988392200e-02
4.681028287339784183e-02
6.236689286988392200e-02
5.795360244959471552e-02
6.236689286988392200e-02
6.236464980829298926e-02
5.582936888038862733e-02
6.236689286988392200e-02
6.200834206414596039e-02
5.043064074062717644e-02
5.599219607137917443e-02
4.386221115460532671e-02
6.151440930185111261e-02
6.149003941283381208e-02
5.000647041179988317e-02
5.828331966331879582e-02
5.617027892540267520e-02
6.143805984446468887e-02
4.624344734661448714e-02
5.452232127168629705e-02
4.732722167400857383e-02
4.291287003389963883e-02
6.236689286988392200e-02
6.236689286988392200e-02
5.855027240010677453e-02
4.293530056830589803e-02
6.236689286988392200e-02
4.380592636992444028e-02
6.236689286988392200e-02
5.539988760520920402e-02
6.101282186760502435e-02
6.236689286988392200e-02
5.595640192049226858e-02
6.236689286988392200e-02
6.236689286988392200e-02
6.069515228000610385e-02
6.236689286988392200e-02
6.236689286988392200e-02
6.212149784666919777e-02
4.594360230391565658e-02
5.825251170298410830e-02
6.183466979862280860e-02
5.758172743795378357e-02
6.236689286988392200e-02
5.551892343114946810e-02
5.682547733674553347e-02
5.659673692753115770e-02
5.419892992651765412e-02
6.033427345745122350e-02
6.189280564729072315e-02
5.907706086091369518e-02
6.236689286988392200e-02
4.512058396712703701e-02
6.236689286988392200e-02
4.727757026777513333e-02
4.620919993077772514e-02
6.031522538081658669e-02
6.236689286988392200e-02
6.070467353982939018e-02
6.045207748932390074e-02
6.151440930185111261e-02
6.236689286988392200e-02
6.236689286988392200e-02
5.900637257351533382e-02
6.208465258650512630e-02
5.696254042109145932e-02
6.236689286988392200e-02
5.767552313387584728e-02
5.612026160534937247e-02
4.531201273490433751e-02
4.305555431941598954e-02
5.405303326455035418e-02
5.794359208269994621e-02
4.643748150909746825e-02
5.580984042886012048e-02
5.505130945957304595e-02
5.046855744173575631e-02
4.417121512350111190e-02
6.236689286988392200e-02
6.177679422350284416e-02
4.614646775387567373e-02
6.236689286988392200e-02
6.176030528040698381e-02
4.464033293417359050e-02
6.216029604179579282e-02
4.684043555709203194e-02
6.236689286988392200e-02
4.564861691149560419e-02
6.236689286988392200e-02
4.640966480589448634e-02
6.236689286988392200e-02
4.450584699496296093e-02
6.236689286988392200e-02
5.807763488317679162e-02
5.463171395101033834e-02
6.107253552497728111e-02
6.143805984446468887e-02
6.236689286988392200e-02
6.236689286988392200e-02
4.566235339385018438e-02
4.250481879443335220e-02
5.868660630957697744e-02
6.177679422350284416e-02
6.236689286988392200e-02
6.236689286988392200e-02
5.706753275343046106e-02
5.462710194455127483e-02
6.236689286988392200e-02
6.236689286988392200e-02
6.236689286988392200e-02
4.665735050786711663e-02
6.236689286988392200e-02
6.050940303563059897e-02
6.236689286988392200e-02
6.012495757700565130e-02
6.138792993103623502e-02
6.236689286988392200e-02
4.533613274888623201e-02
6.236689286988392200e-02
5.917299769836994322e-02
6.217700191158095913e-02
5.147715056221271318e-02
6.236689286988392200e-02
6.236689286988392200e-02
6.002514803014916828e-02
6.236689286988392200e-02
6.236689286988392200e-02
6.236689286988392200e-02
5.493039888460771181e-02
6.236689286988392200e-02
6.236689286988392200e-02
4.272367686675246357e-02
4.618905376086215875e-02
5.689550226159489216e-02
6.236689286988392200e-02
4.588609814468685294e-02
6.236689286988392200e-02
6.069770754612864583e-02
6.236689286988392200e-02
6.104106724059083638e-02
6.236689286988392200e-02
4.303705737501775652e-02
6.050705249715241513e-02
6.138792993103623502e-02
5.595188252928947475e-02
6.228608094251214533e-02
4.309132804575122044e-02
6.236689286988392200e-02
6.236689286988392200e-02
6.057995422194345503e-02
5.793254164838941567e-02
4.579697153635778339e-02
6.236689286988392200e-02
5.706649960738487820e-02
6.236689286988392200e-02
6.236689286988392200e-02
6.236689286988392200e-02
5.700447947654430775e-02
5.954231817446413444e-02
6.215790269708767329e-02
4.287414768517289199e-02
4.330929915638091765e-02
6.236689286988392200e-02
5.708753148180196330e-02
6.191862346431590419e-02
4.311081876877797397e-02
6.236689286988392200e-02
4.704600490238419752e-02
6.236689286988392200e-02
5.734906112848084381e-02
5.565264764789275981e-02
4.289292975122528662e-02
6.236689286988392200e-02
6.236689286988392200e-02
6.236689286988392200e-02
6.236689286988392200e-02
5.815070598295971754e-02
6.236689286988392200e-02
5.960031899051027038e-02
6.236689286988392200e-02
6.183466979862280860e-02
4.263290584549513790e-02
6.098977565386875382e-02
6.236689286988392200e-02
5.701432555787844247e-02
5.299463344861444353e-02
5.553159494498991627e-02
5.518977759598679006e-02
6.236689286988392200e-02
4.678198787036702555e-02
6.236689286988392200e-02
5.299187381215027248e-02
4.575923255388810590e-02
6.236689286988392200e-02
5.685862632788623444e-02
5.654758878806083466e-02
5.704827178671360161e-02
6.206527347245784781e-02
6.236689286988392200e-02
5.979612722434876626e-02
6.236689286988392200e-02
6.236689286988392200e-02
4.472685669792008517e-02
6.236689286988392200e-02
5.656939432461554479e-02
6.223846916009456026e-02
4.454393776344107991e-02
4.634093644340640111e-02
6.058581876381937542e-02
4.313602721142067303e-02
5.147810659824424151e-02
5.610248997235802587e-02
4.702157076615446490e-02
5.770552251459048348e-02
6.100441299576286197e-02
6.056036106147991149e-02
6.236689286988392200e-02
6.236689286988392200e-02
4.072522010947113302e-02
4.407862412197773028e-02
5.507841178182830422e-02
6.236689286988392200e-02
6.204020693514069457e-02
4.277709667628563223e-02
4.464490073494352396e-02
5.423353404879995010e-02
6.236689286988392200e-02
6.236689286988392200e-02
5.977362731410371111e-02
6.236689286988392200e-02
6.011742456518952976e-02
6.228670314895853183e-02
4.665320829419341425e-02
6.236689286988392200e-02
6.236689286988392200e-02
5.467118831380120975e-02
6.200442978887453493e-02
6.236689286988392200e-02
6.236689286988392200e-02
6.236689286988392200e-02
6.236689286988392200e-02
4.363776579083314400e-02
6.236689286988392200e-02
6.140943642453460666e-02
4.279928256902146982e-02
4.621727597715330482e-02
6.236689286988392200e-02
6.236689286988392200e-02
4.336476657830982268e-02
6.236689286988392200e-02
4.353067359675973080e-02
6.236689286988392200e-02
5.540273461094601809e-02
5.742296080471013392e-02
6.236689286988392200e-02
5.492289787511709515e-02
5.887139166888399194e-02
5.910762179598495758e-02
6.200834206414596039e-02
6.236689286988392200e-02
6.078314711658124037e-02
6.156054313792746341e-02
6.171971757006345510e-02
5.980028382110725432e-02
5.496430206008619951e-02
6.236689286988392200e-02
4.561234737268250045e-02
6.079748834227646781e-02
6.013259098345588582e-02
5.599031253377564216e-02
5.860843835352760184e-02
5.715995256584742445e-02
6.236689286988392200e-02
4.586067634967623541e-02
4.474462325333813939e-02
4.088669249197445649e-02
6.119779077539329315e-02
6.236689286988392200e-02
6.236689286988392200e-02
6.236689286988392200e-02
6.236689286988392200e-02
4.280094969631543372e-02
6.236689286988392200e-02
5.985029773301902417e-02
5.913141376882836975e-02
6.088537526174581105e-02
4.354947865910294147e-02
4.639336816182655643e-02
6.143805984446468887e-02
6.195079252371404194e-02
5.539626153062638531e-02
5.855229834782014336e-02
6.091580563812651339e-02
4.278478648552799107e-02
6.050940303563059897e-02
4.516364832616086289e-02
6.236689286988392200e-02
4.461923068728350372e-02
5.596668405234812155e-02
4.555281366192717035e-02
5.084165499003566457e-02
5.976670326349901863e-02
6.171971757006345510e-02
6.236689286988392200e-02
4.579675266338443379e-02
6.236689286988392200e-02
6.236689286988392200e-02
6.236689286988392200e-02
4.642547739336166240e-02
6.236689286988392200e-02
6.164585680403942419e-02
5.550433019902787507e-02
4.565586071076808972e-02
6.236689286988392200e-02
5.996637971705126580e-02
6.156054313792746341e-02
5.910951837808851167e-02
5.766229243881593192e-02
4.429893695084941713e-02
5.311553621696443739e-02
5.760056673041956399e-02
4.610877656795047547e-02
4.596145814229676135e-02
5.878642246072833533e-02
6.236689286988392200e-02
6.236689286988392200e-02
6.236689286988392200e-02
4.347621942061850875e-02
4.406780764197791578e-02
5.704575016707050250e-02
6.236689286988392200e-02
6.236689286988392200e-02
4.597629521018684051e-02
4.464178367302210765e-02
5.814139745394555220e-02
6.236689286988392200e-02
6.236689286988392200e-02
6.164585680403942419e-02
6.236689286988392200e-02
6.236689286988392200e-02
5.862825653549994659e-02
6.236689286988392200e-02
5.620368760149135889e-02
4.621280561581368740e-02
4.371273437905844744e-02
5.944251473920939693e-02
4.579995848538860603e-02
6.236689286988392200e-02
6.236689286988392200e-02
6.236689286988392200e-02
6.191862346431590419e-02
6.236689286988392200e-02
5.847314418928690333e-02
6.236689286988392200e-02
5.625937315999115368e-02
6.236689286988392200e-02
6.236689286988392200e-02
6.236689286988392200e-02
6.236689286988392200e-02
4.437942577358406498e-02
5.664588279935529186e-02
6.236689286988392200e-02
6.236689286988392200e-02
6.236689286988392200e-02
6.236689286988392200e-02
4.318942107637657735e-02
6.200834206414596039e-02
6.073410316479151139e-02
6.100867872459758007e-02
4.388565547419939761e-02
5.627894776612732408e-02
5.827737445391773657e-02
5.524736218033794721e-02
6.239687893318079243e-02
6.236689286988392200e-02
4.361661487391722131e-02
6.236689286988392200e-02
6.236689286988392200e-02
6.171971757006345510e-02
6.236464980829298926e-02
4.374576063063359554e-02
5.697636111311476376e-02
4.669079238691205974e-02
6.101282186760502435e-02
6.236689286988392200e-02
5.772110883904083001e-02
6.078579902176072663e-02
6.236689286988392200e-02
5.500074537963047655e-02
5.490252173717610068e-02
6.164585680403942419e-02
6.236689286988392200e-02
6.236689286988392200e-02
5.243023336546319413e-02
5.890644036826176572e-02
6.236689286988392200e-02
6.236689286988392200e-02
5.218413617419703082e-02
6.236689286988392200e-02
6.011687299163658016e-02
4.375364775003797585e-02
4.695491978028600022e-02
5.951057541779417037e-02
6.236689286988392200e-02
5.616735219933231826e-02
6.236689286988392200e-02
6.236689286988392200e-02
6.236689286988392200e-02
6.236689286988392200e-02
6.236689286988392200e-02
4.555476913502246039e-02
6.149977860728038370e-02
6.236689286988392200e-02
6.236689286988392200e-02
5.936848448845239573e-02
5.678183178103071715e-02
5.414674248210189778e-02
6.236689286988392200e-02
6.236689286988392200e-02
5.574778980320531374e-02
4.512119484158242516e-02
5.988942622848376918e-02
6.236689286988392200e-02
6.236689286988392200e-02
6.236689286988392200e-02
6.236689286988392200e-02
6.236689286988392200e-02
4.604879887874607780e-02
5.414917103271896237e-02
5.364747908950253524e-02
4.381534348232429127e-02
6.236689286988392200e-02
6.236689286988392200e-02
5.833028783296215214e-02
6.054693035040262239e-02
4.715018672275953643e-02
6.236689286988392200e-02
6.236689286988392200e-02
5.895914353783375528e-02
6.236689286988392200e-02
6.236689286988392200e-02
6.236689286988392200e-02
6.236689286988392200e-02
5.878585673727676486e-02
5.574654077452605855e-02
6.078991541157134637e-02
4.461540985937693937e-02
4.005799956728054584e-02
5.618198018771070057e-02
6.200495808442079565e-02
6.236689286988392200e-02
6.101282186760502435e-02
4.326302857909091609e-02
5.288610772605796539e-02
6.050940303563059897e-02
4.324380586115775249e-02
5.557759172382811808e-02
6.228608094251214533e-02
4.356619081776656743e-02
4.673736777102197731e-02
6.147329213059608832e-02
6.236689286988392200e-02
5.637455102770244642e-02
5.942764376628117268e-02
6.236689286988392200e-02
4.365794194755698993e-02
5.645055332728331210e-02
5.557689358869503937e-02
6.236689286988392200e-02
6.012462286091592445e-02
4.426335049893932033e-02
4.325232643123178705e-02
5.995845983032060261e-02
6.236689286988392200e-02
6.236689286988392200e-02
6.236689286988392200e-02
4.370876405049008151e-02
5.584879397502606063e-02
5.844835907218173116e-02
5.775699218943784741e-02
6.236689286988392200e-02
6.137196584055047005e-02
4.448687332513006493e-02
4.696041524747425477e-02
6.236689286988392200e-02
5.627865096280897789e-02
6.236689286988392200e-02
6.236689286988392200e-02
5.690510251237018702e-02
4.281035749314868188e-02
6.236689286988392200e-02
5.912336951509619687e-02
6.177679422350284416e-02
4.181990256148014617e-02
4.463724279507247372e-02
6.208465258650512630e-02
6.156054313792746341e-02
5.647624503527943346e-02
6.236689286988392200e-02
4.644466602313163800e-02
6.236689286988392200e-02
6.236689286988392200e-02
4.398335275274052603e-02
6.236689286988392200e-02
4.646979929178628177e-02
4.461942141593517458e-02
5.966660978535476278e-02
5.699847167812276821e-02
5.578816823799363084e-02
6.236689286988392200e-02
6.236689286988392200e-02
6.236689286988392200e-02
6.236464980829298926e-02
6.236689286988392200e-02
6.236689286988392200e-02
6.236689286988392200e-02
5.863521792528129245e-02
6.134450213569228594e-02
6.236689286988392200e-02
4.557053688584783435e-02
6.236689286988392200e-02
6.236689286988392200e-02
6.236689286988392200e-02
6.236689286988392200e-02
4.588682166689200120e-02
5.395839884689973553e-02
6.236689286988392200e-02
4.705322832817797341e-02
4.377210333808909809e-02
6.236689286988392200e-02
6.116234247620819936e-02
6.076061953209406508e-02
4.359671538811514535e-02
6.236689286988392200e-02
6.236689286988392200e-02
4.434405120047643645e-02
5.737332120712475975e-02
4.562149303576838039e-02
5.457222245853137615e-02
6.236689286988392200e-02
6.043731236090371661e-02
5.912798173686956149e-02
6.236689286988392200e-02
5.378773497163199385e-02
5.870686872340109830e-02
4.511214385803465066e-02
6.236689286988392200e-02
6.236689286988392200e-02
6.236689286988392200e-02
5.301466301310905904e-02
4.512722040991648531e-02
6.236689286988392200e-02
5.559149868693909896e-02
6.236689286988392200e-02
6.236689286988392200e-02
6.236689286988392200e-02
6.239334960777047356e-02
4.462290390456304101e-02
4.420652854955687411e-02
5.585552413311123399e-02
6.236464980829298926e-02
5.971279179872820281e-02
4.400484645872401041e-02
5.688954472834569648e-02
6.236689286988392200e-02
4.637612584262247595e-02
6.236689286988392200e-02
5.606518936899299033e-02
6.164585680403942419e-02
6.156054313792746341e-02
4.392866386634069337e-02
4.071831082695265280e-02
4.379576198290645317e-02
6.236689286988392200e-02
6.124789267119228747e-02
6.239687893318079243e-02
4.403303045710655478e-02
6.170508487691397231e-02
5.799130331791171183e-02
6.057119839607491563e-02
6.236689286988392200e-02
6.236689286988392200e-02
4.443673996974934620e-02
4.711788305574076546e-02
6.236689286988392200e-02
6.236689286988392200e-02
5.715583130531223105e-02
4.402379037445674353e-02
6.236689286988392200e-02
5.625628109319578268e-02
4.300286456940581592e-02
4.320008941529676627e-02
6.236689286988392200e-02
6.236689286988392200e-02
6.236689286988392200e-02
6.236689286988392200e-02
6.043812522975742368e-02
6.147329213059608832e-02
5.579209595072671946e-02
4.545594188493902454e-02
4.515111173896205893e-02
5.373823816535652775e-02
5.888025362756026809e-02
5.823426242367069766e-02
4.231487951420433158e-02
6.236689286988392200e-02
5.484515760326314632e-02
5.741238100853886250e-02
4.592085857598074417e-02
6.236689286988392200e-02
4.410658370006442092e-02
6.236689286988392200e-02
6.236689286988392200e-02
6.236689286988392200e-02
6.236689286988392200e-02
6.084843049795571335e-02
6.236689286988392200e-02
5.923321355507366048e-02
6.236689286988392200e-02
6.107253552497728111e-02
6.138525742158727067e-02
6.236689286988392200e-02
5.681789370913215703e-02
4.509353878266528226e-02
4.691788108436690391e-02
6.236689286988392200e-02
5.782140387452112257e-02
6.219090027791663450e-02
4.530104831424595913e-02
4.300650667407992372e-02
5.953266770919304202e-02
6.107253552497728111e-02
4.463379348949951531e-02
6.165847261261577644e-02
5.907270447716086309e-02
6.236689286988392200e-02
4.428861265057436325e-02
4.315684085906543871e-02
4.466284761663159852e-02
6.236689286988392200e-02
5.678681742307477298e-02
5.595384292021792633e-02
4.713367400770481636e-02
5.788080081992370840e-02
6.212718021922506578e-02
5.330110622032553647e-02
6.236689286988392200e-02
6.138792993103623502e-02
6.213251882937158299e-02
6.116683063277066762e-02
5.656602764917247755e-02
6.236689286988392200e-02
6.236689286988392200e-02
5.348089260243258508e-02
4.648369901798536652e-02
4.505017023232039258e-02
5.665956661113828036e-02
6.189280564729072315e-02
5.706350211737654110e-02
4.382359830629022068e-02
6.107253552497728111e-02
6.236689286988392200e-02
4.313724855094241972e-02
6.236689286988392200e-02
6.075456866503399500e-02
6.106765226351707626e-02
5.673408406039900931e-02
6.236689286988392200e-02
5.513502974937277423e-02
5.900504271278290275e-02
4.648908678742718487e-02
4.387675085393348551e-02
4.550718389055455337e-02
5.598802949001413509e-02
6.236464980829298926e-02
6.236689286988392200e-02
6.236689286988392200e-02
6.236689286988392200e-02
6.175819411854101271e-02
6.236689286988392200e-02
4.325348626015335790e-02
5.737444337404679767e-02
6.236689286988392200e-02
4.379603190111697186e-02
6.195079252371404194e-02
6.236689286988392200e-02
5.972837904016971983e-02
6.236689286988392200e-02
5.733746897339328519e-02
6.060008153105378437e-02
6.069305083637500237e-02
5.419283905585755429e-02
6.236689286988392200e-02
5.915017152841137854e-02
6.009993683628759437e-02
5.842143215873047551e-02
6.236689286988392200e-02
5.547192942861928211e-02
4.347556575835333920e-02
5.948976972631729587e-02
5.587158251126220915e-02
5.967643611929789038e-02
5.936717436632053813e-02
6.239687893318079243e-02
6.106797329888184050e-02
5.973673481691327974e-02
4.730658759410515113e-02
6.236689286988392200e-02
6.236689286988392200e-02
4.630188141825267861e-02
4.318390250267908903e-02
6.236689286988392200e-02
5.524933305845542569e-02
5.418939050622288700e-02
6.201116346146783032e-02
6.236689286988392200e-02
6.228608094251214533e-02
4.298173188849922777e-02
6.236689286988392200e-02
4.602121155809480585e-02
6.236689286988392200e-02
6.236689286988392200e-02
6.236689286988392200e-02
6.236689286988392200e-02
5.489874360289762750e-02
6.236689286988392200e-02
4.520855693034566553e-02
6.236689286988392200e-02
5.929390724374497545e-02
6.080445886257160315e-02
6.236689286988392200e-02
4.341564665232789527e-02
6.236689286988392200e-02
5.983352264498119355e-02
6.039663419436616665e-02
6.055457729241819909e-02
6.184999691931603732e-02
4.225513893582655278e-02
4.472046485510006858e-02
6.236689286988392200e-02
4.440858520139563670e-02
4.712542317429065791e-02
6.236689286988392200e-02
4.454167500512790784e-02
6.011225852370816192e-02
6.236689286988392200e-02
4.650219674666467018e-02
5.705475596196107890e-02
6.236689286988392200e-02
6.236689286988392200e-02
5.722564024418862888e-02
6.236689286988392200e-02
5.662777536417454294e-02
5.655069021769688203e-02
6.236689286988392200e-02
4.423030868061474802e-02
6.147482271671474846e-02
5.355582737026236273e-02
4.164031735903082204e-02
5.790277072821072707e-02
6.057176347851102316e-02
6.236689286988392200e-02
4.665940528650379393e-02
6.117697278104092945e-02
4.681399654221882894e-02
4.314974760482486599e-02
5.805019829275869653e-02
6.236689286988392200e-02
4.426707743579669924e-02
4.279331874426278715e-02
5.851910301041429036e-02
4.597761253291585831e-02
6.192456712464805557e-02
5.976534481476732108e-02
5.393180442129420771e-02
6.068165013206128916e-02
5.511598600253155705e-02
6.236689286988392200e-02
4.402791941771941331e-02
4.417407796374696327e-02
4.614486699197808961e-02
4.327638493876705822e-02
5.649601823593174144e-02
4.526415984376711693e-02
4.628664810548284436e-02
4.476132224986505148e-02
6.236689286988392200e-02
4.700311087743512528e-02
6.236689286988392200e-02
6.118630367489569927e-02
4.250517318728113531e-02
6.236689286988392200e-02
6.121748313636123096e-02
6.236689286988392200e-02
6.177679422350284416e-02
4.691312148640183061e-02
6.236689286988392200e-02
5.607617577359207128e-02
6.236689286988392200e-02
6.069393167297294778e-02
5.908099525397850216e-02
6.236689286988392200e-02
4.320187573721595564e-02
4.605038275129943320e-02
6.236689286988392200e-02
6.236689286988392200e-02
6.236689286988392200e-02
6.177679422350284416e-02
5.733828725687411393e-02
6.203437915814485198e-02
6.236464980829298926e-02
6.071193788109083972e-02
4.702123998286817513e-02
4.473835865594714967e-02
4.296068431210781774e-02
5.977768751283909360e-02
4.584094916266034936e-02
6.236689286988392200e-02
4.711320124970836548e-02
6.110047870641466955e-02
6.236689286988392200e-02
4.406850853458513934e-02
5.675286780220470395e-02
6.236689286988392200e-02
5.563020772594799712e-02
5.465431116453321053e-02
6.023717923974672428e-02
4.384358294708781689e-02
6.236689286988392200e-02
4.289086046470767799e-02
5.679559581945237134e-02
6.052426613796690197e-02
4.233810175483130461e-02
4.537156891022776917e-02
5.907434373815675932e-02
6.106941821610457205e-02
6.236689286988392200e-02
6.236689286988392200e-02
6.196864371751933248e-02
6.236689286988392200e-02
5.627365021444428322e-02
6.236689286988392200e-02
6.236689286988392200e-02
6.186879736029471388e-02
5.595493421026862674e-02
6.236689286988392200e-02
6.236689286988392200e-02
6.236689286988392200e-02
5.825974670122992249e-02
6.141700910412775660e-02
6.236689286988392200e-02
4.698913945675963627e-02
6.017531123665358778e-02
4.544899192042151786e-02
6.236689286988392200e-02
6.000790027703369056e-02
5.963950962392052663e-02
6.236689286988392200e-02
6.236689286988392200e-02
6.236689286988392200e-02
6.236689286988392200e-02
4.586690163086232230e-02
6.236689286988392200e-02
4.561188070926208704e-02
4.579306448154089187e-02
6.236689286988392200e-02
6.236689286988392200e-02
5.700854638028503979e-02
5.449720290859239036e-02
5.710608878036982361e-02
4.611888352835156329e-02
6.100396360482512881e-02
6.236689286988392200e-02
6.236689286988392200e-02
5.911333846432414996e-02
6.135638123438637986e-02
5.143809283607567867e-02
4.311202443760477759e-02
4.418686072338351423e-02
6.236689286988392200e-02
6.216330289423835365e-02
6.236689286988392200e-02
6.189123765622585316e-02
4.443035943841296131e-02
6.236689286988392200e-02
5.878780229114548284e-02
4.563748310068160147e-02
4.340819347107309489e-02
5.532277282311969663e-02
6.151537845234630181e-02
4.541480888685249517e-02
6.236689286988392200e-02
6.193902857476510371e-02
4.334204489566121504e-02
6.100879465799527446e-02
6.085496808907638749e-02
4.622488323049978726e-02
