1.555924942059139653e+02
1.152663607531447809e+02
1.226572162710550487e+02
1.103680610602289960e+02
9.685581640005965198e+01
9.763517860839273510e+01
1.021904190656756839e+02
1.013078907626102563e+02
1.014577408613209855e+02
9.932893251968512516e+01
1.112073775100527087e+02
1.060030743988994999e+02
1.077081264552008690e+02
1.095599158064197951e+02
1.151814865783113220e+02
1.148731851111207050e+02
1.113774642283121636e+02
1.139746770647600727e+02
1.141604408977908349e+02
1.157701022656505785e+02
1.119920390476872569e+02
1.083887130292102370e+02
1.073954774135010268e+02
1.058008002396331761e+02
1.049478407537848881e+02
1.031772010394763868e+02
1.012055139649691995e+02
1.000389132890450128e+02
9.799348608904163882e+01
9.894431695864201970e+01
1.003626446510368311e+02
1.029289514798880703e+02
1.017487020273946854e+02
1.005957375144504908e+02
1.049459676619066357e+02
1.067455046750522172e+02
1.073100894588341845e+02
1.071913957646195712e+02
1.100667776026177052e+02
1.106978974033006864e+02
1.091713229000537808e+02
1.076265112047053947e+02
1.060399059496931784e+02
1.051219883485969007e+02
1.038254214112818659e+02
1.027167862822989690e+02
1.015515940067737972e+02
1.001309427522871118e+02
9.890199814215795016e+01
9.777144265995448791e+01
1.023285484566512622e+02
1.069387733081664607e+02
1.098165241444004181e+02
1.135795853551462358e+02
1.174416992268649125e+02
1.212126796348377411e+02
1.248428074825690715e+02
1.284023154663761375e+02
1.311684562136962313e+02
1.336929379103133044e+02
1.333336585533118068e+02
1.328844181547747780e+02
1.338273065352620677e+02
1.350975142539572289e+02
1.340289591138331105e+02
1.332562530355752983e+02
1.319795567718797429e+02
1.317138174089520817e+02
1.349823299225131166e+02
1.369790633843250305e+02
1.467821751676443967e+02
1.563129782903159821e+02
1.658292388616815174e+02
1.749666815797669130e+02
1.838871258253700205e+02
1.925728215381940913e+02
2.007861615182175399e+02
2.090965953449070582e+02
2.171080308468702640e+02
2.248566804612844408e+02
2.328954868753426695e+02
2.403235906939360405e+02
2.478618606855753512e+02
2.549230290107470864e+02
2.617945227870912390e+02
2.687155167081715490e+02
2.753394762862385505e+02
2.817447095102585877e+02
2.879835329989073784e+02
2.904166545931834662e+02
2.964230649822693522e+02
3.023641186237664442e+02
3.085322463805001121e+02
3.137606267381543717e+02
3.193315675093317054e+02
3.213901366965888542e+02
3.263861146687889914e+02
3.312189094170666408e+02
3.366813446754801475e+02
3.421145312287252978e+02
3.489586062866661678e+02
3.569492040136623814e+02
3.640348147405935606e+02
3.719698087863161504e+02
3.764225773188235848e+02
3.841472574223230936e+02
3.912920388042293780e+02
3.990407368778178352e+02
4.067341714613077670e+02
4.101993245651306097e+02
4.163494062909932723e+02
4.243218488892312052e+02
4.318701613779228978e+02
4.393438296042002662e+02
4.458549948303523820e+02
4.532225081993196909e+02
4.610980488982859811e+02
4.679667759454421798e+02
4.748717340465188386e+02
4.818381973639689591e+02
4.898938896170847670e+02
4.980167009506728277e+02
5.055812580119938389e+02
5.133400257595872063e+02
5.209852576286529029e+02
5.288761455468352324e+02
5.368067290465573933e+02
5.448513220961664274e+02
5.532041068512770607e+02
5.603289227295064165e+02
5.673397979752776337e+02
5.739349533435348576e+02
5.820151461480588750e+02
5.901696670621859084e+02
5.960611291354317700e+02
6.031338361340802976e+02
6.102574847173304988e+02
6.180194874265436056e+02
6.246061745520781869e+02
6.313530588557788406e+02
6.393219754280770530e+02
6.476290831111227817e+02
6.556750582587310419e+02
6.601075579741914225e+02
6.684197932124973249e+02
6.765315111577166363e+02
6.845119836643904137e+02
6.925683803264763583e+02
7.006792537579167401e+02
7.089755115175969422e+02
7.142136731346819261e+02
7.192230707273274675e+02
7.254084750510419326e+02
7.310882567557951006e+02
7.363182982727984154e+02
7.418221322520648755e+02
7.470408325825097791e+02
7.521578898770759452e+02
7.578718436814933739e+02
7.638454701013860131e+02
7.714377011300539380e+02
7.788328935916136970e+02
7.853900297303590605e+02
7.917388237250415841e+02
7.998524094235825714e+02
8.077321058440943489e+02
8.161149298104146510e+02
8.234258370094867132e+02
8.286234252010400496e+02
8.343158884785465261e+02
8.344558884785467399e+02
8.349658884785465034e+02
8.352558884785466944e+02
8.356558884785465580e+02
8.356758884785466535e+02
8.356858884785465307e+02
8.358158884785466398e+02
8.361258884785465852e+02
8.361558884785466716e+02
8.362858884785465534e+02
8.358858884785466898e+02
8.362458884785465898e+02
8.363558884785467171e+02
8.364558884785465125e+02
8.364958884785467035e+02
8.364058884785465580e+02
8.364458884785467490e+02
8.368258884785465170e+02
8.365558884785466489e+02
8.403362437137089955e+02
8.407762437137091638e+02
8.408762437137089591e+02
8.406062437137090910e+02
8.410062437137089546e+02
8.410062437137090683e+02
8.442767016188488469e+02
8.447267016188488924e+02
8.451867016188489288e+02
8.453067016188489333e+02
8.449267016188489379e+02
8.449567016188489106e+02
8.446767016188489379e+02
8.449967016188488742e+02
8.444867016188488833e+02
8.482958647087475583e+02
8.483758647087474856e+02
8.487058647087475265e+02
8.484158647087475629e+02
8.484658647087475174e+02
8.532790150304749659e+02
8.534990150304749932e+02
8.534890150304750023e+02
8.527590150304749841e+02
8.526790150304749432e+02
8.529690150304750205e+02
8.533090150304749386e+02
8.535590150304749386e+02
8.537990150304749477e+02
8.543890150304749795e+02
8.543090150304749386e+02
8.545690150304749295e+02
8.549290150304749432e+02
8.552790150304749659e+02
8.551790150304749432e+02
8.555090150304749841e+02
8.558690150304749977e+02
8.554490150304750387e+02
8.554590150304750296e+02
8.553890150304749795e+02
8.553390150304750250e+02
8.556890150304749341e+02
8.560490150304749477e+02
8.560490150304749477e+02
8.557390150304750023e+02
8.557890150304749568e+02
8.557890150304749568e+02
8.561690150304749523e+02
8.560690150304749295e+02
8.559990150304749932e+02
8.566790150304749432e+02
8.570190150304749750e+02
8.532558882443890980e+02
8.536558882443890752e+02
8.569568732139140366e+02
8.569668732139140275e+02
8.570768732139140411e+02
8.574268732139140639e+02
8.577968732139140684e+02
8.581568732139140820e+02
8.582268732139141321e+02
8.584368732139140548e+02
8.583668732139141184e+02
8.580068732139141048e+02
8.579268732139140639e+02
8.582668732139140957e+02
8.582568732139141048e+02
8.584868732139141230e+02
8.585068732139141048e+02
8.586668732139140729e+02
8.586168732139141184e+02
8.586768732139140639e+02
8.584568732139140366e+02
8.583968732139140911e+02
8.586768732139140639e+02
8.586668732139140729e+02
8.587168732139140275e+02
8.586668732139140729e+02
8.589668732139140275e+02
8.589868732139141230e+02
8.592768732139140866e+02
8.595068732139141048e+02
8.594968732139141139e+02
8.590568732139140593e+02
8.586768732139140639e+02
8.590268732139140866e+02
8.594268732139140639e+02
8.598068732139140593e+02
8.597368732139141230e+02
8.600768732139140411e+02
8.603168732139140502e+02
8.606568732139140820e+02
8.606868732139140548e+02
8.606968732139140457e+02
8.609268732139140639e+02
8.612368732139141230e+02
8.615468732139140684e+02
8.617968732139140684e+02
8.613668732139141184e+02
8.621268732139141093e+02
8.621868732139140548e+02
8.621368732139141002e+02
8.620268732139140866e+02
8.623268732139140411e+02
8.627268732139141321e+02
8.630068732139141048e+02
8.635568732139140593e+02
8.638268732139140411e+02
8.641168732139141184e+02
8.640268732139140866e+02
8.643668732139141184e+02
8.646968732139140457e+02
8.645568732139140593e+02
8.641368732139141002e+02
8.647668732139140957e+02
8.648468732139140229e+02
8.647968732139140684e+02
8.643168732139140502e+02
8.647868732139140775e+02
8.648468732139140229e+02
8.645368732139140775e+02
8.646868732139140548e+02
8.650768732139140411e+02
8.653968732139140911e+02
8.654168732139140729e+02
8.655168732139140957e+02
8.650768732139140411e+02
8.653968732139140911e+02
8.654768732139141321e+02
8.655568732139140593e+02
8.660068732139141048e+02
8.656668732139140729e+02
8.653168732139140502e+02
8.653468732139140229e+02
8.660768732139140411e+02
8.660668732139140502e+02
8.659768732139141321e+02
8.667468732139141139e+02
8.668168732139140502e+02
8.669368732139140548e+02
8.673768732139141093e+02
8.673568732139141275e+02
8.676968732139140457e+02
8.677468732139141139e+02
8.683568732139141275e+02
8.686568732139140820e+02
8.682168732139140275e+02
8.682568732139141048e+02
8.683068732139140593e+02
8.684068732139140820e+02
8.687268732139141321e+02
8.683668732139141184e+02
8.720700000000000500e+02
8.720299999999999727e+02
8.724400000000000546e+02
8.720299999999999727e+02
8.720700000000000500e+02
8.723500000000000227e+02
8.723799999999999955e+02
8.723200000000000500e+02
8.723300000000000409e+02
8.723300000000000409e+02
8.729900000000000091e+02
8.733400000000000318e+02
8.728600000000000136e+02
8.727999999999999545e+02
8.728300000000000409e+02
8.728400000000000318e+02
8.731900000000000546e+02
8.731699999999999591e+02
8.732000000000000455e+02
8.732599999999999909e+02
8.741100000000000136e+02
8.747599999999999909e+02
8.747999999999999545e+02
8.748400000000000318e+02
8.749099999999999682e+02
8.749400000000000546e+02
8.752699999999999818e+02
8.752999999999999545e+02
8.754400000000000546e+02
8.750800000000000409e+02
8.750199999999999818e+02
8.754900000000000091e+02
8.758200000000000500e+02
8.758700000000000045e+02
8.758200000000000500e+02
8.758600000000000136e+02
8.758999999999999773e+02
8.758799999999999955e+02
8.754900000000000091e+02
8.755399999999999636e+02
8.755599999999999454e+02
8.756499999999999773e+02
8.756599999999999682e+02
8.756000000000000227e+02
8.756499999999999773e+02
8.756699999999999591e+02
8.761499999999999773e+02
8.761000000000000227e+02
8.760599999999999454e+02
8.764199999999999591e+02
8.768300000000000409e+02
8.768700000000000045e+02
8.768899999999999864e+02
8.770399999999999636e+02
8.768400000000000318e+02
8.764199999999999591e+02
8.765000000000000000e+02
8.765499999999999545e+02
8.768500000000000227e+02
8.768700000000000045e+02
8.773799999999999955e+02
8.780900000000000318e+02
8.781699999999999591e+02
8.781699999999999591e+02
8.777200000000000273e+02
8.782200000000000273e+02
8.784199999999999591e+02
8.783600000000000136e+02
8.783899999999999864e+02
8.783600000000000136e+02
8.783300000000000409e+02
8.786699999999999591e+02
8.786599999999999682e+02
8.785599999999999454e+02
8.791200000000000045e+02
8.789500000000000455e+02
8.785000000000000000e+02
8.786599999999999682e+02
8.786499999999999773e+02
8.791100000000000136e+02
8.794400000000000546e+02
8.793999999999999773e+02
8.791399999999999864e+02
8.791100000000000136e+02
8.791599999999999682e+02
8.792100000000000364e+02
8.792300000000000182e+02
8.792599999999999909e+02
8.793300000000000409e+02
8.793400000000000318e+02
8.790800000000000409e+02
8.791299999999999955e+02
8.789199999999999591e+02
8.789500000000000455e+02
8.794299999999999500e+02
8.794800000000000182e+02
8.798200000000000500e+02
8.800399999999999636e+02
8.797799999999999727e+02
8.801699999999999591e+02
8.802699999999999818e+02
8.802400000000000091e+02
8.802000000000000455e+02
8.806200000000000045e+02
8.806399999999999864e+02
8.804299999999999500e+02
8.804400000000000546e+02
8.800800000000000409e+02
8.800399999999999636e+02
8.801299999999999955e+02
8.799099999999999682e+02
8.799900000000000091e+02
8.807899999999999636e+02
8.808099999999999454e+02
8.810599999999999454e+02
8.813799999999999955e+02
8.814099999999999682e+02
8.814800000000000182e+02
8.815299999999999727e+02
8.814600000000000364e+02
8.811599999999999682e+02
8.808799999999999955e+02
8.809199999999999591e+02
8.812200000000000273e+02
8.812400000000000091e+02
8.814400000000000546e+02
8.811399999999999864e+02
8.811200000000000045e+02
8.813899999999999864e+02
8.818799999999999955e+02
8.819299999999999500e+02
8.819199999999999591e+02
8.819600000000000364e+02
8.819500000000000455e+02
8.819800000000000182e+02
8.820099999999999909e+02
8.822599999999999909e+02
8.823500000000000227e+02
8.830900000000000318e+02
8.832000000000000455e+02
8.832300000000000182e+02
8.832200000000000273e+02
8.832599999999999909e+02
8.833700000000000045e+02
8.833099999999999454e+02
8.833400000000000318e+02
8.832500000000000000e+02
8.832400000000000091e+02
8.831599999999999682e+02
8.828200000000000500e+02
8.827799999999999727e+02
8.827999999999999545e+02
8.827899999999999636e+02
8.827699999999999818e+02
8.827699999999999818e+02
8.834700000000000273e+02
8.834900000000000091e+02
8.834900000000000091e+02
8.833099999999999454e+02
8.833899999999999864e+02
8.833799999999999955e+02
8.833799999999999955e+02
8.833400000000000318e+02
8.836599999999999682e+02
8.842100000000000364e+02
8.842699999999999818e+02
8.842300000000000182e+02
8.842999999999999545e+02
8.842599999999999909e+02
8.842300000000000182e+02
8.842899999999999636e+02
8.842999999999999545e+02
8.846900000000000546e+02
8.847400000000000091e+02
8.846200000000000045e+02
8.848899999999999864e+02
8.853899999999999864e+02
8.852500000000000000e+02
8.852799999999999727e+02
8.852599999999999909e+02
8.852799999999999727e+02
8.853700000000000045e+02
8.856799999999999500e+02
8.857699999999999818e+02
8.857999999999999545e+02
8.857599999999999909e+02
8.857899999999999636e+02
8.857400000000000091e+02
8.859500000000000455e+02
8.860000000000000000e+02
8.859299999999999500e+02
8.859099999999999682e+02
8.858700000000000045e+02
8.858600000000000136e+02
8.861599999999999682e+02
8.860900000000000318e+02
8.858700000000000045e+02
8.856699999999999591e+02
8.856100000000000136e+02
8.855700000000000500e+02
8.855900000000000318e+02
8.855900000000000318e+02
8.856599999999999682e+02
8.858999999999999773e+02
8.858500000000000227e+02
8.857500000000000000e+02
8.857599999999999909e+02
8.863200000000000500e+02
8.864299999999999500e+02
8.863799999999999955e+02
8.863799999999999955e+02
8.864099999999999682e+02
8.863899999999999864e+02
8.864500000000000455e+02
8.861900000000000546e+02
8.859400000000000546e+02
8.862500000000000000e+02
8.865000000000000000e+02
8.865299999999999727e+02
8.866599999999999682e+02
8.867300000000000182e+02
8.869800000000000182e+02
8.869400000000000546e+02
8.869700000000000273e+02
8.872400000000000091e+02
8.870700000000000500e+02
8.870599999999999454e+02
8.871000000000000227e+02
8.867200000000000273e+02
8.867300000000000182e+02
8.867200000000000273e+02
8.870199999999999818e+02
8.870499999999999545e+02
8.872200000000000273e+02
8.871900000000000546e+02
8.874800000000000182e+02
8.875000000000000000e+02
8.876900000000000546e+02
8.874700000000000273e+02
8.874700000000000273e+02
8.874500000000000455e+02
8.873600000000000136e+02
8.873600000000000136e+02
8.874400000000000546e+02
8.874600000000000364e+02
8.875000000000000000e+02
8.878799999999999955e+02
8.878700000000000045e+02
8.881900000000000546e+02
8.882200000000000273e+02
8.882599999999999909e+02
8.882100000000000364e+02
8.881900000000000546e+02
8.881499999999999773e+02
8.881100000000000136e+02
8.880900000000000318e+02
8.881000000000000227e+02
8.881000000000000227e+02
8.880499999999999545e+02
8.879700000000000273e+02
8.879600000000000364e+02
8.876499999999999773e+02
8.876799999999999500e+02
8.877200000000000273e+02
8.877000000000000455e+02
8.876499999999999773e+02
8.869099999999999682e+02
8.869400000000000546e+02
8.869800000000000182e+02
8.870900000000000318e+02
8.870399999999999636e+02
8.870800000000000409e+02
8.867300000000000182e+02
8.870399999999999636e+02
8.871000000000000227e+02
8.867799999999999727e+02
8.867599999999999909e+02
8.868099999999999454e+02
8.867899999999999636e+02
8.868300000000000409e+02
8.871499999999999773e+02
8.871200000000000045e+02
8.871299999999999955e+02
8.873400000000000318e+02
8.873300000000000409e+02
8.874099999999999682e+02
8.873799999999999955e+02
8.876799999999999500e+02
8.874600000000000364e+02
8.877200000000000273e+02
8.877899999999999636e+02
8.877999999999999545e+02
8.873700000000000045e+02
8.874400000000000546e+02
8.871299999999999955e+02
8.871799999999999500e+02
8.871799999999999500e+02
8.871200000000000045e+02
8.871599999999999682e+02
8.872400000000000091e+02
8.873099999999999454e+02
8.875900000000000318e+02
8.875499999999999545e+02
8.873799999999999955e+02
8.874199999999999591e+02
8.875099999999999909e+02
8.875099999999999909e+02
8.872899999999999636e+02
8.872200000000000273e+02
8.872400000000000091e+02
8.872300000000000182e+02
8.872100000000000364e+02
8.869700000000000273e+02
8.869800000000000182e+02
8.872999999999999545e+02
8.873400000000000318e+02
8.873400000000000318e+02
8.873899999999999864e+02
8.872999999999999545e+02
8.872599999999999909e+02
8.871900000000000546e+02
8.869600000000000364e+02
8.870000000000000000e+02
8.867100000000000364e+02
8.864500000000000455e+02
8.863700000000000045e+02
8.864299999999999500e+02
8.863899999999999864e+02
8.864800000000000182e+02
8.864500000000000455e+02
8.864600000000000364e+02
8.864600000000000364e+02
8.867100000000000364e+02
8.864900000000000091e+02
8.864900000000000091e+02
8.865000000000000000e+02
8.862599999999999909e+02
8.860199999999999818e+02
8.860099999999999909e+02
8.862500000000000000e+02
8.862799999999999727e+02
8.863799999999999955e+02
8.867200000000000273e+02
8.867100000000000364e+02
8.866900000000000546e+02
8.869600000000000364e+02
8.866299999999999955e+02
8.869700000000000273e+02
8.867100000000000364e+02
8.870299999999999727e+02
8.870499999999999545e+02
8.873700000000000045e+02
8.874500000000000455e+02
8.877599999999999909e+02
8.878400000000000318e+02
8.876000000000000227e+02
8.875900000000000318e+02
8.876200000000000045e+02
8.876399999999999864e+02
8.877200000000000273e+02
8.877599999999999909e+02
8.880800000000000409e+02
8.882999999999999545e+02
8.879700000000000273e+02
8.879199999999999591e+02
8.879199999999999591e+02
8.885000000000000000e+02
8.884299999999999500e+02
8.884500000000000455e+02
8.884400000000000546e+02
8.884500000000000455e+02
8.884400000000000546e+02
8.887899999999999636e+02
8.885299999999999727e+02
8.884700000000000273e+02
8.885299999999999727e+02
8.885000000000000000e+02
8.884900000000000091e+02
8.885399999999999636e+02
8.888400000000000318e+02
8.885499999999999545e+02
8.885299999999999727e+02
8.882200000000000273e+02
8.879400000000000546e+02
8.879500000000000455e+02
8.878899999999999864e+02
8.878500000000000227e+02
8.876200000000000045e+02
8.876399999999999864e+02
8.874199999999999591e+02
8.873700000000000045e+02
8.874299999999999500e+02
8.878999999999999773e+02
8.881100000000000136e+02
8.884299999999999500e+02
8.883799999999999955e+02
8.883899999999999864e+02
8.887500000000000000e+02
8.887699999999999818e+02
8.887000000000000455e+02
8.886499999999999773e+02
8.883700000000000045e+02
8.884500000000000455e+02
8.886699999999999591e+02
8.886499999999999773e+02
8.886399999999999864e+02
8.886399999999999864e+02
8.886799999999999500e+02
8.889700000000000273e+02
8.890299999999999727e+02
8.891100000000000136e+02
8.890700000000000500e+02
8.890700000000000500e+02
8.893300000000000409e+02
8.890800000000000409e+02
8.890299999999999727e+02
8.887599999999999909e+02
8.884500000000000455e+02
8.885099999999999909e+02
8.884600000000000364e+02
8.884800000000000182e+02
8.884500000000000455e+02
8.886599999999999682e+02
8.889099999999999682e+02
8.889199999999999591e+02
8.889299999999999500e+02
8.889600000000000364e+02
8.892500000000000000e+02
8.892500000000000000e+02
8.895800000000000409e+02
8.896299999999999955e+02
8.892999999999999545e+02
8.890199999999999818e+02
8.892999999999999545e+02
8.893799999999999955e+02
8.891100000000000136e+02
8.891499999999999773e+02
8.891900000000000546e+02
8.891299999999999955e+02
8.888999999999999773e+02
8.888300000000000409e+02
8.887999999999999545e+02
8.885399999999999636e+02
8.886699999999999591e+02
8.886799999999999500e+02
8.884500000000000455e+02
8.884700000000000273e+02
8.881599999999999682e+02
8.881200000000000045e+02
8.877799999999999727e+02
8.877799999999999727e+02
8.877899999999999636e+02
8.877799999999999727e+02
8.874900000000000091e+02
8.877799999999999727e+02
8.878400000000000318e+02
8.877699999999999818e+02
8.877400000000000091e+02
8.876900000000000546e+02
8.877000000000000455e+02
8.877000000000000455e+02
8.873999999999999773e+02
8.871799999999999500e+02
8.872300000000000182e+02
8.875299999999999727e+02
8.875700000000000500e+02
8.874900000000000091e+02
8.874600000000000364e+02
8.877500000000000000e+02
8.880299999999999727e+02
8.879800000000000182e+02
8.882599999999999909e+02
8.879500000000000455e+02
8.879099999999999682e+02
8.882400000000000091e+02
8.881900000000000546e+02
8.882100000000000364e+02
8.881799999999999500e+02
8.881900000000000546e+02
8.879400000000000546e+02
8.880599999999999454e+02
8.883500000000000227e+02
8.883200000000000500e+02
8.883999999999999773e+02
8.883500000000000227e+02
8.886200000000000045e+02
8.889400000000000546e+02
8.888799999999999955e+02
8.888999999999999773e+02
8.888899999999999864e+02
8.888799999999999955e+02
8.888600000000000136e+02
8.888200000000000500e+02
8.885299999999999727e+02
8.885199999999999818e+02
8.885900000000000318e+02
8.885499999999999545e+02
8.882500000000000000e+02
8.881900000000000546e+02
8.882400000000000091e+02
8.882899999999999636e+02
8.883600000000000136e+02
8.882899999999999636e+02
8.882999999999999545e+02
8.883400000000000318e+02
8.882799999999999727e+02
8.885499999999999545e+02
8.888500000000000227e+02
8.885900000000000318e+02
8.886000000000000227e+02
8.888200000000000500e+02
8.888600000000000136e+02
8.891699999999999591e+02
8.889099999999999682e+02
8.888400000000000318e+02
8.888400000000000318e+02
8.888300000000000409e+02
8.888099999999999454e+02
8.887799999999999727e+02
8.887799999999999727e+02
8.888400000000000318e+02
8.888400000000000318e+02
8.885299999999999727e+02
8.882599999999999909e+02
8.882500000000000000e+02
8.882699999999999818e+02
8.882200000000000273e+02
8.880000000000000000e+02
8.882699999999999818e+02
8.879099999999999682e+02
8.878300000000000409e+02
8.878400000000000318e+02
8.878200000000000500e+02
8.875099999999999909e+02
8.874700000000000273e+02
8.877300000000000182e+02
8.880000000000000000e+02
8.881599999999999682e+02
8.881399999999999864e+02
8.881399999999999864e+02
8.882000000000000455e+02
8.882100000000000364e+02
8.882200000000000273e+02
8.883099999999999454e+02
8.883799999999999955e+02
8.882999999999999545e+02
8.882999999999999545e+02
8.882699999999999818e+02
8.885599999999999454e+02
8.888999999999999773e+02
8.889199999999999591e+02
8.886000000000000227e+02
8.885099999999999909e+02
8.884900000000000091e+02
8.881599999999999682e+02
8.883300000000000409e+02
8.884099999999999682e+02
8.887300000000000182e+02
8.887699999999999818e+02
8.890199999999999818e+02
8.889800000000000182e+02
8.893300000000000409e+02
8.892599999999999909e+02
8.892100000000000364e+02
8.889500000000000455e+02
8.889800000000000182e+02
8.893099999999999454e+02
8.893700000000000045e+02
8.890599999999999454e+02
8.887899999999999636e+02
8.891399999999999864e+02
8.889099999999999682e+02
8.889600000000000364e+02
8.889600000000000364e+02
8.889500000000000455e+02
8.890199999999999818e+02
8.890199999999999818e+02
8.891000000000000227e+02
8.890199999999999818e+02
8.889199999999999591e+02
8.890700000000000500e+02
8.887999999999999545e+02
8.887999999999999545e+02
8.890499999999999545e+02
8.893999999999999773e+02
8.891200000000000045e+02
8.888500000000000227e+02
8.888899999999999864e+02
8.888700000000000045e+02
8.891100000000000136e+02
8.894099999999999682e+02
8.893600000000000136e+02
8.893999999999999773e+02
8.894900000000000091e+02
8.895099999999999909e+02
8.897500000000000000e+02
8.897200000000000273e+02
8.897599999999999909e+02
8.898500000000000227e+02
8.898799999999999955e+02
8.898700000000000045e+02
8.898400000000000318e+02
8.898400000000000318e+02
8.896200000000000045e+02
8.896100000000000136e+02
8.899400000000000546e+02
8.899500000000000455e+02
8.896000000000000227e+02
8.898999999999999773e+02
8.898899999999999864e+02
8.896299999999999955e+02
8.896499999999999773e+02
8.893999999999999773e+02
8.893700000000000045e+02
8.893700000000000045e+02
8.894400000000000546e+02
8.893899999999999864e+02
8.894500000000000455e+02
8.895199999999999818e+02
8.896000000000000227e+02
8.895700000000000500e+02
8.899099999999999682e+02
8.899500000000000455e+02
8.899500000000000455e+02
8.899700000000000273e+02
8.899500000000000455e+02
8.900199999999999818e+02
8.902400000000000091e+02
8.900000000000000000e+02
8.900099999999999909e+02
8.900199999999999818e+02
8.903200000000000500e+02
8.903400000000000318e+02
8.903700000000000045e+02
8.903400000000000318e+02
8.900700000000000500e+02
8.898400000000000318e+02
8.899400000000000546e+02
8.900199999999999818e+02
8.899600000000000364e+02
8.899299999999999500e+02
8.898600000000000136e+02
8.900800000000000409e+02
8.897999999999999545e+02
8.900700000000000500e+02
8.901399999999999864e+02
8.901900000000000546e+02
8.901900000000000546e+02
8.898799999999999955e+02
8.896100000000000136e+02
8.895499999999999545e+02
8.895499999999999545e+02
8.896599999999999682e+02
8.897300000000000182e+02
8.897899999999999636e+02
8.895700000000000500e+02
8.895199999999999818e+02
8.892000000000000455e+02
8.892300000000000182e+02
8.889099999999999682e+02
8.889600000000000364e+02
8.886200000000000045e+02
8.889299999999999500e+02
8.892699999999999818e+02
8.892200000000000273e+02
8.892100000000000364e+02
8.888799999999999955e+02
8.888899999999999864e+02
8.889400000000000546e+02
8.889500000000000455e+02
8.887000000000000455e+02
8.887300000000000182e+02
8.889600000000000364e+02
8.889299999999999500e+02
8.886499999999999773e+02
8.886200000000000045e+02
8.886200000000000045e+02
8.885800000000000409e+02
8.886000000000000227e+02
8.887000000000000455e+02
8.884600000000000364e+02
8.884500000000000455e+02
8.887500000000000000e+02
8.884299999999999500e+02
8.881599999999999682e+02
8.882000000000000455e+02
8.882300000000000182e+02
8.882300000000000182e+02
8.882200000000000273e+02
8.882400000000000091e+02
8.879600000000000364e+02
8.879800000000000182e+02
8.882100000000000364e+02
8.882000000000000455e+02
8.879099999999999682e+02
8.875900000000000318e+02
8.876000000000000227e+02
8.878700000000000045e+02
8.877899999999999636e+02
8.877799999999999727e+02
8.877100000000000364e+02
8.877300000000000182e+02
8.877899999999999636e+02
8.877599999999999909e+02
8.877899999999999636e+02
8.874600000000000364e+02
8.871799999999999500e+02
8.871799999999999500e+02
8.871599999999999682e+02
8.871900000000000546e+02
8.871699999999999591e+02
8.870700000000000500e+02
8.870700000000000500e+02
8.871000000000000227e+02
8.873899999999999864e+02
8.873300000000000409e+02
8.873899999999999864e+02
8.876100000000000136e+02
8.875499999999999545e+02
8.875199999999999818e+02
8.877899999999999636e+02
8.877999999999999545e+02
8.878700000000000045e+02
8.879199999999999591e+02
8.878500000000000227e+02
8.878500000000000227e+02
8.878300000000000409e+02
8.878300000000000409e+02
8.877699999999999818e+02
8.877899999999999636e+02
8.878099999999999454e+02
8.875000000000000000e+02
8.877999999999999545e+02
8.880900000000000318e+02
8.880700000000000500e+02
8.880900000000000318e+02
8.880599999999999454e+02
8.877799999999999727e+02
8.880000000000000000e+02
8.879900000000000091e+02
8.879400000000000546e+02
8.879600000000000364e+02
8.877200000000000273e+02
8.877799999999999727e+02
8.877599999999999909e+02
8.880399999999999636e+02
8.880499999999999545e+02
8.880599999999999454e+02
8.880700000000000500e+02
8.880700000000000500e+02
8.880499999999999545e+02
8.883200000000000500e+02
8.882999999999999545e+02
8.882400000000000091e+02
8.882500000000000000e+02
8.884900000000000091e+02
8.887899999999999636e+02
8.888600000000000136e+02
8.888200000000000500e+02
8.888200000000000500e+02
8.888300000000000409e+02
8.891699999999999591e+02
8.889400000000000546e+02
8.886399999999999864e+02
8.889500000000000455e+02
8.889199999999999591e+02
8.892400000000000091e+02
8.894900000000000091e+02
8.894199999999999591e+02
8.893500000000000227e+02
8.892799999999999727e+02
8.892699999999999818e+02
8.890399999999999636e+02
8.891399999999999864e+02
8.891100000000000136e+02
8.891499999999999773e+02
8.892000000000000455e+02
8.892500000000000000e+02
8.892500000000000000e+02
8.891599999999999682e+02
8.891399999999999864e+02
8.894600000000000364e+02
8.892200000000000273e+02
8.892899999999999636e+02
8.892799999999999727e+02
8.892500000000000000e+02
8.895099999999999909e+02
8.894700000000000273e+02
8.894900000000000091e+02
8.895099999999999909e+02
8.897799999999999727e+02
8.898400000000000318e+02
8.895299999999999727e+02
8.894600000000000364e+02
8.897200000000000273e+02
8.897599999999999909e+02
8.898200000000000500e+02
8.897799999999999727e+02
8.897899999999999636e+02
8.900599999999999454e+02
8.900900000000000318e+02
8.901399999999999864e+02
8.900599999999999454e+02
8.900099999999999909e+02
8.900199999999999818e+02
8.900299999999999727e+02
8.899900000000000091e+02
8.903300000000000409e+02
8.900499999999999545e+02
8.899900000000000091e+02
8.900099999999999909e+02
8.900199999999999818e+02
8.902799999999999727e+02
8.902999999999999545e+02
8.900199999999999818e+02
8.900800000000000409e+02
8.900399999999999636e+02
8.897300000000000182e+02
8.897899999999999636e+02
8.900499999999999545e+02
8.900599999999999454e+02
8.897400000000000091e+02
8.897300000000000182e+02
8.896599999999999682e+02
8.899500000000000455e+02
8.899500000000000455e+02
8.899600000000000364e+02
8.899900000000000091e+02
8.900299999999999727e+02
8.900199999999999818e+02
8.900800000000000409e+02
8.900900000000000318e+02
8.900599999999999454e+02
8.899600000000000364e+02
8.902599999999999909e+02
8.902699999999999818e+02
8.901799999999999500e+02
8.902100000000000364e+02
8.902200000000000273e+02
8.902000000000000455e+02
8.902300000000000182e+02
8.902200000000000273e+02
8.902400000000000091e+02
8.902300000000000182e+02
8.902200000000000273e+02
8.902100000000000364e+02
8.902100000000000364e+02
8.902799999999999727e+02
8.902799999999999727e+02
8.905299999999999727e+02
8.905700000000000500e+02
8.903300000000000409e+02
8.905599999999999454e+02
8.908400000000000318e+02
8.908500000000000227e+02
8.906399999999999864e+02
8.903999999999999773e+02
8.903999999999999773e+02
8.903600000000000136e+02
8.904199999999999591e+02
8.903600000000000136e+02
8.903300000000000409e+02
8.905800000000000409e+02
8.905900000000000318e+02
8.902899999999999636e+02
8.902599999999999909e+02
8.902200000000000273e+02
8.899299999999999500e+02
8.899600000000000364e+02
8.899400000000000546e+02
8.902599999999999909e+02
8.901799999999999500e+02
8.904199999999999591e+02
8.903899999999999864e+02
8.904299999999999500e+02
8.904299999999999500e+02
8.903999999999999773e+02
8.903200000000000500e+02
8.903500000000000227e+02
8.903700000000000045e+02
8.903500000000000227e+02
8.900700000000000500e+02
8.899900000000000091e+02
8.899500000000000455e+02
8.898999999999999773e+02
8.902100000000000364e+02
8.902200000000000273e+02
8.902799999999999727e+02
8.902100000000000364e+02
8.898400000000000318e+02
8.898700000000000045e+02
8.900700000000000500e+02
8.901100000000000136e+02
8.901399999999999864e+02
8.901499999999999773e+02
8.901000000000000227e+02
8.900299999999999727e+02
8.897200000000000273e+02
8.900299999999999727e+02
8.899900000000000091e+02
8.902699999999999818e+02
8.902100000000000364e+02
8.902400000000000091e+02
8.902500000000000000e+02
8.905399999999999636e+02
8.905199999999999818e+02
8.905700000000000500e+02
8.902300000000000182e+02
8.902500000000000000e+02
8.902799999999999727e+02
8.902400000000000091e+02
8.902200000000000273e+02
8.899099999999999682e+02
8.899099999999999682e+02
8.899700000000000273e+02
8.899099999999999682e+02
8.902100000000000364e+02
8.905499999999999545e+02
8.904700000000000273e+02
8.902000000000000455e+02
8.898899999999999864e+02
8.901799999999999500e+02
8.901599999999999682e+02
8.901799999999999500e+02
8.901699999999999591e+02
8.901900000000000546e+02
8.901699999999999591e+02
8.898400000000000318e+02
8.897400000000000091e+02
8.897799999999999727e+02
8.897100000000000364e+02
8.897200000000000273e+02
8.897699999999999818e+02
8.898799999999999955e+02
8.899199999999999591e+02
8.898500000000000227e+02
8.899500000000000455e+02
8.898999999999999773e+02
8.896499999999999773e+02
8.896799999999999500e+02
8.896699999999999591e+02
8.897500000000000000e+02
8.899600000000000364e+02
8.898899999999999864e+02
8.896299999999999955e+02
8.895700000000000500e+02
8.895700000000000500e+02
8.895599999999999454e+02
8.895299999999999727e+02
8.892699999999999818e+02
8.892300000000000182e+02
8.891799999999999500e+02
8.888799999999999955e+02
8.886100000000000136e+02
8.886000000000000227e+02
8.885499999999999545e+02
8.884600000000000364e+02
8.883899999999999864e+02
8.884299999999999500e+02
8.884199999999999591e+02
8.886799999999999500e+02
8.883899999999999864e+02
8.880900000000000318e+02
8.880399999999999636e+02
8.880299999999999727e+02
8.881000000000000227e+02
8.878099999999999454e+02
8.877799999999999727e+02
8.881100000000000136e+02
8.881799999999999500e+02
8.879099999999999682e+02
8.882400000000000091e+02
8.882200000000000273e+02
8.882100000000000364e+02
8.881599999999999682e+02
8.881499999999999773e+02
8.881200000000000045e+02
8.882000000000000455e+02
8.882200000000000273e+02
8.885000000000000000e+02
8.885399999999999636e+02
8.888200000000000500e+02
8.888700000000000045e+02
8.889099999999999682e+02
8.889600000000000364e+02
8.886799999999999500e+02
8.883500000000000227e+02
8.883600000000000136e+02
8.886799999999999500e+02
8.887500000000000000e+02
8.884299999999999500e+02
8.881399999999999864e+02
8.881799999999999500e+02
8.884500000000000455e+02
8.881699999999999591e+02
8.881799999999999500e+02
8.882000000000000455e+02
8.882000000000000455e+02
8.878700000000000045e+02
8.878500000000000227e+02
8.878600000000000136e+02
8.879099999999999682e+02
8.882100000000000364e+02
8.885399999999999636e+02
8.882599999999999909e+02
8.885700000000000500e+02
8.885399999999999636e+02
8.886200000000000045e+02
8.888999999999999773e+02
8.888099999999999454e+02
8.888799999999999955e+02
8.889700000000000273e+02
8.890000000000000000e+02
8.889700000000000273e+02
8.888999999999999773e+02
8.888899999999999864e+02
8.886299999999999955e+02
8.885800000000000409e+02
8.885700000000000500e+02
8.885199999999999818e+02
8.887699999999999818e+02
8.884700000000000273e+02
8.884199999999999591e+02
8.884800000000000182e+02
8.885199999999999818e+02
8.884900000000000091e+02
8.887699999999999818e+02
8.890700000000000500e+02
8.891100000000000136e+02
8.891299999999999955e+02
8.894299999999999500e+02
8.897000000000000455e+02
8.893700000000000045e+02
8.893899999999999864e+02
8.890399999999999636e+02
8.890099999999999909e+02
8.889500000000000455e+02
8.890000000000000000e+02
8.889700000000000273e+02
8.890399999999999636e+02
8.893500000000000227e+02
8.895900000000000318e+02
8.896200000000000045e+02
8.899299999999999500e+02
8.898999999999999773e+02
8.899500000000000455e+02
8.902200000000000273e+02
8.904600000000000364e+02
8.905399999999999636e+02
8.908200000000000500e+02
8.909099999999999682e+02
8.909800000000000182e+02
8.912699999999999818e+02
8.912999999999999545e+02
8.912200000000000273e+02
8.912799999999999727e+02
8.913600000000000136e+02
8.917000000000000455e+02
8.917300000000000182e+02
8.917000000000000455e+02
8.914600000000000364e+02
8.914400000000000546e+02
8.914199999999999591e+02
8.915000000000000000e+02
8.917999999999999545e+02
8.920599999999999454e+02
8.921299999999999955e+02
8.921900000000000546e+02
8.919199999999999591e+02
8.919299999999999500e+02
8.918700000000000045e+02
8.915299999999999727e+02
8.913099999999999454e+02
8.912699999999999818e+02
8.916000000000000227e+02
8.918500000000000227e+02
8.921499999999999773e+02
8.921100000000000136e+02
8.923899999999999864e+02
8.916599999999999682e+02
8.919299999999999500e+02
8.915900000000000318e+02
8.915900000000000318e+02
8.918200000000000500e+02
8.917699999999999818e+02
8.917999999999999545e+02
8.917999999999999545e+02
8.917300000000000182e+02
8.913999999999999773e+02
8.916599999999999682e+02
8.916900000000000546e+02
8.919800000000000182e+02
8.919099999999999682e+02
8.916100000000000136e+02
8.918500000000000227e+02
8.921799999999999500e+02
8.921599999999999682e+02
8.921399999999999864e+02
8.922400000000000091e+02
8.920399999999999636e+02
8.917000000000000455e+02
8.916900000000000546e+02
8.913899999999999864e+02
8.910800000000000409e+02
8.910900000000000318e+02
8.908600000000000136e+02
8.908899999999999864e+02
8.909099999999999682e+02
8.906299999999999955e+02
8.907100000000000364e+02
8.906399999999999864e+02
8.906599999999999682e+02
8.906599999999999682e+02
8.909500000000000455e+02
8.909400000000000546e+02
8.912300000000000182e+02
8.912200000000000273e+02
8.909400000000000546e+02
8.909700000000000273e+02
8.910099999999999909e+02
8.908300000000000409e+02
8.909099999999999682e+02
8.910000000000000000e+02
8.912500000000000000e+02
8.909900000000000091e+02
8.913300000000000409e+02
8.913300000000000409e+02
8.910900000000000318e+02
8.911299999999999955e+02
8.911100000000000136e+02
8.907999999999999545e+02
8.905000000000000000e+02
8.908300000000000409e+02
8.905000000000000000e+02
8.905499999999999545e+02
8.906499999999999773e+02
8.906499999999999773e+02
8.905700000000000500e+02
8.904800000000000182e+02
8.906900000000000546e+02
8.906599999999999682e+02
8.904199999999999591e+02
8.900800000000000409e+02
8.898200000000000500e+02
8.897699999999999818e+02
8.897599999999999909e+02
8.894900000000000091e+02
8.891900000000000546e+02
8.894700000000000273e+02
8.894400000000000546e+02
8.893700000000000045e+02
8.892799999999999727e+02
8.893300000000000409e+02
8.892999999999999545e+02
8.893099999999999454e+02
8.895499999999999545e+02
8.894500000000000455e+02
8.891200000000000045e+02
8.893899999999999864e+02
