1.002935537835092816e+02
1.017469908120772857e+02
1.068217904329297880e+02
1.030846155844233323e+02
1.049433119849596068e+02
1.050055423108544943e+02
1.012793703254733515e+02
1.057063382430483216e+02
1.014336780326307519e+02
1.064465785598330712e+02
1.212702392504663038e+02
1.173871238769985865e+02
1.198398913757893780e+02
1.194954224093367827e+02
1.211659264186106952e+02
1.204579335753604710e+02
1.188045682057724690e+02
1.221594007250223228e+02
1.223143539726316078e+02
1.212880242653849336e+02
1.070850659530407540e+02
1.054535928802371103e+02
1.043849233159875780e+02
1.070790915172479174e+02
1.031882629079575935e+02
1.042302222869362964e+02
1.018503032704907127e+02
1.040836445807242825e+02
1.054656238718035439e+02
1.075195052229595518e+02
8.928162929250103730e+01
8.838414164050448107e+01
9.008377960208721902e+01
8.835893398061989501e+01
9.288834146422813376e+01
8.927301954455002431e+01
8.953583786571022074e+01
9.022489475043565221e+01
8.985495202708673901e+01
9.093066104755322954e+01
1.164482807730834253e+02
1.175273139615536593e+02
1.195700519844009762e+02
1.147967523750343020e+02
1.176770779087217136e+02
1.168924568376403670e+02
1.176647137564148125e+02
1.175716411496499774e+02
1.140674506751723527e+02
1.174265644629879404e+02
1.075824039026867922e+02
1.116824733486675569e+02
1.057115963626417283e+02
1.134561541307569428e+02
1.012077386888297497e+02
1.125624527728441535e+02
1.076514136043961258e+02
1.070644374622426795e+02
1.042735668278988754e+02
1.041343277878636542e+02
1.237891797841753032e+02
1.258413110112324063e+02
1.281707840783575705e+02
1.261638154566230696e+02
1.241425466011179140e+02
1.232951925482757503e+02
1.243761877352529979e+02
1.217439322084997144e+02
1.167834199042553962e+02
1.209276422412309415e+02
9.802349628388118674e+01
9.993957785852181530e+01
8.515911278071902757e+01
9.445294068636391671e+01
8.874625917878435644e+01
8.560528412479011706e+01
9.615564770966484787e+01
8.707416404100898433e+01
8.560410315470568321e+01
9.191558329915571335e+01
6.781777221376283649e+01
8.299759661787533105e+01
6.801073586447041919e+01
8.633046104280548150e+01
8.673674519079401080e+01
7.302862756538884526e+01
8.511979459240589563e+01
8.709893821149755411e+01
8.211401531290124467e+01
1.021909750629203728e+02
8.751009015748890363e+01
8.043762055647971465e+01
6.691786607533748565e+01
1.017976587144943039e+02
8.093582534229939540e+01
1.023686355274373341e+02
9.781201617272458293e+01
1.007451857642038959e+02
6.594013246198838374e+01
6.449770267565955351e+01
8.389837501569715528e+01
6.644683680089113409e+01
8.314971692510206935e+01
6.990331832346511476e+01
1.049045613992898609e+02
7.231787633581868135e+01
8.317175727739510194e+01
6.598424451779189326e+01
6.490854400884460063e+01
1.034595844084498992e+02
8.778654062848715967e+01
8.321951868784327644e+01
6.230354934177759674e+01
6.525666517169163683e+01
8.111988573118871670e+01
7.943714367549674193e+01
8.780075384948069939e+01
8.141664455504616171e+01
9.369198568265547067e+01
8.223565409737861387e+01
9.059147416180682910e+01
8.362970938221587858e+01
8.490953956650247392e+01
8.087134880795778713e+01
8.095202619912073772e+01
8.048240684312801818e+01
8.406832641505010884e+01
6.217130697343525014e+01
6.453310168106921196e+01
9.081223258479815286e+01
8.163249835356117501e+01
8.412755951465496196e+01
6.561286634454648947e+01
6.450811392549881873e+01
8.224445829350845827e+01
6.741688577262661397e+01
8.275914130168335703e+01
6.297917514782400872e+01
6.503312499074370123e+01
9.386869277403532408e+01
8.068114993427431614e+01
6.243029612825800712e+01
8.113953606924575013e+01
1.018047326613998820e+02
6.276154520896457001e+01
6.716714646250954956e+01
7.954937621247457002e+01
8.176595514154193722e+01
7.684319993040710983e+01
6.852064084683395606e+01
7.830456131927067531e+01
8.038652932391798345e+01
6.613674891924091526e+01
6.433504099473273641e+01
7.808433439654702113e+01
6.445903056778045936e+01
7.790672746495364720e+01
8.090774721231126421e+01
6.537663480012960804e+01
6.550084484627441839e+01
6.564282092872331020e+01
8.083369198970264335e+01
8.196183658552587303e+01
7.936800502309168337e+01
6.378764025714603747e+01
6.619333659291149274e+01
6.264274277749137809e+01
7.926458351080908926e+01
6.025925290719432326e+01
8.022753459840980383e+01
8.068157796916764823e+01
6.507331471450110882e+01
6.465550121425690122e+01
6.001063781899564020e+01
8.076602587614766549e+01
8.071515280183469088e+01
8.324364150590027123e+01
6.888328314329287139e+01
8.009970484294733239e+01
7.688346737745025905e+01
8.341700748099987095e+01
6.321765926896235754e+01
6.476949704510229822e+01
8.063592944380073391e+01
8.149728032961363056e+01
7.857299963926379860e+01
7.824765601562690165e+01
6.459706302847546056e+01
9.471143042224379371e+01
6.485484515868617450e+01
6.351128271403370462e+01
7.957205523062630448e+01
7.608893645742254819e+01
8.155169184141107053e+01
8.089667296162369325e+01
7.980528790988104504e+01
7.573085083469155165e+01
8.085068978498864567e+01
6.291719093626873160e+01
8.231445969745412583e+01
8.119285351623371128e+01
7.945477895864902962e+01
7.089660370660187994e+01
9.184449596833592011e+01
6.705374142920628344e+01
6.007283683970642585e+01
7.073101165646706079e+01
8.285898450522411451e+01
7.053433540340674313e+01
4.846340590959075456e+01
6.409711506913393464e+01
8.223205794607457619e+01
9.577738405587072634e+01
6.992299618456502230e+01
6.955080268105935204e+01
6.563398853717136205e+01
6.954801846245675279e+01
6.355964676014941972e+01
6.912114684597659675e+01
8.554696798213228703e+01
6.918487480739648277e+01
6.303811951001789993e+01
6.938078710807268124e+01
8.431008870089803509e+01
6.513099725594688039e+01
6.250379339276773294e+01
9.793600452159323311e+01
7.400285534020446221e+01
6.602671439292069522e+01
8.586560638973077175e+01
6.533924575656845946e+01
6.338202530565709480e+01
7.645801141048956140e+01
8.085764743507874641e+01
7.986041843811628382e+01
6.191636778193129231e+01
6.549380659443809805e+01
6.571891081935463319e+01
6.650301892206789489e+01
6.549990682387637264e+01
6.790260237685065192e+01
1.006269511259127256e+02
6.413844523671664888e+01
8.219395583218134504e+01
6.996160495212683372e+01
6.768081571733135604e+01
6.616522713342243378e+01
6.279480869033346124e+01
6.155395559999367805e+01
6.230507101698778172e+01
6.904905351794553781e+01
8.428628824097211236e+01
8.255895312077170445e+01
7.364179418452135906e+01
6.564505490621010608e+01
6.492136890976405539e+01
6.422637417409946181e+01
8.060621386602278449e+01
6.535454774348450258e+01
7.218064694952090576e+01
6.905116049951902824e+01
9.210276879762332669e+01
8.151432372838945639e+01
6.580881374772931736e+01
7.442925680034107927e+01
6.808612778401531784e+01
6.323695048128916341e+01
6.501012028775255658e+01
7.176694255873394468e+01
7.310249812750618048e+01
6.766980833744570134e+01
6.178674611415352302e+01
8.353168114306669167e+01
7.902190820410974936e+01
6.579036510110154268e+01
6.413501313759695677e+01
6.544159272134625382e+01
6.061899892023630088e+01
6.637965266891131932e+01
6.372968116405753136e+01
6.885142506227003878e+01
6.655055008428938379e+01
7.014712049546322703e+01
6.466444211120020213e+01
6.628849447405505657e+01
6.617451124574019161e+01
6.213587224201187809e+01
8.677152149953462867e+01
6.362818246412822987e+01
5.275973214958181501e+01
6.569798833626259693e+01
7.964127161984166037e+01
7.396667281145751360e+01
6.523449560112246104e+01
7.037514128008514547e+01
5.119458434740246844e+01
6.480047898382896676e+01
6.407578505212879350e+01
7.146844979728072644e+01
7.477603622782054060e+01
7.030438007247119003e+01
8.693287850081470935e+01
8.494780742649659544e+01
6.745304824058594306e+01
6.714319443750825656e+01
7.215409090279115389e+01
8.741826522770742258e+01
5.303066180810471053e+01
6.432468026133891215e+01
7.002492470271670300e+01
6.759662376419667851e+01
6.452845898188826368e+01
8.122901494938714961e+01
7.479281519877356743e+01
6.438480758962450068e+01
8.377105609039458045e+01
5.066523761154582672e+01
7.159430491081792525e+01
7.093610982860052161e+01
6.649544932975760503e+01
8.411092733849420711e+01
7.841953276235736325e+01
6.734066066992733113e+01
4.840614642417675384e+01
6.657902673315594200e+01
7.527496580002110704e+01
6.269231885239910440e+01
7.045811203205403217e+01
6.551056665782471100e+01
7.333281929315005243e+01
7.329485636913861413e+01
4.748653370112997152e+01
7.184565518925259653e+01
4.851034925188955782e+01
6.808534282083009259e+01
8.564046460892600976e+01
6.838394920085519857e+01
6.860056763521077983e+01
6.815818069759801290e+01
4.878845356630829855e+01
7.877733770408009661e+01
6.846848741117365478e+01
6.823035374227947614e+01
6.480724669291038254e+01
8.205035053343414120e+01
6.679165298207210810e+01
4.985988983302129185e+01
7.134422537142368981e+01
7.011652026551952588e+01
6.757562856661601813e+01
6.732539414227397856e+01
5.064900063912894268e+01
7.252368781735940217e+01
8.913009183507837463e+01
6.788334610304590910e+01
6.850889216499597012e+01
6.653861770005812559e+01
6.822067881099701481e+01
6.697070331311371660e+01
6.899376143345510570e+01
6.794970568469030070e+01
4.766289987906000647e+01
4.878611030444445618e+01
6.980036988257057828e+01
7.057828564877867450e+01
6.568381889012363217e+01
6.444316143886918269e+01
4.859028929480017212e+01
6.617359421204510284e+01
6.375940762647878302e+01
8.522906505711262071e+01
6.756251646963183077e+01
6.538430480730710315e+01
7.190581436478093735e+01
6.339608086169630496e+01
6.824313847737289507e+01
6.555883435542801863e+01
6.956398708489577132e+01
6.987973720216315598e+01
8.364607086325068508e+01
6.681556527826516856e+01
6.149578202134385663e+01
6.224085055883039530e+01
6.324060447012329433e+01
6.889629609486617312e+01
6.459251877026819955e+01
7.398625292522540065e+01
6.744841726833973894e+01
6.815194675309949446e+01
6.124631660534780764e+01
4.720592585964366350e+01
6.407618938544015919e+01
6.611520867526476763e+01
6.693031269248464810e+01
6.254480264046920723e+01
6.924780756240767232e+01
8.492397697195066542e+01
6.597676087809364276e+01
6.420976936237860855e+01
5.043983235398489029e+01
6.696105688393630828e+01
6.897342104840491572e+01
4.936596218336420350e+01
6.074026644135847164e+01
7.055504397989766119e+01
8.605311433520144249e+01
6.763906631092400801e+01
4.807901847408476215e+01
7.127939224162655307e+01
6.961741241369091426e+01
6.841608550699848479e+01
6.848935886865494638e+01
6.642184218749943625e+01
7.645793760893015190e+01
7.214486847495008703e+01
5.245061647324529019e+01
6.287256844675808765e+01
8.666259000542170554e+01
5.434981409113350992e+01
6.803386698713426028e+01
6.841193907817144293e+01
6.582395846839048659e+01
7.284805090822399620e+01
6.444401374048642595e+01
6.706802688757176156e+01
6.969453009855176617e+01
6.637557808494290157e+01
6.503557637444610862e+01
6.440192873486402902e+01
6.426779648878266471e+01
6.990049977590936692e+01
6.193907465619579256e+01
6.928564465808513262e+01
6.425413949073120534e+01
6.678029433440968887e+01
6.588223097119849569e+01
6.200147556912302349e+01
4.864861583172829285e+01
4.918349534299445480e+01
6.479412891647214678e+01
6.457052662831877399e+01
7.174598274467555825e+01
7.244686511316527344e+01
7.562389395719620211e+01
6.991414854989366745e+01
6.691152393544797405e+01
6.032259067799074614e+01
6.855205261035206377e+01
7.929587542051248761e+01
7.405790281560481958e+01
6.254753328937285062e+01
6.815052135224667040e+01
6.421148469548558069e+01
4.792070355703332751e+01
6.827529093676207594e+01
4.843837740138343406e+01
4.893985163304113684e+01
6.743427767354516789e+01
6.596105982826894376e+01
6.383782579380044808e+01
6.709641845314561692e+01
6.560799875529914971e+01
7.128142868412507482e+01
6.273906040294673403e+01
4.894038468520492557e+01
6.289374621059710790e+01
4.942422974833548466e+01
7.013237399317267773e+01
7.001390214981300630e+01
4.833604668895021206e+01
6.715472211030504468e+01
6.777635157167607360e+01
6.526422193543874073e+01
6.870542534702842374e+01
6.453094011415441855e+01
6.252593548352399466e+01
6.613466523579575096e+01
4.915120070720620049e+01
6.243487174174944698e+01
4.759002797005423702e+01
6.091504554440976449e+01
6.429417616744618158e+01
6.294529022842522892e+01
7.377666381387142280e+01
6.441291962723877873e+01
7.352167158023246429e+01
7.024814426652528709e+01
6.944058292745062033e+01
7.035572269202559426e+01
7.035180192706469882e+01
6.942661777408609680e+01
6.593083708883234806e+01
6.370390391900759397e+01
6.528676780866133811e+01
6.461482371585495343e+01
7.019343773922641105e+01
4.867991297975449072e+01
6.153344380758768750e+01
6.863897916215670136e+01
6.029668457315878527e+01
6.399333869778604367e+01
6.786133177201070055e+01
4.844126094795264947e+01
6.614537694493743913e+01
4.833346725548699396e+01
6.165005634210582741e+01
6.424941350340479573e+01
4.972635201508255420e+01
6.502200648528666704e+01
7.507333612164218550e+01
7.371073749502100725e+01
6.037836698650886547e+01
6.518747767146379601e+01
4.766953008627832133e+01
7.261420515151846189e+01
6.545778032571782035e+01
4.775309659167085385e+01
6.692094965273543039e+01
7.355933304930671568e+01
6.445487308195842502e+01
6.862736020177355556e+01
6.688959455470876492e+01
6.371187268230984557e+01
4.865524648772948524e+01
6.116601263073345507e+01
6.598543442831115158e+01
7.121294962209192647e+01
6.281792077319570922e+01
6.680274384607427862e+01
4.856193763626443172e+01
6.584929885397004057e+01
6.751454702175918499e+01
6.824641514679964871e+01
6.553301912502443827e+01
7.003766692401627836e+01
4.808415224555187706e+01
6.863225965121017680e+01
6.247086053628964919e+01
6.734486146409381035e+01
6.992167025430937599e+01
7.229837528566815763e+01
6.685199627432920977e+01
6.481395951215009177e+01
6.626160886408933948e+01
4.796736721727664587e+01
7.414796588037276592e+01
7.338431885516401110e+01
6.896284053466412445e+01
5.061430671733690190e+01
6.326803561386153518e+01
6.947991264333774097e+01
6.538074126683905263e+01
6.018059023808066144e+01
5.141286240144761166e+01
6.357101650029584761e+01
6.508325500595900337e+01
6.804476818477343159e+01
4.828706441892894929e+01
4.854620014160901320e+01
6.352857513492676844e+01
5.412406193863351689e+01
6.369333032069690859e+01
4.935303756325212987e+01
6.914333160530061662e+01
4.851195989585636426e+01
4.783649941884510781e+01
6.267052663597415574e+01
7.379155364322967614e+01
6.525542879838576482e+01
7.547068056796992153e+01
6.584051784987009626e+01
6.979895631524050259e+01
4.805924231127826829e+01
6.605969310283693119e+01
4.906086237934019323e+01
6.552333249528362558e+01
4.803216785652193010e+01
4.941644739568731381e+01
4.951063501639904985e+01
6.292044283303535224e+01
6.230175451993646618e+01
6.479186866288452507e+01
7.342695774581595458e+01
6.889089301685562816e+01
6.183182965633749006e+01
6.879499795057284928e+01
6.778805630181359732e+01
4.836312421731017253e+01
6.556414989531458559e+01
4.803254856200900491e+01
6.601498254763595241e+01
6.877627515936450209e+01
6.945422499970388230e+01
6.780204515333448967e+01
6.541947006567220058e+01
7.508854726570561411e+01
4.976024032153436849e+01
6.469266579664571282e+01
6.837172363956869958e+01
6.808061817348938405e+01
7.224205291718440947e+01
6.968400231052211780e+01
6.747401462873666844e+01
6.226044700803579701e+01
4.864847350580647145e+01
6.563649966513479228e+01
6.775014813837776728e+01
8.627430307518136487e+01
6.070208941614784948e+01
6.727624032355092254e+01
6.075703795735668677e+01
6.800484767917852480e+01
6.442595524034489074e+01
6.776903790601677713e+01
4.859320896856163330e+01
6.183048270071519426e+01
7.334902837796950337e+01
6.257604036587594010e+01
6.841350454503007938e+01
6.677687345023659304e+01
6.751961923286219758e+01
4.804165719226389086e+01
6.405959199892974709e+01
4.844175776307376680e+01
4.771126006848887613e+01
6.735556868186824886e+01
6.169601103086677796e+01
6.854896662637145255e+01
4.749139884573580161e+01
6.607975669314518541e+01
4.849082364387950861e+01
6.315009502228089389e+01
6.626135193207859686e+01
8.024782638262873036e+01
6.318917491819885868e+01
6.786102965533024189e+01
6.664915812790414407e+01
6.322046791126918208e+01
7.391187807663125398e+01
6.833685264495180434e+01
6.319154590416000872e+01
5.953944871787093973e+01
5.051318588230135731e+01
6.998691379198125162e+01
6.176363428440134840e+01
6.825383139960202072e+01
6.186446214147287037e+01
6.611814073444666917e+01
6.818271014657079832e+01
6.781212785013828181e+01
6.525018604417915924e+01
7.153342941019830903e+01
6.131803061440168534e+01
7.027630145690628183e+01
6.542354328364223193e+01
4.790590029866947930e+01
6.454595279714334310e+01
4.841445221424506684e+01
4.744031659281563407e+01
7.257222634365328418e+01
6.401873638288488166e+01
7.268954352864240320e+01
6.931095675591028282e+01
6.316134494786805931e+01
6.673894758312377462e+01
6.531314918158803096e+01
7.021434766518288484e+01
6.685208938601348905e+01
6.803763802363236834e+01
6.460955821007051725e+01
6.783664702586352746e+01
6.644866676147961471e+01
4.802229085340508874e+01
4.804348962570691128e+01
6.550252514407422666e+01
6.866358525921813794e+01
4.840419034496897410e+01
6.724550929178262493e+01
6.621989551575995847e+01
6.265230773325109226e+01
4.826482052820368551e+01
6.070500073825031961e+01
6.185220775086478540e+01
4.828335389320169213e+01
6.442282579905744910e+01
7.343521020641976804e+01
4.929272255988681906e+01
7.384289064374615918e+01
4.899208751305564391e+01
6.372572928228630929e+01
4.772058437409227594e+01
6.481404282218865376e+01
4.826020266792511393e+01
6.081762256854496229e+01
4.770789833760370868e+01
6.702597137604453792e+01
6.902733406563019969e+01
6.456880540385975564e+01
6.616879454392490345e+01
6.272178832859722775e+01
6.327428060002156940e+01
6.422994945191726401e+01
4.929732802036808437e+01
4.766178341209899116e+01
6.883025638054292017e+01
7.137881558171443430e+01
7.139896704925176607e+01
5.942166997686328500e+01
6.780371344829465841e+01
6.437923290848432600e+01
6.451239250311171247e+01
6.710819954447124758e+01
6.989203031190758963e+01
4.857164089229935655e+01
6.593626683487087803e+01
6.838263651380553654e+01
6.561060131748087088e+01
7.218947343891652224e+01
6.940598110187406178e+01
6.546651736966526869e+01
4.803698718603933315e+01
6.588229317527192563e+01
6.970221113253894885e+01
6.651347802787748265e+01
6.438692178578278913e+01
6.710282372977945897e+01
7.020228445675518003e+01
7.082288842506901005e+01
6.309174041701568569e+01
6.328050164700131575e+01
6.186539778161892400e+01
6.540421314426119181e+01
6.070093834111631281e+01
6.283065796921377455e+01
4.919940778395550041e+01
4.853585165253517886e+01
6.799568388303266886e+01
6.078635604447067919e+01
4.813218150027513076e+01
6.517667453883072426e+01
7.182015862652039573e+01
6.778439265310016992e+01
7.326238897894067748e+01
6.174258526053806406e+01
4.774796557004016506e+01
7.238355984097650264e+01
6.317243923692733176e+01
6.658340429339783384e+01
6.723355982087176130e+01
4.794293379932236121e+01
6.154961842243038461e+01
6.173614332745331978e+01
6.743930411057536389e+01
6.981954234171288931e+01
4.827613849131284240e+01
6.192790880660194830e+01
6.810329907557675710e+01
6.238639489376804192e+01
6.875034370624324254e+01
6.709122788889465028e+01
6.806403734996025889e+01
7.008649954860683806e+01
7.388383908142219525e+01
4.874248189484938365e+01
4.822913369801420913e+01
6.170434387349314420e+01
6.811667472026114467e+01
6.304887122978162495e+01
4.790906768514123115e+01
6.380191418836912476e+01
4.828757540887966826e+01
6.073093229509473190e+01
6.868984277736241495e+01
6.640806193469053653e+01
4.842006371156596600e+01
6.030400622841209213e+01
6.329289964581136019e+01
6.514909606374389739e+01
6.388943567093106424e+01
6.879207497898313761e+01
6.078928224018959270e+01
7.012814847820064301e+01
6.586700282288175856e+01
6.068868025064355720e+01
5.133972420960415661e+01
7.206745958449864986e+01
6.191695926477173373e+01
6.807025254797483171e+01
6.449835379953498204e+01
6.633839118382930167e+01
6.718344763752720894e+01
6.384616483833130474e+01
4.850989572066630018e+01
6.526657495620752059e+01
6.353396854822528894e+01
4.853186696351055218e+01
6.242398463975810330e+01
6.919115915315211396e+01
6.778243261059358815e+01
6.809173209582976938e+01
6.083897026709982470e+01
6.425490189363682703e+01
7.064366563814904509e+01
6.244290869926719267e+01
6.459326997633655765e+01
4.835209487150586938e+01
6.674108150495486314e+01
6.779559091026168005e+01
7.463851599770596579e+01
4.805353054600846008e+01
4.751933078897655349e+01
7.330747956651973141e+01
4.856126893626892382e+01
6.218189935266562429e+01
6.809053769293947767e+01
4.827423231934899661e+01
6.911551982499487679e+01
7.205885011225656456e+01
7.209160169718192890e+01
6.322018445889984406e+01
6.074896324633968447e+01
5.238975875093294121e+01
4.851006052888433118e+01
6.644949356128827844e+01
6.028709057284485340e+01
7.405180250052160318e+01
4.833057785481084778e+01
4.811769796037921765e+01
6.609925679940643306e+01
5.943236697534573665e+01
6.239718294276313770e+01
7.007232422306596220e+01
6.453898748564449761e+01
6.631730973973778021e+01
7.398569145011887827e+01
4.924187750135882169e+01
6.188476109973807127e+01
6.778405257602112499e+01
6.490063262404480326e+01
7.376575240218933516e+01
6.585389477515894896e+01
5.947630855683902951e+01
6.582821979440164739e+01
7.139810103485133652e+01
4.796393100699884826e+01
6.776120689266547004e+01
7.130493584383712857e+01
4.834769963269734205e+01
4.832311786422787492e+01
6.909652206751864867e+01
6.034097545476565472e+01
4.826985803797777663e+01
6.346684438294624897e+01
4.788949140521459213e+01
6.318226607319104460e+01
6.688775256295787131e+01
6.833453778430660464e+01
6.143034425974562396e+01
6.599764107550993231e+01
6.962860191850728597e+01
6.978527215834733965e+01
6.330912704966161897e+01
7.219152248796110882e+01
7.336918782227583335e+01
6.893497045763484721e+01
6.291076099087226225e+01
6.979754238217971363e+01
6.600828596013482752e+01
6.162506426086667943e+01
4.808593453169087439e+01
7.233221169955174901e+01
7.138231563796190926e+01
6.700434965322068592e+01
6.990610377441187495e+01
6.918794923128628227e+01
6.582949405771402951e+01
4.821693202927983890e+01
4.843422104937167205e+01
5.058009364538074948e+01
7.286320813784709571e+01
6.070102745435738711e+01
6.150922999590456186e+01
6.551142530231632577e+01
6.031837524240467019e+01
4.834898656358612357e+01
6.250124809458988295e+01
7.098820890015676355e+01
6.980130485890553871e+01
7.182548272409923129e+01
4.790254899625404050e+01
4.856356573363748197e+01
6.093420032032064881e+01
6.940449624319892052e+01
6.947130026573107386e+01
6.972109368628390769e+01
7.200315225796163077e+01
5.007256739077226371e+01
6.259200870453467047e+01
4.793204581304883760e+01
6.514323279907166864e+01
4.712814992234642375e+01
6.659220040900804349e+01
4.766491863025791531e+01
6.446512192287725895e+01
7.024980515195221642e+01
6.488571895112607990e+01
6.170691799125295063e+01
4.780688881289916026e+01
6.709183567073418430e+01
7.005612600752625951e+01
6.077018177861036463e+01
4.844039359571507219e+01
6.459463102700854620e+01
6.187010130819308529e+01
6.724293655973569628e+01
4.772479807900655402e+01
6.316565422793826201e+01
7.126139181926632205e+01
6.324378650813422809e+01
7.186739755725461976e+01
6.994504843330511790e+01
4.789828873921223362e+01
6.391488042545078940e+01
6.845513075850047358e+01
4.826221225967400841e+01
4.817680689565499108e+01
6.957330348800270770e+01
6.512602776292446549e+01
6.587480876211144221e+01
6.314876281104100997e+01
4.785171325702103928e+01
4.838078257729660692e+01
6.767050193854677786e+01
6.162508131760384344e+01
6.093789519715885206e+01
4.818560524040731963e+01
4.811571519694119559e+01
6.878624207595133555e+01
6.163478823483214342e+01
6.072870312314046259e+01
6.188933619497397842e+01
6.170757765185422272e+01
6.920433172615445017e+01
6.961864199167463596e+01
6.031111814933805704e+01
6.673554383415384450e+01
4.832060563168261780e+01
4.856885473982594448e+01
7.108195633464039531e+01
4.771352617203422142e+01
6.174293669376649518e+01
6.805365242222136146e+01
6.039768243899371214e+01
6.446762242859519176e+01
6.710931935216025579e+01
6.938253871902286107e+01
6.082481064119666314e+01
6.660635063715403703e+01
6.170859752981918689e+01
6.071855890583591986e+01
5.944780601955862664e+01
6.797660306803471997e+01
4.695936683377135523e+01
6.784195761061111796e+01
6.736025576481746668e+01
5.947537537001042551e+01
7.139810838564029893e+01
5.945510647314063135e+01
4.812922162895197431e+01
6.039078096624442082e+01
7.185006150119460244e+01
7.225123488678678996e+01
4.813268824052496342e+01
6.677769317403618743e+01
6.847597599714460159e+01
6.617739315114688736e+01
6.501235261272120169e+01
5.943639832640479170e+01
4.708315822495114134e+01
6.271299419582061319e+01
7.020228354018645689e+01
6.673986145688354554e+01
7.290738282552827343e+01
4.803919175295759914e+01
6.793145289623291205e+01
4.876159555239338772e+01
6.323975364581344394e+01
6.563300671215047544e+01
6.896671874996455642e+01
7.189295528048658923e+01
6.277344348892469839e+01
6.570951809118847109e+01
6.583181948724579513e+01
6.038876913789125922e+01
6.190283335594169500e+01
6.422037896265948120e+01
6.381532533826802478e+01
6.844597683220294471e+01
7.104522069029069087e+01
6.080147613859652722e+01
6.509227256093622316e+01
6.324376696878981363e+01
7.130420357992457525e+01
4.804469589095466375e+01
4.823787789325169939e+01
7.048110213833004423e+01
6.239694907140039959e+01
6.711003801595022367e+01
6.585272767173763953e+01
6.453868436918160967e+01
6.036875400863819152e+01
5.948907936090891724e+01
6.032437154034320770e+01
4.856878269452827368e+01
7.389070991152169654e+01
6.453948176753266353e+01
6.709065487071252676e+01
7.065943414982531579e+01
6.708180427387620171e+01
6.587775345353868772e+01
6.168572264016711415e+01
6.163884381006262458e+01
6.646331540248840497e+01
4.841579519099312279e+01
7.024315081350636092e+01
6.316843409675672660e+01
6.583759514538550661e+01
6.139784216636510905e+01
6.583424813704546352e+01
6.455662958662976791e+01
4.850077952857628105e+01
6.511657842306676969e+01
6.338371837246929630e+01
4.808590551357946197e+01
6.320474131177640231e+01
6.583594947079176052e+01
6.930575738496519023e+01
7.148853588089261279e+01
4.834456236616838254e+01
7.138048819501089781e+01
6.325098037806176876e+01
6.967618185456286994e+01
6.709598188889049197e+01
6.325540644711509231e+01
6.200026375577445492e+01
6.587966663525561728e+01
6.907805029274780395e+01
6.646258712225669285e+01
7.231871326169417102e+01
4.800440873920103257e+01
5.436112669647830842e+01
6.672172045910441796e+01
7.376615321478919896e+01
6.450871312419165804e+01
6.113947241879396444e+01
4.819520122668962614e+01
6.420295883044558138e+01
5.977823527081421418e+01
4.818111481429852461e+01
6.636478305062300365e+01
6.442622342853601936e+01
4.791415826282399593e+01
4.861709259896184676e+01
6.182248765332134610e+01
6.070058858714324401e+01
6.684553494066983603e+01
6.984577870250663523e+01
6.315521470844389285e+01
4.844295514008112491e+01
6.521539254660162044e+01
6.636438174164349846e+01
6.810758508605327677e+01
7.137644749350334905e+01
4.773406531933668617e+01
4.818735792721147959e+01
7.125570493994852939e+01
6.071313116116795072e+01
6.460789193966047605e+01
6.693972885904594250e+01
4.913151919440267079e+01
6.705260889408175728e+01
7.042349577332674926e+01
6.794865927046498655e+01
6.323387980058490143e+01
6.203490973244099393e+01
4.801731317146028744e+01
4.824087301764362223e+01
6.320969276603673848e+01
6.732456139084294477e+01
7.135358644149100371e+01
6.273350383039426958e+01
6.867724490554522276e+01
4.816847510721147785e+01
6.319442326721637926e+01
6.980671778013095263e+01
6.300509246671877150e+01
4.889861784836970315e+01
4.811282693850585446e+01
6.126065807795063733e+01
6.634076743091063122e+01
6.811726109326495759e+01
6.192506939371160968e+01
4.845122919789368865e+01
6.167213516728297407e+01
6.586897300744159622e+01
4.819777995433832274e+01
6.709536446085039074e+01
4.883055879768615171e+01
4.876740137650954665e+01
7.208065516051681243e+01
6.722836310068568366e+01
6.648690170034464586e+01
6.192268567447443672e+01
6.038365370156762424e+01
6.177112911291411734e+01
6.809323934913410881e+01
6.297188552472883316e+01
6.569646099409381179e+01
6.129738765109780729e+01
6.897455188482567223e+01
7.298105357465693999e+01
6.460764194143278871e+01
4.767520779574643797e+01
6.526497086039798035e+01
5.942594810098928804e+01
6.455359363607537659e+01
6.918634442619521963e+01
4.813260944579984368e+01
6.542744381413413635e+01
6.066207497872939314e+01
4.829152161829134826e+01
4.842127029729620347e+01
5.945993744151213889e+01
7.307344782657462190e+01
7.187200029021890657e+01
4.793537442014224581e+01
6.778070986432634015e+01
6.184127465469414631e+01
4.836413148028039188e+01
6.830172654017495404e+01
4.770481241382881876e+01
6.470671458484770255e+01
6.036143202128550911e+01
7.195947695815731038e+01
6.930822876118494946e+01
6.460723523685528846e+01
6.479645410910995906e+01
7.098178034686937110e+01
4.790077865545649161e+01
6.778801956512133131e+01
6.582936657615198328e+01
6.705677570519202391e+01
6.669290697628588305e+01
4.908068797255324256e+01
6.033110722636085654e+01
6.637278195278324233e+01
6.182848637172445194e+01
6.665545769701745371e+01
7.378828136727601361e+01
6.094746465101916755e+01
4.810370809662680358e+01
4.783890629971484998e+01
6.652643303166530586e+01
6.312024964813179650e+01
7.021001857035994931e+01
4.802820133982031336e+01
6.799196977300171341e+01
6.164943784147339301e+01
4.869395113291643895e+01
6.328434360952196869e+01
6.717340313843031652e+01
6.041343690140462996e+01
7.133170841426431252e+01
4.874128022450778985e+01
5.003999738992150981e+01
4.881052429876955756e+01
6.039910163348127980e+01
7.411487127458116220e+01
6.356863456789100297e+01
4.860904827581781973e+01
7.354429188145877561e+01
6.805686303513904534e+01
7.127524104546779427e+01
6.033519220122467175e+01
6.432123238714555669e+01
4.815756526390693182e+01
4.868301008008919695e+01
6.130096406951926724e+01
6.167730567763761940e+01
6.830331009958077004e+01
4.772472756346527234e+01
6.779227295077863857e+01
6.588575208677146122e+01
4.800507503000654452e+01
4.814910238946537646e+01
6.187267128785248360e+01
6.594943038514618650e+01
6.189411795648230452e+01
6.081721254167065638e+01
7.161332689079411296e+01
6.320019935160622992e+01
6.648920043404140756e+01
4.934675190204468720e+01
4.792443225227020775e+01
6.374630215387504961e+01
6.963440020842541855e+01
6.901084297855827288e+01
4.763029158302453681e+01
7.135353904286699844e+01
6.595515852968817683e+01
6.858369552979253569e+01
4.815275231525090049e+01
7.123797019071260195e+01
4.777686693753928893e+01
6.589006938528125090e+01
6.321698961559746976e+01
6.189111848380578351e+01
6.939204854985071336e+01
7.194561329057610521e+01
6.711309502506971114e+01
6.987046386898532546e+01
6.706847573302368914e+01
6.319752331652220789e+01
7.230512895300692833e+01
6.587066072677995976e+01
6.794747834624391203e+01
4.788949165694209853e+01
4.821770212191316318e+01
6.279131891278053246e+01
6.858898931923228304e+01
7.435565790039269984e+01
4.801561254555792146e+01
4.850199265870116250e+01
6.934312889797503487e+01
6.822534493384966936e+01
4.811063313676064723e+01
7.350384784494677604e+01
6.976182947651841459e+01
7.259453294604837481e+01
4.789176135541635659e+01
4.811746396242540413e+01
4.812911609000299507e+01
6.823899152250437794e+01
6.768120867032402543e+01
6.658456860090012697e+01
4.833551967662267401e+01
6.975918265380752814e+01
6.878863524372484051e+01
6.610694927094947104e+01
6.452749725657166380e+01
6.159281129900671914e+01
7.292254062984430618e+01
7.383530098015499732e+01
6.769983075959075336e+01
6.037806506615872593e+01
6.189745022712497757e+01
6.458913631489767226e+01
4.847328492181349446e+01
4.786319741425632657e+01
6.806232458438340416e+01
6.587676427863186746e+01
6.810139532172934196e+01
4.809139519711213495e+01
6.499385709017462887e+01
6.890961397753446249e+01
4.810314148440725290e+01
6.899875009559393391e+01
6.366679835672685073e+01
7.328053231819959024e+01
7.150128025412267618e+01
6.531343400071351368e+01
6.611469914393873637e+01
6.945961749879198521e+01
4.847633080187180354e+01
4.809136373604476944e+01
4.763844663652967171e+01
6.660490682591574796e+01
6.194519762101855775e+01
6.971178838325546678e+01
6.510928619043311016e+01
7.020224322579825582e+01
7.085964302352078903e+01
6.142205468512267430e+01
4.805295263505573189e+01
6.934312851647958098e+01
6.582586789226944290e+01
4.899770320799483159e+01
6.330757153177192009e+01
6.329252556314307299e+01
7.296271803621020524e+01
6.385273268389410362e+01
6.918369715501461314e+01
7.174109368243219365e+01
7.181634981438484999e+01
6.418725641600730114e+01
6.330887927084893363e+01
7.032809725952330382e+01
7.375639199832902193e+01
6.934526964041789654e+01
6.779017734003379303e+01
6.529787223849936595e+01
4.899003505017418547e+01
6.981088905601183114e+01
6.650182043303803425e+01
7.004765784113124027e+01
7.039462521392525218e+01
6.213431639712536736e+01
7.213255841617670683e+01
7.395253168634636154e+01
4.843040575952122850e+01
6.238159441521939641e+01
6.329007205276717229e+01
4.915792437994474540e+01
4.786603480064923843e+01
6.778816237768394615e+01
6.617849767324183574e+01
6.289951134374010877e+01
7.377086399944947459e+01
6.192069500943821936e+01
6.424335424873459033e+01
4.848882257631344572e+01
6.175605479286440413e+01
4.821226552711424773e+01
6.777575742819486493e+01
5.948631807638307123e+01
6.436808273242331779e+01
6.510394257702121479e+01
6.598441834008346518e+01
6.176190487005109730e+01
4.795933445585794175e+01
6.588913773884610237e+01
6.991214350581370240e+01
7.190856292082960977e+01
6.156795449593680303e+01
4.830725989499181594e+01
6.796818441187529913e+01
7.073274902638158323e+01
6.750400666510955716e+01
7.170478346978471507e+01
7.365014276978151031e+01
4.808446695517909575e+01
4.766401332739334151e+01
6.180833645432049650e+01
4.796768427045752503e+01
4.833100281828370726e+01
6.318890032758750408e+01
4.845486237029585652e+01
7.136735636381115455e+01
6.243335891189074260e+01
4.848374381183195680e+01
6.875435559132959895e+01
6.466545410455977105e+01
6.282451207132645266e+01
6.728844511129179295e+01
6.461980699712920284e+01
6.783095104900030492e+01
6.778430253105382519e+01
6.192567159300037360e+01
4.917957926723700268e+01
7.333539727984609158e+01
6.657836331449037459e+01
4.887215855684662102e+01
6.856090298028014729e+01
7.166106302868925582e+01
6.035307060335136953e+01
4.857280702116987925e+01
7.190915817382426667e+01
4.866069759556174290e+01
4.811227787480687823e+01
6.892724326236842103e+01
6.319144824011094386e+01
4.787814978720078329e+01
4.834309627524834241e+01
6.941168588061519529e+01
4.901842770641293612e+01
7.355877092374319659e+01
7.248730427924441244e+01
6.557188066781031921e+01
6.264843558852659555e+01
6.551250286029096515e+01
6.062863837816566104e+01
4.772732609178044072e+01
4.781942649204108875e+01
4.865920146661504475e+01
4.820499241250057310e+01
6.661375885409644582e+01
4.799315479222929781e+01
4.836213453959087616e+01
4.865473764584679373e+01
6.563893711675949305e+01
4.889766039274977061e+01
6.033387785809722459e+01
6.196428147987837320e+01
4.765114141860254193e+01
6.430600391543974581e+01
7.302037198997597045e+01
6.454160994087555991e+01
6.321847982047923864e+01
4.821511084741840847e+01
6.334514134024573195e+01
6.639592676938174520e+01
6.710001807434832699e+01
7.159968071202979445e+01
6.976738642278851898e+01
5.947577920262241946e+01
4.815040984157430870e+01
4.822949184816079793e+01
6.329940092720933364e+01
6.706763770318798379e+01
6.081564087884159164e+01
6.183389218239522478e+01
6.862370585493621888e+01
7.378853464260119210e+01
6.182599254443767478e+01
7.183182187822555420e+01
4.827405174158327839e+01
4.805753041460789632e+01
4.847251335558991769e+01
6.861773489234940371e+01
4.783269290407292829e+01
8.493514740673136032e+01
4.832431380146999089e+01
7.215502165083906050e+01
6.778213600312288634e+01
4.775287979154116869e+01
6.790737873561914739e+01
6.178234958036647129e+01
6.639509444815118400e+01
6.593755161039793222e+01
7.146004359752785717e+01
4.810468854549777973e+01
6.777714625446016328e+01
4.841846308919651420e+01
6.823890176997467449e+01
7.168077930963519862e+01
4.830788065883746185e+01
4.805859119551091396e+01
6.976292774559024679e+01
7.358541707934870146e+01
6.037728223718329446e+01
6.208180728457531927e+01
7.451759312304461957e+01
6.344244889034897028e+01
6.678032338408733892e+01
6.641721153508710529e+01
6.170519058598426909e+01
6.185170928083764608e+01
6.634140202178741674e+01
6.034059732357795269e+01
6.461310945907992220e+01
6.354967252613450057e+01
7.021161650056855308e+01
5.944720336701944774e+01
6.779636073828153542e+01
4.825653506650083102e+01
7.100651001690377484e+01
4.890926118181324256e+01
6.295742985693325977e+01
7.129131454606394414e+01
6.992657427939387560e+01
6.737521639565323994e+01
6.075864470378851934e+01
5.948185725964043513e+01
6.038041625995785466e+01
4.784785712813373237e+01
6.069533909360545465e+01
4.769922529884178175e+01
4.780473662131048940e+01
6.461813331823360329e+01
6.562373661241775835e+01
6.674305497886930993e+01
6.627910809105416945e+01
6.917341628113406671e+01
4.826787974922618929e+01
7.207993712633013672e+01
6.690558496120124232e+01
6.167477433704851819e+01
6.961843084885069288e+01
7.323111439433972691e+01
6.758913117460662079e+01
4.808471140961269441e+01
4.898930869957534640e+01
6.148637675332810204e+01
7.388805690329834874e+01
6.660178359649367508e+01
7.448754516704345008e+01
4.798148074227799498e+01
6.441751947057184680e+01
6.957419727147077992e+01
4.760845161418711768e+01
4.744714353010189711e+01
6.600450451230435078e+01
7.441894955062063843e+01
4.758493545575531414e+01
6.737941601113605827e+01
7.348716600667114562e+01
4.825316945776901889e+01
7.353529386571270265e+01
6.938630816658806566e+01
4.832739351170736342e+01
