1.555924942059139653e+02
7.494022730037559654e+01
1.374389273068755699e+02
7.350059542775088062e+01
4.280683775938226887e+01
1.015319896500581791e+02
1.295218618093734051e+02
9.513019264115217766e+01
1.026565416510068189e+02
8.016965744496231139e+01
2.299918274137285437e+02
4.875574017621411826e+01
1.281687511308173555e+02
1.336331773722659477e+02
1.938834773847927693e+02
1.102486631032612507e+02
5.544593010337543149e+01
1.581272952843744122e+02
1.175041898923446837e+02
1.463536682549857915e+02
3.643077468842093936e+01
3.271886664119245580e+01
8.554429386789843193e+01
6.912322524067283780e+01
8.447681309342611655e+01
5.891120818176379004e+01
4.994165002778208162e+01
6.854069503909208549e+01
4.072152448894726717e+01
1.265184121770532499e+02
1.429124754228811014e+02
1.824844631742761010e+02
6.398071954760639812e+01
6.254790858729227665e+01
2.528537926754154910e+02
1.697293001351472981e+02
1.276351416749848227e+02
1.027997290786795190e+02
2.193312874465467530e+02
1.353115696299367130e+02
4.810834277017784899e+01
4.428923169542088090e+01
3.940248523918064905e+01
6.565153150145691541e+01
4.677647616942045516e+01
5.282820547806817757e+01
4.795274933261631389e+01
3.336033379141300514e+01
3.991265685595904245e+01
4.237422403198448961e+01
3.301838382914899057e+02
3.420602407354414254e+02
2.594595676285659920e+02
3.130218295246742741e+02
3.259958482996738098e+02
3.286166020733427331e+02
3.281299669555241394e+02
3.312942705433775927e+02
2.916046195582626979e+02
2.826373580107194812e+02
1.117768971332228034e+02
1.054807538440155099e+02
1.922863861254739675e+02
2.151206005317522454e+02
6.564143014589059533e+01
8.303035794881806453e+01
4.771760336797398594e+01
1.139092800927985110e+02
3.572411808446635746e+02
2.747536722493467778e+02
8.330000000000000000e+02
8.330000000000000000e+02
8.510000000000000000e+02
8.420000000000000000e+02
8.440000000000000000e+02
8.440000000000000000e+02
8.250000000000000000e+02
8.490000000000000000e+02
8.420000000000000000e+02
8.370000000000000000e+02
8.760000000000000000e+02
8.420000000000000000e+02
8.660000000000000000e+02
8.410000000000000000e+02
8.390000000000000000e+02
8.570000000000000000e+02
8.450000000000000000e+02
8.390000000000000000e+02
8.370000000000000000e+02
5.069644764837581761e+02
8.370000000000000000e+02
8.430000000000000000e+02
8.760000000000000000e+02
8.000000000000000000e+02
8.430000000000000000e+02
5.169542094860192947e+02
8.060000000000000000e+02
8.000000000000000000e+02
8.720000000000000000e+02
8.800000000000000000e+02
8.400000000000000000e+02
8.740000000000000000e+02
8.460000000000000000e+02
8.670000000000000000e+02
4.880836910101368176e+02
8.740000000000000000e+02
8.440000000000000000e+02
8.700000000000000000e+02
8.720000000000000000e+02
4.266849678272409960e+02
8.450000000000000000e+02
8.460000000000000000e+02
8.830000000000000000e+02
8.810000000000000000e+02
8.450000000000000000e+02
8.470000000000000000e+02
8.430000000000000000e+02
8.450000000000000000e+02
8.080000000000000000e+02
8.430000000000000000e+02
8.420000000000000000e+02
8.450000000000000000e+02
8.420000000000000000e+02
8.450000000000000000e+02
8.490000000000000000e+02
8.480000000000000000e+02
8.430000000000000000e+02
8.730000000000000000e+02
8.760000000000000000e+02
8.390000000000000000e+02
8.440000000000000000e+02
8.420000000000000000e+02
8.720000000000000000e+02
8.780000000000000000e+02
8.420000000000000000e+02
8.770000000000000000e+02
8.400000000000000000e+02
8.790000000000000000e+02
8.780000000000000000e+02
8.100000000000000000e+02
8.450000000000000000e+02
8.750000000000000000e+02
8.440000000000000000e+02
5.089015030475047752e+02
8.780000000000000000e+02
8.640000000000000000e+02
8.460000000000000000e+02
8.390000000000000000e+02
8.510000000000000000e+02
8.720000000000000000e+02
8.540000000000000000e+02
8.430000000000000000e+02
8.780000000000000000e+02
8.810000000000000000e+02
8.490000000000000000e+02
8.790000000000000000e+02
8.500000000000000000e+02
8.430000000000000000e+02
8.630000000000000000e+02
8.800000000000000000e+02
8.710000000000000000e+02
8.450000000000000000e+02
8.480000000000000000e+02
8.500000000000000000e+02
8.770000000000000000e+02
8.710000000000000000e+02
8.860000000000000000e+02
8.450000000000000000e+02
8.770000000000000000e+02
8.440000000000000000e+02
8.470000000000000000e+02
8.840000000000000000e+02
8.800000000000000000e+02
8.820000000000000000e+02
8.460000000000000000e+02
8.450000000000000000e+02
8.380000000000000000e+02
8.800000000000000000e+02
8.450000000000000000e+02
8.500000000000000000e+02
8.360000000000000000e+02
8.780000000000000000e+02
8.770000000000000000e+02
8.510000000000000000e+02
8.430000000000000000e+02
8.480000000000000000e+02
8.490000000000000000e+02
8.770000000000000000e+02
8.100000000000000000e+02
8.850000000000000000e+02
8.810000000000000000e+02
8.530000000000000000e+02
8.490000000000000000e+02
8.400000000000000000e+02
8.430000000000000000e+02
8.440000000000000000e+02
8.510000000000000000e+02
8.460000000000000000e+02
8.840000000000000000e+02
8.420000000000000000e+02
8.430000000000000000e+02
8.460000000000000000e+02
8.780000000000000000e+02
8.160000000000000000e+02
8.690000000000000000e+02
8.820000000000000000e+02
8.770000000000000000e+02
8.410000000000000000e+02
8.770000000000000000e+02
9.080000000000000000e+02
8.670000000000000000e+02
8.450000000000000000e+02
8.100000000000000000e+02
8.730000000000000000e+02
8.740000000000000000e+02
8.810000000000000000e+02
8.680000000000000000e+02
8.690000000000000000e+02
8.670000000000000000e+02
8.350000000000000000e+02
8.680000000000000000e+02
8.810000000000000000e+02
8.770000000000000000e+02
8.350000000000000000e+02
8.820000000000000000e+02
8.840000000000000000e+02
8.010000000000000000e+02
8.740000000000000000e+02
8.690000000000000000e+02
8.340000000000000000e+02
8.790000000000000000e+02
8.780000000000000000e+02
8.720000000000000000e+02
8.470000000000000000e+02
8.470000000000000000e+02
8.770000000000000000e+02
8.780000000000000000e+02
8.690000000000000000e+02
8.710000000000000000e+02
8.780000000000000000e+02
8.790000000000000000e+02
4.986873213914081475e+02
8.840000000000000000e+02
8.390000000000000000e+02
8.790000000000000000e+02
8.750000000000000000e+02
8.810000000000000000e+02
8.760000000000000000e+02
8.870000000000000000e+02
8.790000000000000000e+02
8.750000000000000000e+02
8.360000000000000000e+02
8.420000000000000000e+02
8.730000000000000000e+02
8.830000000000000000e+02
8.780000000000000000e+02
8.730000000000000000e+02
8.450000000000000000e+02
8.790000000000000000e+02
8.750000000000000000e+02
8.770000000000000000e+02
8.230000000000000000e+02
8.420000000000000000e+02
8.780000000000000000e+02
8.760000000000000000e+02
8.760000000000000000e+02
8.810000000000000000e+02
8.750000000000000000e+02
8.790000000000000000e+02
8.730000000000000000e+02
8.700000000000000000e+02
8.830000000000000000e+02
8.360000000000000000e+02
8.440000000000000000e+02
8.810000000000000000e+02
8.850000000000000000e+02
8.760000000000000000e+02
8.730000000000000000e+02
8.790000000000000000e+02
8.740000000000000000e+02
8.700000000000000000e+02
8.810000000000000000e+02
8.780000000000000000e+02
8.740000000000000000e+02
8.740000000000000000e+02
8.790000000000000000e+02
8.740000000000000000e+02
8.340000000000000000e+02
8.860000000000000000e+02
8.910000000000000000e+02
8.760000000000000000e+02
8.420000000000000000e+02
8.790000000000000000e+02
8.800000000000000000e+02
8.710000000000000000e+02
8.990000000000000000e+02
8.780000000000000000e+02
8.750000000000000000e+02
8.750000000000000000e+02
8.760000000000000000e+02
8.760000000000000000e+02
8.320000000000000000e+02
8.360000000000000000e+02
8.790000000000000000e+02
8.770000000000000000e+02
8.770000000000000000e+02
8.290000000000000000e+02
8.880000000000000000e+02
8.830000000000000000e+02
8.770000000000000000e+02
8.820000000000000000e+02
8.840000000000000000e+02
8.420000000000000000e+02
8.750000000000000000e+02
8.840000000000000000e+02
8.370000000000000000e+02
9.000000000000000000e+02
8.770000000000000000e+02
8.750000000000000000e+02
8.800000000000000000e+02
8.340000000000000000e+02
8.460000000000000000e+02
8.800000000000000000e+02
9.080000000000000000e+02
8.810000000000000000e+02
8.750000000000000000e+02
8.780000000000000000e+02
8.810000000000000000e+02
8.810000000000000000e+02
8.780000000000000000e+02
8.770000000000000000e+02
9.120000000000000000e+02
8.770000000000000000e+02
9.080000000000000000e+02
8.770000000000000000e+02
8.330000000000000000e+02
8.820000000000000000e+02
8.740000000000000000e+02
8.810000000000000000e+02
9.100000000000000000e+02
8.430000000000000000e+02
8.690000000000000000e+02
8.800000000000000000e+02
8.800000000000000000e+02
8.380000000000000000e+02
8.790000000000000000e+02
9.090000000000000000e+02
8.790000000000000000e+02
8.810000000000000000e+02
8.800000000000000000e+02
8.750000000000000000e+02
9.020000000000000000e+02
8.770000000000000000e+02
8.250000000000000000e+02
8.770000000000000000e+02
8.810000000000000000e+02
8.740000000000000000e+02
8.800000000000000000e+02
8.770000000000000000e+02
8.780000000000000000e+02
8.830000000000000000e+02
9.080000000000000000e+02
9.070000000000000000e+02
8.820000000000000000e+02
8.800000000000000000e+02
8.830000000000000000e+02
8.840000000000000000e+02
9.080000000000000000e+02
8.820000000000000000e+02
8.870000000000000000e+02
8.340000000000000000e+02
8.770000000000000000e+02
8.830000000000000000e+02
8.770000000000000000e+02
8.860000000000000000e+02
8.800000000000000000e+02
8.800000000000000000e+02
8.770000000000000000e+02
8.770000000000000000e+02
8.350000000000000000e+02
8.750000000000000000e+02
8.830000000000000000e+02
8.870000000000000000e+02
8.750000000000000000e+02
8.680000000000000000e+02
8.840000000000000000e+02
8.760000000000000000e+02
8.820000000000000000e+02
8.810000000000000000e+02
8.870000000000000000e+02
9.120000000000000000e+02
8.830000000000000000e+02
8.830000000000000000e+02
8.820000000000000000e+02
8.860000000000000000e+02
8.790000000000000000e+02
8.360000000000000000e+02
8.830000000000000000e+02
8.800000000000000000e+02
9.060000000000000000e+02
8.780000000000000000e+02
8.830000000000000000e+02
9.070000000000000000e+02
8.870000000000000000e+02
8.770000000000000000e+02
8.320000000000000000e+02
8.790000000000000000e+02
9.080000000000000000e+02
8.770000000000000000e+02
8.800000000000000000e+02
8.790000000000000000e+02
8.810000000000000000e+02
8.760000000000000000e+02
8.740000000000000000e+02
8.740000000000000000e+02
8.930000000000000000e+02
8.830000000000000000e+02
8.320000000000000000e+02
8.910000000000000000e+02
8.790000000000000000e+02
8.800000000000000000e+02
8.790000000000000000e+02
8.760000000000000000e+02
8.820000000000000000e+02
8.780000000000000000e+02
8.800000000000000000e+02
8.830000000000000000e+02
8.830000000000000000e+02
8.840000000000000000e+02
8.850000000000000000e+02
8.780000000000000000e+02
8.860000000000000000e+02
8.820000000000000000e+02
8.870000000000000000e+02
8.800000000000000000e+02
8.810000000000000000e+02
8.870000000000000000e+02
9.080000000000000000e+02
9.030000000000000000e+02
8.840000000000000000e+02
8.820000000000000000e+02
8.790000000000000000e+02
8.770000000000000000e+02
8.760000000000000000e+02
8.800000000000000000e+02
8.810000000000000000e+02
8.880000000000000000e+02
8.800000000000000000e+02
8.450000000000000000e+02
8.760000000000000000e+02
8.840000000000000000e+02
8.800000000000000000e+02
8.850000000000000000e+02
9.050000000000000000e+02
8.790000000000000000e+02
9.060000000000000000e+02
9.060000000000000000e+02
8.830000000000000000e+02
8.840000000000000000e+02
8.830000000000000000e+02
8.760000000000000000e+02
8.780000000000000000e+02
8.790000000000000000e+02
8.860000000000000000e+02
9.100000000000000000e+02
8.850000000000000000e+02
9.040000000000000000e+02
8.780000000000000000e+02
8.800000000000000000e+02
9.140000000000000000e+02
8.830000000000000000e+02
8.820000000000000000e+02
8.820000000000000000e+02
8.810000000000000000e+02
8.850000000000000000e+02
8.830000000000000000e+02
8.830000000000000000e+02
9.020000000000000000e+02
8.860000000000000000e+02
9.090000000000000000e+02
8.860000000000000000e+02
8.860000000000000000e+02
8.860000000000000000e+02
8.790000000000000000e+02
8.790000000000000000e+02
8.780000000000000000e+02
8.790000000000000000e+02
8.730000000000000000e+02
8.800000000000000000e+02
8.790000000000000000e+02
8.780000000000000000e+02
8.790000000000000000e+02
8.850000000000000000e+02
8.810000000000000000e+02
8.840000000000000000e+02
8.790000000000000000e+02
9.060000000000000000e+02
8.850000000000000000e+02
8.800000000000000000e+02
8.880000000000000000e+02
8.860000000000000000e+02
8.820000000000000000e+02
9.070000000000000000e+02
8.830000000000000000e+02
9.090000000000000000e+02
8.870000000000000000e+02
8.850000000000000000e+02
9.040000000000000000e+02
8.840000000000000000e+02
8.760000000000000000e+02
8.760000000000000000e+02
8.870000000000000000e+02
8.770000000000000000e+02
9.130000000000000000e+02
8.790000000000000000e+02
8.810000000000000000e+02
9.100000000000000000e+02
8.820000000000000000e+02
8.770000000000000000e+02
8.820000000000000000e+02
8.780000000000000000e+02
8.810000000000000000e+02
8.850000000000000000e+02
9.130000000000000000e+02
8.870000000000000000e+02
8.830000000000000000e+02
8.790000000000000000e+02
8.860000000000000000e+02
8.790000000000000000e+02
9.060000000000000000e+02
8.830000000000000000e+02
8.790000000000000000e+02
8.800000000000000000e+02
8.830000000000000000e+02
8.790000000000000000e+02
9.110000000000000000e+02
8.800000000000000000e+02
8.860000000000000000e+02
8.830000000000000000e+02
8.780000000000000000e+02
8.780000000000000000e+02
8.810000000000000000e+02
8.770000000000000000e+02
8.830000000000000000e+02
9.040000000000000000e+02
8.760000000000000000e+02
8.780000000000000000e+02
8.810000000000000000e+02
9.010000000000000000e+02
8.870000000000000000e+02
8.790000000000000000e+02
8.800000000000000000e+02
8.880000000000000000e+02
9.030000000000000000e+02
8.850000000000000000e+02
8.800000000000000000e+02
8.810000000000000000e+02
9.140000000000000000e+02
9.090000000000000000e+02
8.860000000000000000e+02
8.890000000000000000e+02
8.850000000000000000e+02
9.040000000000000000e+02
8.820000000000000000e+02
9.130000000000000000e+02
9.120000000000000000e+02
8.870000000000000000e+02
8.770000000000000000e+02
8.840000000000000000e+02
8.760000000000000000e+02
8.840000000000000000e+02
8.810000000000000000e+02
9.120000000000000000e+02
8.840000000000000000e+02
9.020000000000000000e+02
8.800000000000000000e+02
9.120000000000000000e+02
9.040000000000000000e+02
9.050000000000000000e+02
8.870000000000000000e+02
8.860000000000000000e+02
8.840000000000000000e+02
8.770000000000000000e+02
8.790000000000000000e+02
8.870000000000000000e+02
8.800000000000000000e+02
8.830000000000000000e+02
9.110000000000000000e+02
8.790000000000000000e+02
9.110000000000000000e+02
8.810000000000000000e+02
8.830000000000000000e+02
8.800000000000000000e+02
8.790000000000000000e+02
8.800000000000000000e+02
8.750000000000000000e+02
9.040000000000000000e+02
8.860000000000000000e+02
8.800000000000000000e+02
8.830000000000000000e+02
8.780000000000000000e+02
8.810000000000000000e+02
8.760000000000000000e+02
8.860000000000000000e+02
9.130000000000000000e+02
8.850000000000000000e+02
8.800000000000000000e+02
8.300000000000000000e+02
8.870000000000000000e+02
8.800000000000000000e+02
8.870000000000000000e+02
8.820000000000000000e+02
8.810000000000000000e+02
8.780000000000000000e+02
9.100000000000000000e+02
8.870000000000000000e+02
8.780000000000000000e+02
8.800000000000000000e+02
8.820000000000000000e+02
8.800000000000000000e+02
8.820000000000000000e+02
9.130000000000000000e+02
8.820000000000000000e+02
9.140000000000000000e+02
9.080000000000000000e+02
8.820000000000000000e+02
8.870000000000000000e+02
8.830000000000000000e+02
9.090000000000000000e+02
8.840000000000000000e+02
9.090000000000000000e+02
8.860000000000000000e+02
8.810000000000000000e+02
8.400000000000000000e+02
8.860000000000000000e+02
8.800000000000000000e+02
8.850000000000000000e+02
8.860000000000000000e+02
8.770000000000000000e+02
8.820000000000000000e+02
8.860000000000000000e+02
8.880000000000000000e+02
9.050000000000000000e+02
8.790000000000000000e+02
8.870000000000000000e+02
8.800000000000000000e+02
8.870000000000000000e+02
8.810000000000000000e+02
8.790000000000000000e+02
8.800000000000000000e+02
8.810000000000000000e+02
8.790000000000000000e+02
8.860000000000000000e+02
8.790000000000000000e+02
8.860000000000000000e+02
9.120000000000000000e+02
8.850000000000000000e+02
9.140000000000000000e+02
9.140000000000000000e+02
8.770000000000000000e+02
8.850000000000000000e+02
8.780000000000000000e+02
8.810000000000000000e+02
8.860000000000000000e+02
8.840000000000000000e+02
8.860000000000000000e+02
8.790000000000000000e+02
8.830000000000000000e+02
8.800000000000000000e+02
8.850000000000000000e+02
8.810000000000000000e+02
8.820000000000000000e+02
9.120000000000000000e+02
9.090000000000000000e+02
8.800000000000000000e+02
8.800000000000000000e+02
9.130000000000000000e+02
8.800000000000000000e+02
8.810000000000000000e+02
8.860000000000000000e+02
9.100000000000000000e+02
8.870000000000000000e+02
8.870000000000000000e+02
9.130000000000000000e+02
8.860000000000000000e+02
8.780000000000000000e+02
9.100000000000000000e+02
8.780000000000000000e+02
9.130000000000000000e+02
8.850000000000000000e+02
9.130000000000000000e+02
8.850000000000000000e+02
9.120000000000000000e+02
8.870000000000000000e+02
9.110000000000000000e+02
8.830000000000000000e+02
8.800000000000000000e+02
8.850000000000000000e+02
8.830000000000000000e+02
8.850000000000000000e+02
8.860000000000000000e+02
8.850000000000000000e+02
9.080000000000000000e+02
9.080000000000000000e+02
8.800000000000000000e+02
8.800000000000000000e+02
8.800000000000000000e+02
8.880000000000000000e+02
8.800000000000000000e+02
8.820000000000000000e+02
8.860000000000000000e+02
8.830000000000000000e+02
8.800000000000000000e+02
9.130000000000000000e+02
8.840000000000000000e+02
8.810000000000000000e+02
8.840000000000000000e+02
8.770000000000000000e+02
8.810000000000000000e+02
8.850000000000000000e+02
9.120000000000000000e+02
8.840000000000000000e+02
8.800000000000000000e+02
8.830000000000000000e+02
8.800000000000000000e+02
8.830000000000000000e+02
8.810000000000000000e+02
8.790000000000000000e+02
8.860000000000000000e+02
8.860000000000000000e+02
8.870000000000000000e+02
8.810000000000000000e+02
8.870000000000000000e+02
8.870000000000000000e+02
9.070000000000000000e+02
9.120000000000000000e+02
8.800000000000000000e+02
8.870000000000000000e+02
9.130000000000000000e+02
8.840000000000000000e+02
8.790000000000000000e+02
8.830000000000000000e+02
8.770000000000000000e+02
8.870000000000000000e+02
9.090000000000000000e+02
8.780000000000000000e+02
8.860000000000000000e+02
8.810000000000000000e+02
8.830000000000000000e+02
9.090000000000000000e+02
8.870000000000000000e+02
8.870000000000000000e+02
8.820000000000000000e+02
8.790000000000000000e+02
9.120000000000000000e+02
8.870000000000000000e+02
8.800000000000000000e+02
8.870000000000000000e+02
8.830000000000000000e+02
8.830000000000000000e+02
8.800000000000000000e+02
8.800000000000000000e+02
8.780000000000000000e+02
9.070000000000000000e+02
9.090000000000000000e+02
8.870000000000000000e+02
8.800000000000000000e+02
8.860000000000000000e+02
9.090000000000000000e+02
8.850000000000000000e+02
9.140000000000000000e+02
8.870000000000000000e+02
8.790000000000000000e+02
8.810000000000000000e+02
9.080000000000000000e+02
8.880000000000000000e+02
8.860000000000000000e+02
8.840000000000000000e+02
8.850000000000000000e+02
8.800000000000000000e+02
8.870000000000000000e+02
8.800000000000000000e+02
8.840000000000000000e+02
8.870000000000000000e+02
8.990000000000000000e+02
8.790000000000000000e+02
8.870000000000000000e+02
8.800000000000000000e+02
8.820000000000000000e+02
8.810000000000000000e+02
8.790000000000000000e+02
8.850000000000000000e+02
9.130000000000000000e+02
8.860000000000000000e+02
8.820000000000000000e+02
9.120000000000000000e+02
8.860000000000000000e+02
8.780000000000000000e+02
8.800000000000000000e+02
8.800000000000000000e+02
8.870000000000000000e+02
8.850000000000000000e+02
8.780000000000000000e+02
8.860000000000000000e+02
8.850000000000000000e+02
9.100000000000000000e+02
8.840000000000000000e+02
8.800000000000000000e+02
8.770000000000000000e+02
9.110000000000000000e+02
9.140000000000000000e+02
8.780000000000000000e+02
9.080000000000000000e+02
8.820000000000000000e+02
8.800000000000000000e+02
9.140000000000000000e+02
8.790000000000000000e+02
8.790000000000000000e+02
8.780000000000000000e+02
8.860000000000000000e+02
8.870000000000000000e+02
8.960000000000000000e+02
9.090000000000000000e+02
8.800000000000000000e+02
8.880000000000000000e+02
8.780000000000000000e+02
9.080000000000000000e+02
9.110000000000000000e+02
8.800000000000000000e+02
8.880000000000000000e+02
8.860000000000000000e+02
8.800000000000000000e+02
8.850000000000000000e+02
8.830000000000000000e+02
8.780000000000000000e+02
9.110000000000000000e+02
8.870000000000000000e+02
8.830000000000000000e+02
8.830000000000000000e+02
8.780000000000000000e+02
8.840000000000000000e+02
8.880000000000000000e+02
8.840000000000000000e+02
8.800000000000000000e+02
9.100000000000000000e+02
8.820000000000000000e+02
8.800000000000000000e+02
9.080000000000000000e+02
9.130000000000000000e+02
8.830000000000000000e+02
8.880000000000000000e+02
9.090000000000000000e+02
8.860000000000000000e+02
9.100000000000000000e+02
8.860000000000000000e+02
8.800000000000000000e+02
8.800000000000000000e+02
8.860000000000000000e+02
8.810000000000000000e+02
8.800000000000000000e+02
8.800000000000000000e+02
8.860000000000000000e+02
8.780000000000000000e+02
8.760000000000000000e+02
8.820000000000000000e+02
8.860000000000000000e+02
8.820000000000000000e+02
8.810000000000000000e+02
8.870000000000000000e+02
9.120000000000000000e+02
8.780000000000000000e+02
8.790000000000000000e+02
8.800000000000000000e+02
8.790000000000000000e+02
8.770000000000000000e+02
8.840000000000000000e+02
9.120000000000000000e+02
9.110000000000000000e+02
9.010000000000000000e+02
8.780000000000000000e+02
8.870000000000000000e+02
8.860000000000000000e+02
8.850000000000000000e+02
8.880000000000000000e+02
9.080000000000000000e+02
8.860000000000000000e+02
8.790000000000000000e+02
8.800000000000000000e+02
8.790000000000000000e+02
9.100000000000000000e+02
9.130000000000000000e+02
8.870000000000000000e+02
8.810000000000000000e+02
8.770000000000000000e+02
8.800000000000000000e+02
8.790000000000000000e+02
9.030000000000000000e+02
8.860000000000000000e+02
9.120000000000000000e+02
8.840000000000000000e+02
9.120000000000000000e+02
8.810000000000000000e+02
9.130000000000000000e+02
8.790000000000000000e+02
8.800000000000000000e+02
8.840000000000000000e+02
8.870000000000000000e+02
9.130000000000000000e+02
8.830000000000000000e+02
8.800000000000000000e+02
8.870000000000000000e+02
9.130000000000000000e+02
8.850000000000000000e+02
8.870000000000000000e+02
8.800000000000000000e+02
9.130000000000000000e+02
8.860000000000000000e+02
8.790000000000000000e+02
8.860000000000000000e+02
8.780000000000000000e+02
8.770000000000000000e+02
9.110000000000000000e+02
8.820000000000000000e+02
8.800000000000000000e+02
9.130000000000000000e+02
9.130000000000000000e+02
8.800000000000000000e+02
8.840000000000000000e+02
8.840000000000000000e+02
8.860000000000000000e+02
9.100000000000000000e+02
9.100000000000000000e+02
8.800000000000000000e+02
8.870000000000000000e+02
8.870000000000000000e+02
9.130000000000000000e+02
9.110000000000000000e+02
8.800000000000000000e+02
8.870000000000000000e+02
8.870000000000000000e+02
8.870000000000000000e+02
8.870000000000000000e+02
8.810000000000000000e+02
8.800000000000000000e+02
8.880000000000000000e+02
8.810000000000000000e+02
9.130000000000000000e+02
9.090000000000000000e+02
8.780000000000000000e+02
9.130000000000000000e+02
8.870000000000000000e+02
8.830000000000000000e+02
8.880000000000000000e+02
8.850000000000000000e+02
8.830000000000000000e+02
8.800000000000000000e+02
8.870000000000000000e+02
8.810000000000000000e+02
8.870000000000000000e+02
8.870000000000000000e+02
8.880000000000000000e+02
8.830000000000000000e+02
9.120000000000000000e+02
8.800000000000000000e+02
8.820000000000000000e+02
8.880000000000000000e+02
8.800000000000000000e+02
8.880000000000000000e+02
9.090000000000000000e+02
8.880000000000000000e+02
8.790000000000000000e+02
8.800000000000000000e+02
9.100000000000000000e+02
8.810000000000000000e+02
8.800000000000000000e+02
8.810000000000000000e+02
8.850000000000000000e+02
8.880000000000000000e+02
9.110000000000000000e+02
8.860000000000000000e+02
8.810000000000000000e+02
8.830000000000000000e+02
8.780000000000000000e+02
9.100000000000000000e+02
8.800000000000000000e+02
9.130000000000000000e+02
8.860000000000000000e+02
8.850000000000000000e+02
8.790000000000000000e+02
8.790000000000000000e+02
8.860000000000000000e+02
8.810000000000000000e+02
8.810000000000000000e+02
8.880000000000000000e+02
8.870000000000000000e+02
8.850000000000000000e+02
8.810000000000000000e+02
8.810000000000000000e+02
8.800000000000000000e+02
8.870000000000000000e+02
8.800000000000000000e+02
8.860000000000000000e+02
8.790000000000000000e+02
9.100000000000000000e+02
9.140000000000000000e+02
8.790000000000000000e+02
8.860000000000000000e+02
8.800000000000000000e+02
8.840000000000000000e+02
8.850000000000000000e+02
8.880000000000000000e+02
8.880000000000000000e+02
8.880000000000000000e+02
9.100000000000000000e+02
8.770000000000000000e+02
8.850000000000000000e+02
8.830000000000000000e+02
8.790000000000000000e+02
8.820000000000000000e+02
8.800000000000000000e+02
8.870000000000000000e+02
8.870000000000000000e+02
8.810000000000000000e+02
9.100000000000000000e+02
8.810000000000000000e+02
8.860000000000000000e+02
8.840000000000000000e+02
8.870000000000000000e+02
8.840000000000000000e+02
8.850000000000000000e+02
9.120000000000000000e+02
8.820000000000000000e+02
8.820000000000000000e+02
9.100000000000000000e+02
8.860000000000000000e+02
8.840000000000000000e+02
8.790000000000000000e+02
8.810000000000000000e+02
9.140000000000000000e+02
8.790000000000000000e+02
8.860000000000000000e+02
8.800000000000000000e+02
8.830000000000000000e+02
8.860000000000000000e+02
8.850000000000000000e+02
8.840000000000000000e+02
8.800000000000000000e+02
8.810000000000000000e+02
8.780000000000000000e+02
9.110000000000000000e+02
8.900000000000000000e+02
8.810000000000000000e+02
8.780000000000000000e+02
8.850000000000000000e+02
8.860000000000000000e+02
9.090000000000000000e+02
8.810000000000000000e+02
8.870000000000000000e+02
9.090000000000000000e+02
8.810000000000000000e+02
8.850000000000000000e+02
9.100000000000000000e+02
9.130000000000000000e+02
8.870000000000000000e+02
8.870000000000000000e+02
8.810000000000000000e+02
8.800000000000000000e+02
8.860000000000000000e+02
9.090000000000000000e+02
8.820000000000000000e+02
8.810000000000000000e+02
8.820000000000000000e+02
8.790000000000000000e+02
9.110000000000000000e+02
9.090000000000000000e+02
8.790000000000000000e+02
8.870000000000000000e+02
8.850000000000000000e+02
8.830000000000000000e+02
9.080000000000000000e+02
8.800000000000000000e+02
8.780000000000000000e+02
8.800000000000000000e+02
8.860000000000000000e+02
8.860000000000000000e+02
9.110000000000000000e+02
9.140000000000000000e+02
8.860000000000000000e+02
8.800000000000000000e+02
8.800000000000000000e+02
8.860000000000000000e+02
8.790000000000000000e+02
9.080000000000000000e+02
8.860000000000000000e+02
8.810000000000000000e+02
8.860000000000000000e+02
9.050000000000000000e+02
9.110000000000000000e+02
8.870000000000000000e+02
8.830000000000000000e+02
8.800000000000000000e+02
8.870000000000000000e+02
9.130000000000000000e+02
8.870000000000000000e+02
8.840000000000000000e+02
9.100000000000000000e+02
8.830000000000000000e+02
9.120000000000000000e+02
9.090000000000000000e+02
8.780000000000000000e+02
8.810000000000000000e+02
8.810000000000000000e+02
8.870000000000000000e+02
8.870000000000000000e+02
8.870000000000000000e+02
8.820000000000000000e+02
8.870000000000000000e+02
8.840000000000000000e+02
8.870000000000000000e+02
8.800000000000000000e+02
8.780000000000000000e+02
8.850000000000000000e+02
9.130000000000000000e+02
8.860000000000000000e+02
8.880000000000000000e+02
8.850000000000000000e+02
8.810000000000000000e+02
9.130000000000000000e+02
8.800000000000000000e+02
8.870000000000000000e+02
9.140000000000000000e+02
9.090000000000000000e+02
8.880000000000000000e+02
8.790000000000000000e+02
8.790000000000000000e+02
9.100000000000000000e+02
8.830000000000000000e+02
8.870000000000000000e+02
9.100000000000000000e+02
8.800000000000000000e+02
9.130000000000000000e+02
8.830000000000000000e+02
8.880000000000000000e+02
8.780000000000000000e+02
8.800000000000000000e+02
8.850000000000000000e+02
8.810000000000000000e+02
8.770000000000000000e+02
9.120000000000000000e+02
8.830000000000000000e+02
8.840000000000000000e+02
8.830000000000000000e+02
8.790000000000000000e+02
9.110000000000000000e+02
8.880000000000000000e+02
8.810000000000000000e+02
8.870000000000000000e+02
8.830000000000000000e+02
8.780000000000000000e+02
8.870000000000000000e+02
9.110000000000000000e+02
9.110000000000000000e+02
8.810000000000000000e+02
8.860000000000000000e+02
8.800000000000000000e+02
9.100000000000000000e+02
8.800000000000000000e+02
8.870000000000000000e+02
9.120000000000000000e+02
8.860000000000000000e+02
8.800000000000000000e+02
8.880000000000000000e+02
8.800000000000000000e+02
9.080000000000000000e+02
8.990000000000000000e+02
9.090000000000000000e+02
8.880000000000000000e+02
8.760000000000000000e+02
8.860000000000000000e+02
9.090000000000000000e+02
8.780000000000000000e+02
8.810000000000000000e+02
8.790000000000000000e+02
8.880000000000000000e+02
8.850000000000000000e+02
9.100000000000000000e+02
9.130000000000000000e+02
8.860000000000000000e+02
8.870000000000000000e+02
8.800000000000000000e+02
9.110000000000000000e+02
8.830000000000000000e+02
8.840000000000000000e+02
9.090000000000000000e+02
9.090000000000000000e+02
8.870000000000000000e+02
8.840000000000000000e+02
8.870000000000000000e+02
8.870000000000000000e+02
8.790000000000000000e+02
8.860000000000000000e+02
8.810000000000000000e+02
9.100000000000000000e+02
9.120000000000000000e+02
8.850000000000000000e+02
8.800000000000000000e+02
8.800000000000000000e+02
9.080000000000000000e+02
8.800000000000000000e+02
8.810000000000000000e+02
8.790000000000000000e+02
9.130000000000000000e+02
8.790000000000000000e+02
9.110000000000000000e+02
8.840000000000000000e+02
8.860000000000000000e+02
8.870000000000000000e+02
8.810000000000000000e+02
8.790000000000000000e+02
8.830000000000000000e+02
8.800000000000000000e+02
8.830000000000000000e+02
8.850000000000000000e+02
8.780000000000000000e+02
8.840000000000000000e+02
8.800000000000000000e+02
9.120000000000000000e+02
9.140000000000000000e+02
8.860000000000000000e+02
8.800000000000000000e+02
8.770000000000000000e+02
9.120000000000000000e+02
9.080000000000000000e+02
8.830000000000000000e+02
8.820000000000000000e+02
9.110000000000000000e+02
8.780000000000000000e+02
8.800000000000000000e+02
8.790000000000000000e+02
9.110000000000000000e+02
9.090000000000000000e+02
9.110000000000000000e+02
8.820000000000000000e+02
8.810000000000000000e+02
8.810000000000000000e+02
9.140000000000000000e+02
8.790000000000000000e+02
8.820000000000000000e+02
8.780000000000000000e+02
8.850000000000000000e+02
8.870000000000000000e+02
8.790000000000000000e+02
8.770000000000000000e+02
8.800000000000000000e+02
8.880000000000000000e+02
8.870000000000000000e+02
8.810000000000000000e+02
9.130000000000000000e+02
9.120000000000000000e+02
8.790000000000000000e+02
8.840000000000000000e+02
8.800000000000000000e+02
9.100000000000000000e+02
8.840000000000000000e+02
8.820000000000000000e+02
9.090000000000000000e+02
8.820000000000000000e+02
8.850000000000000000e+02
8.790000000000000000e+02
8.760000000000000000e+02
8.840000000000000000e+02
8.810000000000000000e+02
8.810000000000000000e+02
9.130000000000000000e+02
9.100000000000000000e+02
9.130000000000000000e+02
8.810000000000000000e+02
8.860000000000000000e+02
8.810000000000000000e+02
8.840000000000000000e+02
8.810000000000000000e+02
8.800000000000000000e+02
8.870000000000000000e+02
9.090000000000000000e+02
8.780000000000000000e+02
8.840000000000000000e+02
9.070000000000000000e+02
8.860000000000000000e+02
8.860000000000000000e+02
8.770000000000000000e+02
8.850000000000000000e+02
8.790000000000000000e+02
8.790000000000000000e+02
8.790000000000000000e+02
8.820000000000000000e+02
8.860000000000000000e+02
8.790000000000000000e+02
8.780000000000000000e+02
8.800000000000000000e+02
8.830000000000000000e+02
8.850000000000000000e+02
9.070000000000000000e+02
8.810000000000000000e+02
8.820000000000000000e+02
8.800000000000000000e+02
8.790000000000000000e+02
8.870000000000000000e+02
8.790000000000000000e+02
8.770000000000000000e+02
9.140000000000000000e+02
8.860000000000000000e+02
8.860000000000000000e+02
9.120000000000000000e+02
9.090000000000000000e+02
8.830000000000000000e+02
8.810000000000000000e+02
8.860000000000000000e+02
8.780000000000000000e+02
8.870000000000000000e+02
8.850000000000000000e+02
9.080000000000000000e+02
8.870000000000000000e+02
9.130000000000000000e+02
8.830000000000000000e+02
8.880000000000000000e+02
8.850000000000000000e+02
8.840000000000000000e+02
8.810000000000000000e+02
8.870000000000000000e+02
9.120000000000000000e+02
8.840000000000000000e+02
8.800000000000000000e+02
8.790000000000000000e+02
8.870000000000000000e+02
9.090000000000000000e+02
8.830000000000000000e+02
8.790000000000000000e+02
8.820000000000000000e+02
8.790000000000000000e+02
8.780000000000000000e+02
9.070000000000000000e+02
9.120000000000000000e+02
8.870000000000000000e+02
9.110000000000000000e+02
9.140000000000000000e+02
8.860000000000000000e+02
9.100000000000000000e+02
8.790000000000000000e+02
8.860000000000000000e+02
9.130000000000000000e+02
8.780000000000000000e+02
8.860000000000000000e+02
8.860000000000000000e+02
8.830000000000000000e+02
8.850000000000000000e+02
8.800000000000000000e+02
8.800000000000000000e+02
8.870000000000000000e+02
9.070000000000000000e+02
8.780000000000000000e+02
8.790000000000000000e+02
9.050000000000000000e+02
8.800000000000000000e+02
8.790000000000000000e+02
8.880000000000000000e+02
9.130000000000000000e+02
8.790000000000000000e+02
9.130000000000000000e+02
9.090000000000000000e+02
8.800000000000000000e+02
8.860000000000000000e+02
9.110000000000000000e+02
9.080000000000000000e+02
8.800000000000000000e+02
9.120000000000000000e+02
8.780000000000000000e+02
8.780000000000000000e+02
8.800000000000000000e+02
8.860000000000000000e+02
8.810000000000000000e+02
8.880000000000000000e+02
9.110000000000000000e+02
9.110000000000000000e+02
9.120000000000000000e+02
9.090000000000000000e+02
8.810000000000000000e+02
9.120000000000000000e+02
9.130000000000000000e+02
9.100000000000000000e+02
8.850000000000000000e+02
9.130000000000000000e+02
8.880000000000000000e+02
8.860000000000000000e+02
9.080000000000000000e+02
8.850000000000000000e+02
8.780000000000000000e+02
8.850000000000000000e+02
8.860000000000000000e+02
9.140000000000000000e+02
8.860000000000000000e+02
8.820000000000000000e+02
8.830000000000000000e+02
8.790000000000000000e+02
8.800000000000000000e+02
8.880000000000000000e+02
9.090000000000000000e+02
9.130000000000000000e+02
8.860000000000000000e+02
8.830000000000000000e+02
8.870000000000000000e+02
8.870000000000000000e+02
8.800000000000000000e+02
8.780000000000000000e+02
8.870000000000000000e+02
8.790000000000000000e+02
9.140000000000000000e+02
9.110000000000000000e+02
9.080000000000000000e+02
8.830000000000000000e+02
9.130000000000000000e+02
8.350000000000000000e+02
9.140000000000000000e+02
8.790000000000000000e+02
8.830000000000000000e+02
9.110000000000000000e+02
8.800000000000000000e+02
8.870000000000000000e+02
8.810000000000000000e+02
8.800000000000000000e+02
8.790000000000000000e+02
9.100000000000000000e+02
8.830000000000000000e+02
9.080000000000000000e+02
8.800000000000000000e+02
8.790000000000000000e+02
9.070000000000000000e+02
9.120000000000000000e+02
8.800000000000000000e+02
8.770000000000000000e+02
8.880000000000000000e+02
8.870000000000000000e+02
8.780000000000000000e+02
8.860000000000000000e+02
8.810000000000000000e+02
8.830000000000000000e+02
8.870000000000000000e+02
8.870000000000000000e+02
8.820000000000000000e+02
8.880000000000000000e+02
8.850000000000000000e+02
8.860000000000000000e+02
8.790000000000000000e+02
8.880000000000000000e+02
8.830000000000000000e+02
9.140000000000000000e+02
8.790000000000000000e+02
9.090000000000000000e+02
8.860000000000000000e+02
8.790000000000000000e+02
8.810000000000000000e+02
8.830000000000000000e+02
8.870000000000000000e+02
8.880000000000000000e+02
8.880000000000000000e+02
9.130000000000000000e+02
8.870000000000000000e+02
9.130000000000000000e+02
9.130000000000000000e+02
8.850000000000000000e+02
8.840000000000000000e+02
8.840000000000000000e+02
8.800000000000000000e+02
8.780000000000000000e+02
9.130000000000000000e+02
8.790000000000000000e+02
8.830000000000000000e+02
8.880000000000000000e+02
8.800000000000000000e+02
8.780000000000000000e+02
8.720000000000000000e+02
9.090000000000000000e+02
9.080000000000000000e+02
8.870000000000000000e+02
8.780000000000000000e+02
8.830000000000000000e+02
8.760000000000000000e+02
9.110000000000000000e+02
8.860000000000000000e+02
8.800000000000000000e+02
9.130000000000000000e+02
9.100000000000000000e+02
8.810000000000000000e+02
8.770000000000000000e+02
9.130000000000000000e+02
8.820000000000000000e+02
8.790000000000000000e+02
9.090000000000000000e+02
8.760000000000000000e+02
8.810000000000000000e+02
9.130000000000000000e+02
