1.555924942059137006e+00
7.494022730037557256e-01
1.374389273068755024e+00
7.350059542775084775e-01
4.280683775938226021e-01
1.015319896500581409e+00
1.295218618093732621e+00
9.513019264115218920e-01
1.026565416510068829e+00
8.016965744496235002e-01
2.299918274137286112e+00
4.875574017621413514e-01
1.281687511308173599e+00
1.336331773722660321e+00
1.938834773847926130e+00
1.102486631032612241e+00
5.544593010337547367e-01
1.581272952843744584e+00
1.175041898923447237e+00
1.463536682549858581e+00
3.643077468842093602e-01
3.271886664119246779e-01
8.554429386789844658e-01
6.912322524067283647e-01
8.447681309342613964e-01
5.891120818176378560e-01
4.994165002778204743e-01
6.854069503909208105e-01
4.072152448894729160e-01
1.265184121770531966e+00
1.429124754228811023e+00
1.824844631742761347e+00
6.398071954760635727e-01
6.254790858729227798e-01
2.528537926754155230e+00
1.697293001351472430e+00
1.276351416749847534e+00
1.027997290786795803e+00
2.193312874465468187e+00
1.353115696299367121e+00
4.810834277017780880e-01
4.428923169542087757e-01
3.940248523918064016e-01
6.565153150145692784e-01
4.677647616942044451e-01
5.282820547806817979e-01
4.795274933261631789e-01
3.336033379141298272e-01
3.991265685595903889e-01
4.237422403198449206e-01
3.301838382914899395e+00
3.420602407354411678e+00
2.594595676285657682e+00
3.130218295246742777e+00
3.259958482996735185e+00
3.286166020733426674e+00
3.281299669555241216e+00
3.312942705433775004e+00
2.916046195582627121e+00
2.826373580107193195e+00
1.117768971332228300e+00
1.054807538440154735e+00
1.922863861254739293e+00
2.151206005317522596e+00
6.564143014589056691e-01
8.303035794881810094e-01
4.771760336797398749e-01
1.139092800927985039e+00
3.572411808446636083e+00
2.747536722493468364e+00
3.597292843108744531e+00
3.381328944993511332e+00
3.759498495699354237e+00
3.235498741965618485e+00
3.612303728393563063e+00
4.088710322187687929e+00
2.846980254747863093e+00
3.679971402278405801e+00
4.012489225687653871e+00
3.728117223443283557e+00
2.801273417181738612e+00
3.719804709072545013e+00
2.503341041198067440e+00
4.282380476389819890e+00
4.196787761192941169e+00
2.693481393350651398e+00
3.666192134291219595e+00
3.925651751119562327e+00
4.515864352949998661e+00
5.069644764837580198e+00
4.090798632821121217e+00
4.235399707788816137e+00
2.729283074617519400e+00
5.285454759505586075e+00
4.351220222200517185e+00
5.169542094860192449e+00
4.582817260051902153e+00
4.917177175993141525e+00
2.532893608476499026e+00
2.727506563822115648e+00
4.001354971865114685e+00
2.718926256485302062e+00
3.982158643463077130e+00
2.760632278808301088e+00
4.880836910101368886e+00
2.968556898254684828e+00
4.043832075487975075e+00
2.429952920230081581e+00
2.695763903023359997e+00
4.266849678272413016e+00
3.823217396972398152e+00
4.045360224778037583e+00
2.755625770863166846e+00
2.954139658546321989e+00
4.111375894154324584e+00
4.367110617817883345e+00
3.474226624245279282e+00
4.078743067618821883e+00
4.642791732898764678e+00
4.268565265544643772e+00
3.418924541900244307e+00
3.851612189662511732e+00
3.818038230880566708e+00
4.204942400399997560e+00
3.850637281038557624e+00
3.991209603162563901e+00
3.996392873101297649e+00
2.299863572812715695e+00
2.714270433799009563e+00
3.727261259275701732e+00
4.228388832389673446e+00
3.936854934862428212e+00
2.419864405278129293e+00
2.575880051104695756e+00
4.340248074856123850e+00
2.881835749629211296e+00
4.110621036337407830e+00
2.451410051570712678e+00
2.902037724366763882e+00
4.791375999556135135e+00
4.256655021228038294e+00
2.289706705248578000e+00
3.883340473202304466e+00
5.089015030475048107e+00
2.739219831721122045e+00
2.363022888017968892e+00
4.154794413953988297e+00
4.494974812580171175e+00
4.101203261469954953e+00
2.884231943624534722e+00
3.743908917914006818e+00
4.252448023839286328e+00
2.793773690445745306e+00
2.576642401609680721e+00
3.967850253511537861e+00
2.670303444140499582e+00
3.922474381000729871e+00
4.096819136735060596e+00
2.293355542115173673e+00
2.661544126107234565e+00
2.625683639456879881e+00
4.189764735585451483e+00
4.017137038465596888e+00
3.910454394334160533e+00
2.437827130878776227e+00
2.488134559537646062e+00
2.674842781966970229e+00
3.885395554583169098e+00
2.424927093213313789e+00
4.251044275036937492e+00
4.058330607176861449e+00
2.749608767135942156e+00
2.665191618055765765e+00
2.186616368283141210e+00
4.087502434227974213e+00
4.155302074318148797e+00
4.447666713750154877e+00
2.991681408963004163e+00
4.507508375167567749e+00
4.122851887724431563e+00
4.513399437884473286e+00
2.754888963739155372e+00
2.564882351392525184e+00
3.831457212023449355e+00
4.497873853854287063e+00
3.983250255081262292e+00
3.773554180128415148e+00
2.555770259820401069e+00
4.402491241688212043e+00
2.871509083616668789e+00
2.828544302907479935e+00
3.643489017220618909e+00
4.121973619525974186e+00
4.694502306823445714e+00
4.122809912228759366e+00
4.541570976816322158e+00
4.139075291258278000e+00
4.469876211213430928e+00
2.737196430852204987e+00
4.597542153452803149e+00
4.165814484376484828e+00
3.856468866905288895e+00
2.966484588337641171e+00
4.501355693222195420e+00
2.651516369140426654e+00
2.112206913483102966e+00
3.027728229277444782e+00
4.105517053551452022e+00
2.816254166976455586e+00
1.883044416828242307e+00
2.135402486104045039e+00
4.193015411916753976e+00
4.847601814746204774e+00
2.690277213196451633e+00
2.651082104731060429e+00
2.705396088095468610e+00
2.395334374619513262e+00
2.168298644015119514e+00
2.518788676257409431e+00
4.685823115005362638e+00
2.464650606513264730e+00
2.448109095292008153e+00
3.147166114819830884e+00
4.395471177187486589e+00
2.622757232519157711e+00
2.360259832091050392e+00
4.882536827032446958e+00
2.891293840858681463e+00
2.352256342255742982e+00
4.911886555178039515e+00
2.592600577525973282e+00
2.264006699989856486e+00
3.040066027294040740e+00
3.940764928632574993e+00
4.052527224377818094e+00
2.082525923876167528e+00
2.509517033906750072e+00
2.112799541347481824e+00
2.510096567368940157e+00
2.688225465213400334e+00
3.125912126774898603e+00
4.986873213914080338e+00
2.549111171609724558e+00
4.504164873851906670e+00
2.780386802012500880e+00
2.711378481532401796e+00
2.698839648637061384e+00
2.158076246367734541e+00
3.146624368856942411e+00
2.625484558480639663e+00
2.556023973890332535e+00
4.719465471667001921e+00
4.500980089373949333e+00
2.855354060045264486e+00
3.093456251552686442e+00
2.416563518419447831e+00
2.363326360281917449e+00
4.495016674125823286e+00
2.574760459598406825e+00
2.964138618704744932e+00
2.695753922566709093e+00
5.017575006019009187e+00
4.126681830563986964e+00
2.529984785986534757e+00
2.978372247196407141e+00
2.614953017742907004e+00
2.235386521215622313e+00
2.536835375181701213e+00
2.902207533549918228e+00
2.815817597402769046e+00
2.588752132004046302e+00
2.414095909603806156e+00
4.538182560061478910e+00
4.509351577558126323e+00
2.507713793974609473e+00
3.028512289207454078e+00
2.473423326201164230e+00
1.975358805290682973e+00
2.749657381472095707e+00
2.248161041861520104e+00
2.449460122534787399e+00
3.043399171586016916e+00
2.975104720855148877e+00
2.266866647179635041e+00
2.488368073973154182e+00
2.496935180169507440e+00
2.267229736431295883e+00
4.828783062488344768e+00
3.071571834412693658e+00
1.830195566738385571e+00
2.282666405042534041e+00
4.598075719095940705e+00
2.899429122263475822e+00
2.723934385327494212e+00
2.696433440937848758e+00
1.855825126899558031e+00
2.381816237882159903e+00
2.496276630389467233e+00
2.769108319525602990e+00
2.947875319073246292e+00
2.743221356706433856e+00
4.872493527633979582e+00
4.721434318477429670e+00
2.513142359771076251e+00
2.477608252547443435e+00
2.842426433202734248e+00
4.895157780590799312e+00
1.783052982151779986e+00
3.082790817107934789e+00
2.611759904120031450e+00
3.032954375336405661e+00
3.061004422206058617e+00
4.480732330038811106e+00
3.060687916788200624e+00
3.091231298283875883e+00
4.588124608686349859e+00
1.842046986556691079e+00
2.915484821720970121e+00
2.704599105293092887e+00
2.614685049850830723e+00
4.728818221084750917e+00
4.435990902462280339e+00
2.654372080363699649e+00
1.898443279488018387e+00
2.539516984360631557e+00
2.918401341238021196e+00
2.285275152535753751e+00
2.810356937525588794e+00
3.103420885743240376e+00
2.902795053557896576e+00
2.963926622111308529e+00
1.959201000644142487e+00
3.016160809946066390e+00
1.890360119510221093e+00
2.495045018649925339e+00
4.728731788453099050e+00
2.943677730857478636e+00
2.544355061941186325e+00
3.036581858283263546e+00
1.933527296141030805e+00
4.387590359850518595e+00
2.496272299348477386e+00
2.948772366232149000e+00
2.327662408360912760e+00
4.770494671580562951e+00
2.489786916681408613e+00
2.005805667187568364e+00
2.844552294304372619e+00
2.928818887570121543e+00
2.588190156454275748e+00
2.497666883148554007e+00
1.938898248673117664e+00
2.889665504281766495e+00
4.999324783199778466e+00
2.576489616109444825e+00
2.935403972828743768e+00
2.381380622310567574e+00
2.592209915709815071e+00
2.519666164087766891e+00
2.775031025188639866e+00
2.968466397872147500e+00
1.898355324924111631e+00
1.905840528012997082e+00
2.927824572902030464e+00
2.968318462819807380e+00
2.417015478589425115e+00
3.067130015027808021e+00
1.881798443311196278e+00
2.581984855848033167e+00
3.016093826536260902e+00
4.800745990326348078e+00
2.769455371149664558e+00
2.477301576625087431e+00
3.072614016976284113e+00
3.001736537455289788e+00
3.074736178529015707e+00
2.472635920832284118e+00
2.666003077198765947e+00
2.662425913833217805e+00
4.716782865530951163e+00
2.378418442960109402e+00
2.377634735027108537e+00
3.045413267159723603e+00
2.294613896842052636e+00
2.360206694281119510e+00
3.088682944196650126e+00
2.836279222403305766e+00
3.024989961195223120e+00
2.975640710767589070e+00
3.115028429965865708e+00
1.946104315168995180e+00
2.476612585843954939e+00
3.020355316438942506e+00
2.987188581515217489e+00
3.065725913366290190e+00
2.887109260460425375e+00
4.692734675571363923e+00
3.051367763129906763e+00
2.341853698635553371e+00
1.956781454251655727e+00
2.494396550085672626e+00
2.691360231562320848e+00
1.914167129004381129e+00
3.138567194680876860e+00
2.711859229239718339e+00
4.899604672207125589e+00
2.516656259818632613e+00
1.862071629436573561e+00
2.790619976988196083e+00
2.642948225731104994e+00
2.556954023673787546e+00
2.977090719461435331e+00
2.483726170537765121e+00
2.997301579778981040e+00
2.702246300377539434e+00
1.818199187985133802e+00
2.491618894711882248e+00
4.830784580081329160e+00
1.889256883589210290e+00
2.651006597164076162e+00
2.600999192025021500e+00
2.423854799955915240e+00
2.766775387247689011e+00
2.468657177064101482e+00
2.732376104850779530e+00
3.015314181062844767e+00
2.979251083143969581e+00
3.042440962061056631e+00
2.408436641190635719e+00
3.001397170127363179e+00
2.682613768433789847e+00
3.137840159076740409e+00
2.677399676113672022e+00
3.037714541453230499e+00
2.488072115100414816e+00
2.525193469152928305e+00
3.111574630780296946e+00
1.834060908007396851e+00
1.863709784659816293e+00
3.072770329609620266e+00
3.081610450247473931e+00
2.799205126098358143e+00
2.996213757970227043e+00
2.865066081983217217e+00
2.672259096346794927e+00
2.639554399927984907e+00
3.123774429114945850e+00
2.602566933567569407e+00
4.354966670912380877e+00
2.856717990771098226e+00
3.097389075571046924e+00
2.571489301487353440e+00
3.045866991691945191e+00
1.819032008257997601e+00
2.581132825538571929e+00
1.892734152938263525e+00
1.830294410968152485e+00
3.051043383651211638e+00
2.982560048026918764e+00
3.027869486223513817e+00
2.403513612856817083e+00
2.380648504044886593e+00
2.801173765194928222e+00
3.022463855057429427e+00
1.930456970437038899e+00
3.067749863978524782e+00
1.822536250815570913e+00
2.699524397921738927e+00
2.792914996903506086e+00
1.991097442075418167e+00
2.667644061588542392e+00
2.954770098761874131e+00
3.073946993966131025e+00
2.975013692131272869e+00
3.014191973730943719e+00
2.567207663717216093e+00
2.994961492668179126e+00
1.800172448139398806e+00
3.112022546365748710e+00
1.925771108258591102e+00
3.170327447838676260e+00
2.995928458619617984e+00
3.035942081314503938e+00
2.887436617276786244e+00
2.294581043412311949e+00
2.837813582232758591e+00
3.054818843673544393e+00
2.401773418036468932e+00
2.953357455862072101e+00
2.683268241675654586e+00
2.638292594750067277e+00
2.420775311006671870e+00
3.016369385375635481e+00
2.594025954295630765e+00
2.406476969261718946e+00
2.685274793279434302e+00
1.896400569720801288e+00
3.140557216028382559e+00
2.761706413540768512e+00
3.129268551381530816e+00
3.069693763360733296e+00
2.993696865048049105e+00
1.855780167254013069e+00
2.970537741492655925e+00
1.873449138751811960e+00
3.078337593496379032e+00
2.986849716392102394e+00
1.838507156502428908e+00
2.984392926847611260e+00
2.931362817153137623e+00
2.915932303888154831e+00
3.163170616294381343e+00
2.352101552991772593e+00
1.931657810199916225e+00
2.854198029460148334e+00
2.468830232314416229e+00
1.917900976957408243e+00
2.541276859749466155e+00
2.860658989910659145e+00
2.369638428100991234e+00
2.650815504682207724e+00
2.586047607145854244e+00
3.069108954464252026e+00
1.991736810517783951e+00
3.094374481315768310e+00
2.487961694638975541e+00
2.768901001906153958e+00
3.060025784587030007e+00
2.435745526267881989e+00
1.846468627543110363e+00
2.522731663689529391e+00
2.550977956386314638e+00
2.722813631266494117e+00
3.098679674490243841e+00
2.671888986461976589e+00
1.913892592260069137e+00
2.661123413387980641e+00
3.120645654425250992e+00
2.960611324471756234e+00
2.657917714992570790e+00
2.774404922413057584e+00
2.572931404318544502e+00
2.333866275458439166e+00
3.025878686611948254e+00
1.853097062310109955e+00
2.882059747748394685e+00
2.865742451079489772e+00
2.965127922035470487e+00
1.837487407277142104e+00
3.029340992562680412e+00
2.686081575485533612e+00
2.434297542034485673e+00
3.099301883194655716e+00
1.964010295595787658e+00
3.005989902306181349e+00
2.382063835430548782e+00
2.600359200235913715e+00
1.985588431497283146e+00
1.902111749453430978e+00
3.057315942554590382e+00
1.793999643455530313e+00
3.063971866198537786e+00
1.837936883595244542e+00
2.667683413630725919e+00
1.970008439127055810e+00
1.918877926217099184e+00
3.068409191755080645e+00
2.821442346530527612e+00
3.024969867396810841e+00
2.942172127082236521e+00
2.976015360238231988e+00
2.900162154705419493e+00
1.944091489939255846e+00
2.934181233847953152e+00
1.792540869695317118e+00
2.428149299158345542e+00
1.941020540352040635e+00
1.827415624955609053e+00
1.872779317741285920e+00
3.072478609179330356e+00
3.111535900981750480e+00
2.442496262653885530e+00
2.814910215293782603e+00
2.694907847587023397e+00
3.071574720765465116e+00
2.633649147568426052e+00
2.924104530208336161e+00
1.943252647885653772e+00
2.332895509741880868e+00
1.908085528840134826e+00
2.518999367555068147e+00
2.899105372867961439e+00
2.762935160920814592e+00
2.641040757279557560e+00
2.408229355112785797e+00
2.906609270612765084e+00
1.853926376944986743e+00
3.021759748318708638e+00
2.597674407817831543e+00
2.959741262239951709e+00
2.773938310778922833e+00
2.683831388058853129e+00
2.405839445359364781e+00
3.131041535983089208e+00
1.994503451418485840e+00
2.998570293691753541e+00
2.760175945929868924e+00
4.821962219754651890e+00
3.122123448813382662e+00
2.575433174249309509e+00
3.159560829192414655e+00
2.973037028930441306e+00
2.303322772151348730e+00
2.596193212781840565e+00
1.939293572634878782e+00
3.032097072648753500e+00
2.826388398645616640e+00
2.216741002221224388e+00
2.655833252958832880e+00
2.575862446733911959e+00
2.971631486290223112e+00
1.967831891598209371e+00
2.492828840062494944e+00
2.002946565892387287e+00
1.891989670643358545e+00
2.974934044358734653e+00
3.083475510763367122e+00
2.640224274519427095e+00
1.861571043769594702e+00
2.965666486372834143e+00
1.901474615020352754e+00
3.057634265319655764e+00
2.441033492753431400e+00
4.479495532097545585e+00
3.044969972904321587e+00
2.534457517606912624e+00
2.945594395428984935e+00
3.034659762972798713e+00
2.839378597474690125e+00
2.943706217922350543e+00
3.044191272015832617e+00
3.139325052519166270e+00
1.952426219634255666e+00
2.717476888264405588e+00
3.070587970744556472e+00
2.664431999017414565e+00
3.062735707254935047e+00
2.449735035211305867e+00
2.552585599475667877e+00
2.536316558153968614e+00
2.428315682964526268e+00
2.746977260168367518e+00
3.151924240782507880e+00
2.662945303153241294e+00
2.999796040774197259e+00
1.926748591010839950e+00
3.005736604358680175e+00
1.999891161536553996e+00
1.961544215047234863e+00
2.760553011251031030e+00
3.056263012245374888e+00
2.820891457527710866e+00
2.925744728887079482e+00
3.010033113797833781e+00
2.972393083676739156e+00
2.971050199314968054e+00
2.716004372759119878e+00
3.010716433929507385e+00
2.559872930763123389e+00
2.977613270103920851e+00
2.576080597941675876e+00
2.499363335304173539e+00
1.939918301545849877e+00
1.841399674264995401e+00
2.424554027772741538e+00
2.621584506893701594e+00
1.962301894218230647e+00
2.538324209596530601e+00
2.462103128002904651e+00
2.308460191630401948e+00
1.895588833416481211e+00
3.171184664613440063e+00
3.042715363477589197e+00
1.956248514214032452e+00
3.013199683309359500e+00
2.891339318179155793e+00
1.963330806651912397e+00
2.846014763431705230e+00
1.999735214950191686e+00
3.060164003247444864e+00
1.937477595808458686e+00
3.032735363620871816e+00
1.992218990416825930e+00
3.147517566815333900e+00
1.913745694264215702e+00
2.932757898594694268e+00
2.642959398666488102e+00
2.406626852270407291e+00
3.011124374417308402e+00
3.111841330555773499e+00
3.016353560760618446e+00
2.996940269072557506e+00
1.944087600111484848e+00
1.847500962414354353e+00
2.648428663115091730e+00
2.876452957590451387e+00
2.896890703677179157e+00
3.161782405423053888e+00
2.630140071174795313e+00
2.426593643614397333e+00
3.002894373047966248e+00
2.942627292595797250e+00
2.997353772616013323e+00
1.988820557156924407e+00
2.989320108744441651e+00
2.967985164911583595e+00
2.995584328535230156e+00
2.747952120462646697e+00
2.905617048896841581e+00
3.001332923010715970e+00
1.941578519949472614e+00
2.950841566107504033e+00
2.692114303372517448e+00
2.984623701692743047e+00
2.336418008506146560e+00
2.947357314698909825e+00
2.912544489531528669e+00
2.763086285047083646e+00
3.074893231770232660e+00
3.014186754329556184e+00
3.062479902401465726e+00
2.495768734605872563e+00
3.130983107001707122e+00
3.065269418859875028e+00
1.897489484111821056e+00
1.954525426883367611e+00
2.555525774853952825e+00
3.154202397298600413e+00
1.939033029106267847e+00
2.972727685524667596e+00
2.767081566959933792e+00
2.928244657582449229e+00
2.840014387698743814e+00
3.094964469239259053e+00
1.862296940422248470e+00
2.806756680432408224e+00
3.048124004897356798e+00
2.479211162289440828e+00
2.935963267127844833e+00
1.856098085798093766e+00
3.119997755534437811e+00
3.096610532802814397e+00
2.952188558686307474e+00
2.647068220702892827e+00
1.960825818102051032e+00
3.111172126593618081e+00
2.566644089383375960e+00
3.076641560308323697e+00
2.941143617274707633e+00
2.939247975646413380e+00
2.562600065066850785e+00
2.685879182708435842e+00
2.858334259499328844e+00
1.844742979428789065e+00
1.861930283131264074e+00
3.104656481752455122e+00
2.568018569471034684e+00
3.041816330658801970e+00
1.850485315727067093e+00
3.029336466384937587e+00
1.985645962928333619e+00
3.165834647245953093e+00
2.602014170770465817e+00
2.459509221824857317e+00
1.848277435473931085e+00
3.127721684103439870e+00
3.009835903405084778e+00
3.059578698668995234e+00
3.005471268984184263e+00
2.633382582093447777e+00
3.153580588294486731e+00
2.689128930075163293e+00
2.960293964024027780e+00
3.114604275550803436e+00
1.848751209602305323e+00
2.783836403459988507e+00
3.048171359530839286e+00
2.563241184209144485e+00
2.337427587138657614e+00
2.451601288443977733e+00
2.446765403112735715e+00
3.016704422617221493e+00
1.978462242164002793e+00
2.992592487491529063e+00
2.350715117832032686e+00
1.962659589330259413e+00
3.127114660014698178e+00
2.569039983687365858e+00
2.533179950542860936e+00
2.565454142122989722e+00
3.140210078643252523e+00
3.014054298547406141e+00
2.840308418501690024e+00
3.086265939319300600e+00
2.985016261447904107e+00
1.912787427205591362e+00
2.959374541580921392e+00
2.534570812338325041e+00
2.889877936242124079e+00
1.910447382397214344e+00
1.968063673119950341e+00
2.810237218055346098e+00
1.858948801113684990e+00
2.324889492367876453e+00
2.527917981206721620e+00
1.984143269807611354e+00
2.611130277703882729e+00
2.830417677579248004e+00
2.823425825868266514e+00
3.000529977181938257e+00
3.136063964656890857e+00
1.802959510741531490e+00
1.893018033558580449e+00
2.437705594466066383e+00
3.104412165393919398e+00
2.875608359752872101e+00
1.838516208342796610e+00
1.917664394878163758e+00
2.436433120057113655e+00
3.158606785659379579e+00
3.075999689976253837e+00
2.713522113647648837e+00
3.008694280497962836e+00
2.946661678249990146e+00
2.864144812290084996e+00
1.995167842689156590e+00
3.057155631963723863e+00
2.928624609030580750e+00
2.479615455739353713e+00
2.851488023580101672e+00
2.968173389073340829e+00
3.151539252946794267e+00
2.983057848766148545e+00
2.895001969750252702e+00
1.866654507486510184e+00
3.005404739448823026e+00
2.874430963788469295e+00
1.840384459150011809e+00
1.960761438327689898e+00
2.921314142047043649e+00
3.119839770464416073e+00
1.866428107487923427e+00
3.059350887966790999e+00
1.858317880612624151e+00
3.047234931275846215e+00
2.470738648414829264e+00
2.590174419667947259e+00
3.141834717384553333e+00
2.412274960833674875e+00
2.649082360701349170e+00
2.661893240385566628e+00
3.003222719739063962e+00
2.989295115459694507e+00
2.808435441493184470e+00
2.889367679836861935e+00
3.033711673506041429e+00
2.714249341040817498e+00
2.408873543367133774e+00
3.045711749004192725e+00
1.944735855778948252e+00
2.775985408066417026e+00
2.736088088300588694e+00
2.504657300271443177e+00
2.667552716954858294e+00
2.639191558788729797e+00
2.982335300270963607e+00
1.952702127368445950e+00
1.914621716196923007e+00
1.841859983491166197e+00
2.817155190483921601e+00
3.156475337132087500e+00
3.123432708665734303e+00
2.977525609117412930e+00
3.124672409524619887e+00
1.840524872054875027e+00
3.046708521447734075e+00
2.755005029748384793e+00
2.663191255480255037e+00
2.805559367633718715e+00
1.859780894807901985e+00
1.968331532094193426e+00
3.110647552830957618e+00
2.929595053695249973e+00
2.587935494893883082e+00
2.655218986243003343e+00
2.779531589908163625e+00
1.843541245264450623e+00
3.053287723502715600e+00
1.929710263893599231e+00
2.982924036878923602e+00
1.931361603196002585e+00
2.480191960300219378e+00
1.931131704302649021e+00
2.212506295760194863e+00
2.698528924395349637e+00
3.019062048655797525e+00
3.104010032481123282e+00
1.947295402914304807e+00
2.956740141827820967e+00
2.924930660012328154e+00
3.157625364883163588e+00
1.974033837750405640e+00
2.984403210539429363e+00
3.052799070603917642e+00
2.487626800684637374e+00
1.937957528490078074e+00
3.052634660636861508e+00
2.727228045926379796e+00
2.984496930890044641e+00
2.743300152984927465e+00
2.618889120172250617e+00
1.892949572014059667e+00
2.417684456752426048e+00
2.602110059102103801e+00
1.953846474712999104e+00
1.944124572447792465e+00
2.644505629935442137e+00
2.992190263036644371e+00
2.955504759062732578e+00
3.058059782473637966e+00
1.854083495726652986e+00
1.900997359043996360e+00
2.628489787166998770e+00
3.124159245013061081e+00
3.118654879542104741e+00
1.945127472923019907e+00
1.917441527006662927e+00
2.632850397726872238e+00
3.121811714730879039e+00
3.166296832546805273e+00
3.047757605587418706e+00
3.103844232729921160e+00
2.926660681496672023e+00
2.646300928445835421e+00
3.126214693333336569e+00
2.495987078159225714e+00
1.960476508415598618e+00
1.881251897438261489e+00
2.693402492142590088e+00
1.959891226513424956e+00
3.094874511505658177e+00
2.945470834534557270e+00
3.107511800836836979e+00
2.980712962633418783e+00
2.941629791146684880e+00
2.627584536522720615e+00
3.145967893751151934e+00
2.533434022118115969e+00
3.103587785938474397e+00
3.168394651173922938e+00
3.156908292716216202e+00
2.940007139224530164e+00
1.904951923844689254e+00
2.539459252490688712e+00
3.033255467220975721e+00
3.151715934631769134e+00
2.895017883712244000e+00
3.155538471188080507e+00
1.846162742977905280e+00
3.102151761107195593e+00
2.769136278319601630e+00
2.828931943627017276e+00
1.885519298239480390e+00
2.498012784817642995e+00
2.680305199246637127e+00
2.433154629080976239e+00
2.951494084198804213e+00
3.147120254422478780e+00
1.864517343091189883e+00
3.126480110115689826e+00
2.907352603797210833e+00
2.922337033468985545e+00
2.908727069591916514e+00
1.875073619524897595e+00
2.538967641327728675e+00
1.995102831232748786e+00
3.050400845094314750e+00
2.987240608947499432e+00
2.643330955491180578e+00
2.772069808240336108e+00
3.068702486840267696e+00
2.525651388595246960e+00
2.444930823400856212e+00
3.096257915469563304e+00
3.052133349693472386e+00
3.002010509134243943e+00
2.368057680093150097e+00
2.661738271131328659e+00
2.920898326896417263e+00
3.150980972210013942e+00
2.418306869422989891e+00
3.026827870807745402e+00
2.723290927413098306e+00
1.875688968889892561e+00
1.980044632956754036e+00
2.715409824977378594e+00
3.077467523961666451e+00
2.516289172083309378e+00
2.968865407682593549e+00
3.008822479702495833e+00
3.113837419527798911e+00
3.149115177043171787e+00
3.123394598193647731e+00
1.939052437404176654e+00
2.835830266969976421e+00
3.008485139087104798e+00
2.957726889182150654e+00
2.703717049555619312e+00
2.544748516505385805e+00
2.430771640407947132e+00
3.084151829928326816e+00
3.120827606793410425e+00
2.465748588525871199e+00
1.917894835796532194e+00
2.726598917074465334e+00
3.051735552403958884e+00
2.977703183863535497e+00
3.124770244828978694e+00
2.979625114405745734e+00
3.001158374315334498e+00
1.949715012140843751e+00
2.406385805555284918e+00
2.484028385883177759e+00
1.880294469525731094e+00
3.039868207708663839e+00
2.998596516566530479e+00
2.709432935173451185e+00
2.793860623130193677e+00
1.992053995722168125e+00
2.927599166944772957e+00
3.024374386381065261e+00
2.649758097657268774e+00
2.945065767840234550e+00
3.022862093885403389e+00
3.156914037688463015e+00
2.952486159475905314e+00
2.692974264009488472e+00
2.465666534241579111e+00
2.800510367748646257e+00
1.895863850271098494e+00
1.789390240588943470e+00
2.494532932173974871e+00
2.851511460111892049e+00
2.952500023209432278e+00
3.155132864282771177e+00
1.858180949549298688e+00
2.364909431759010694e+00
3.164154808520919460e+00
1.856624049431900847e+00
2.454602196299685790e+00
3.041862082120694311e+00
1.861081394899207542e+00
1.993924722433753738e+00
3.032345397911570206e+00
3.170884351108952615e+00
2.507490424882711011e+00
2.711660808258690825e+00
3.055995267510411395e+00
1.877747096596389165e+00
2.621492039476255531e+00
2.454556613682401078e+00
2.936849036060502627e+00
2.735661137234079554e+00
1.901504623991306486e+00
1.857314100749119845e+00
2.726808163262335771e+00
3.169513465933445850e+00
2.978377325247616891e+00
2.967347039475548787e+00
1.893578967006174674e+00
2.483312113592693660e+00
2.645223304480157633e+00
2.638955050238886546e+00
3.030168539927613480e+00
3.063776280327594304e+00
1.906369936744775284e+00
1.980382550552788112e+00
3.038234999867910346e+00
2.537852976065636756e+00
2.913119827736833756e+00
3.077305170928047673e+00
2.580192815398202999e+00
1.838801655458068174e+00
3.043252203273963286e+00
2.676262032185212192e+00
3.040024991036315516e+00
1.821049468939783367e+00
1.917116863464447318e+00
3.111663545726018665e+00
2.982448813879007066e+00
2.553971553936281058e+00
3.045881981752000200e+00
1.975257291477403809e+00
3.112674481288349781e+00
2.959092188634453446e+00
1.892782681694900493e+00
2.953766928029086802e+00
1.984111726879518534e+00
1.950656807512060054e+00
2.781172686989390019e+00
2.546598967974687877e+00
2.468403349353545106e+00
3.046555992859071527e+00
3.163501909160681080e+00
3.078401293559472673e+00
2.944236744682897644e+00
3.036180822145087888e+00
2.927395440248106606e+00
3.119219134660224046e+00
2.688798623630174855e+00
2.840711447643355481e+00
2.978491825649323133e+00
1.932305462263675944e+00
2.988941847750981928e+00
3.160987758242600254e+00
3.002465753830530826e+00
2.981331418145362289e+00
1.939081893761828601e+00
2.448656540951983374e+00
3.148999813008712234e+00
1.986090216439775791e+00
1.878653607108659696e+00
3.154629986732435221e+00
2.821200148751149772e+00
2.770638719500376546e+00
1.863457501032517616e+00
2.932321327649189069e+00
3.064398714478865138e+00
1.922589678374627908e+00
2.586865600458272407e+00
1.935680663650279465e+00
2.493721072091039215e+00
3.115426305065188473e+00
2.791843790675706760e+00
2.716548427383953523e+00
2.978678023609327763e+00
2.419801023523262540e+00
2.649027740389268359e+00
1.926168207136538468e+00
2.924146479683193522e+00
2.982407659714269688e+00
2.962019609280399646e+00
2.438795566642431467e+00
1.968491551071471557e+00
3.121955455116470102e+00
2.455510437627131726e+00
3.072471348186390561e+00
3.004048594437799036e+00
2.890746282212798501e+00
3.147538380668319924e+00
1.916091710502586754e+00
1.885355479599914341e+00
2.472841171725807641e+00
3.019640980095795513e+00
2.695469914661731803e+00
1.899077634827742500e+00
2.555140152384706376e+00
3.081237752808322572e+00
1.971325563732666986e+00
3.012843158243569075e+00
2.498074542613093474e+00
3.091027684703444134e+00
2.875896440153759226e+00
1.889116181280729112e+00
1.784178568672446064e+00
1.890035305037518265e+00
3.107199477171191049e+00
2.809619780859143656e+00
3.025186617497073183e+00
1.905240582560580487e+00
2.838331559712248708e+00
2.597817576796885408e+00
2.825910695101786718e+00
3.121080710403682623e+00
3.021830561183255881e+00
1.891287326765271670e+00
1.998307278994105207e+00
3.170649097934752358e+00
3.111396072114118727e+00
2.578604924798467035e+00
1.873324839487698235e+00
2.919228515511172350e+00
2.514827496435793730e+00
1.837145886008765716e+00
1.853084928890883054e+00
3.060486735509639900e+00
2.996968359652190994e+00
3.054561825124211261e+00
3.141421388040062990e+00
2.752652639857354089e+00
2.994236575539243272e+00
2.468661806403902315e+00
1.976511863275451031e+00
1.928848021907177746e+00
2.370782802005033219e+00
2.649560588042343845e+00
2.645724014178692407e+00
1.826093479875737335e+00
2.889713588562890845e+00
2.407296536835627165e+00
2.590663135150229390e+00
1.941381058131337323e+00
2.954039593209881076e+00
1.879227118398201224e+00
2.945919685793165765e+00
3.035817060672183487e+00
3.055394811008631528e+00
2.945063208632727747e+00
2.775648851452511501e+00
2.938234357757189219e+00
2.668762831295479643e+00
2.960024076532230541e+00
3.080816906257115129e+00
2.901325782631019479e+00
2.958058979870576088e+00
2.550510936009749319e+00
1.924888909685301686e+00
1.977767209862510533e+00
3.070423732744071099e+00
2.614663015756899078e+00
2.872012003824482296e+00
1.939163665384242119e+00
1.854835767235242905e+00
2.706555367142732926e+00
2.931687746533243821e+00
1.916870250071276871e+00
2.835884224770826911e+00
2.659990976691544162e+00
2.894102991772082412e+00
1.892212694536545614e+00
1.849585865577364929e+00
1.918947652859875008e+00
2.951340583714588295e+00
2.558175988265491529e+00
2.479341028194311125e+00
1.991038231856233631e+00
2.666513089063071273e+00
2.934884112439219983e+00
2.395674670229983594e+00
3.013524469765825220e+00
3.090599523978605045e+00
2.898286728287798208e+00
2.797055726923241892e+00
2.519775876384017010e+00
3.111809838610315015e+00
3.053634744372456744e+00
2.405816660510704530e+00
1.977746126991412057e+00
1.921907286118674341e+00
2.563923821393358171e+00
2.943635718849859195e+00
2.566448326164552096e+00
1.880907766719621454e+00
3.010922593822162874e+00
2.892522966340585366e+00
1.848001445784251739e+00
2.914974616399462093e+00
3.015660513645107343e+00
2.827873785583441713e+00
2.754974641847097505e+00
3.041487365014226452e+00
2.425906227697069983e+00
2.665220686180498344e+00
1.978089676474898084e+00
1.936559405925970756e+00
1.928110205373201769e+00
2.481607494581409501e+00
3.135129342831024069e+00
2.943791537167828043e+00
3.014235164473178408e+00
2.904716979898688933e+00
2.869744098871696902e+00
3.087253952644965160e+00
1.869062651899911387e+00
2.601944775435093948e+00
2.984387200584840638e+00
1.877699670566425949e+00
2.997315948261749519e+00
3.009967823157860600e+00
2.805296918315329791e+00
3.010956341427482474e+00
2.615789272159541046e+00
2.761610634317461344e+00
2.766819284130308976e+00
2.411500859210023329e+00
3.004162732270772906e+00
2.668118501248756047e+00
2.866695808013560498e+00
2.624230411985961631e+00
2.921667124579607755e+00
2.486674724352088806e+00
1.870947732254853557e+00
2.690351108055828444e+00
2.550032229723263821e+00
2.719489460392832125e+00
2.679920397581927904e+00
3.069755799689992237e+00
2.788156954431982637e+00
2.799304961612033349e+00
2.001676758891246966e+00
3.106728684590352785e+00
3.010832053828185195e+00
1.986373742541518217e+00
1.875089580400020717e+00
2.923983352183262774e+00
2.433282002072305605e+00
2.407087111156688941e+00
2.851786810157121987e+00
3.047118149911043350e+00
3.051560098035255297e+00
1.855772544282738856e+00
3.091504812694091164e+00
1.948164499499263513e+00
2.937676916616626777e+00
3.149640282575044026e+00
3.039406161615569868e+00
3.012070661404457894e+00
2.410727211752591526e+00
3.089994611418211967e+00
1.932799402162901137e+00
2.946513598812168677e+00
2.672099014987531440e+00
2.773133182352655712e+00
3.133330140225763394e+00
1.870557075244564826e+00
2.949157543991794750e+00
2.786334676029298851e+00
2.945222794050788018e+00
2.759079572626486510e+00
2.844671499322142250e+00
1.839543927407252255e+00
1.899259187992510700e+00
3.077840835580355705e+00
1.900777899072807919e+00
1.990530703654681099e+00
3.045060211392200955e+00
1.912006331147553251e+00
2.734999084942500325e+00
3.110251547564411023e+00
1.978925641967685944e+00
2.644070875974663615e+00
2.997194031624211608e+00
3.053046584416512221e+00
2.578300246466628920e+00
2.972879119253580615e+00
2.538300611518571781e+00
2.533377701854373942e+00
3.101341707411107596e+00
1.892278656089913413e+00
2.825542655150394822e+00
2.528592957324083290e+00
1.792431434513444000e+00
2.597153273983631827e+00
2.745376469770083983e+00
3.117234810032582626e+00
1.988951618631659146e+00
2.852255721425835500e+00
1.998813461345346765e+00
1.849012186395379009e+00
2.619582217533913848e+00
3.044223111013901750e+00
1.890675784121018443e+00
1.839882188787402839e+00
2.630198606449395626e+00
1.980445308031582696e+00
2.865513105410149031e+00
2.792555101430580500e+00
2.489034700088142760e+00
3.031775293296011586e+00
2.471834168608689541e+00
3.113467593958955337e+00
1.873619136091577708e+00
1.884040606338321933e+00
1.956860974496452688e+00
1.859262969255458309e+00
2.578477956133489624e+00
1.936625067541186684e+00
1.965183292019995864e+00
1.918354088238619637e+00
2.960738753816988922e+00
2.002211161141285167e+00
3.121362321208805302e+00
3.116234257566524057e+00
1.854992175571071433e+00
3.039928042404782538e+00
2.795297314726559179e+00
3.007583367277921749e+00
3.010775788987865020e+00
1.977474565179667465e+00
3.073645556145419011e+00
2.498018476513547359e+00
2.949788552890701521e+00
2.799875349686802295e+00
2.660442362274159755e+00
3.151639483888203586e+00
1.853229499478426412e+00
1.950125319591416329e+00
3.007536777640327230e+00
2.974035364829917594e+00
3.147943946165088214e+00
3.047715119762738567e+00
2.558269475689277428e+00
2.852818009513761854e+00
3.030251531595882675e+00
2.767883923987052519e+00
1.984122927242423673e+00
1.909695202710260498e+00
1.853995157848159270e+00
2.726975840896951109e+00
1.950225868188826039e+00
4.778113487564024986e+00
1.989778921197789874e+00
2.789639124241581669e+00
2.930752481571739398e+00
1.876512451788434843e+00
2.546323129830955878e+00
3.084680079967574429e+00
2.458040778476640931e+00
2.493307571645789533e+00
2.741714473998414725e+00
1.882392661711996817e+00
2.936189166940494477e+00
1.848102904467103569e+00
2.561849772543292048e+00
2.757399906811565327e+00
1.818174946237866463e+00
1.944017987970555472e+00
2.660080211002921136e+00
2.832623256208294027e+00
3.111980613710607191e+00
3.072056738756618000e+00
2.917133868548090092e+00
3.026549680084763327e+00
2.500684711745493782e+00
2.955110659632326442e+00
3.104443936605326471e+00
3.078239322609771289e+00
2.489258327565883278e+00
3.119920998723553218e+00
2.975979650129107146e+00
3.030871178775902841e+00
2.681006071715859029e+00
3.127003880610524256e+00
2.985135713912812960e+00
1.982148869367422073e+00
2.806246814537172174e+00
1.940297979268042372e+00
3.078262083171730445e+00
2.729432599722506403e+00
2.697526783579009546e+00
2.950869298055704526e+00
3.160052577662208151e+00
3.150487444820446292e+00
3.111296584125926579e+00
1.951946940405000497e+00
3.142013072222240577e+00
1.935043908874513940e+00
1.947050884091733769e+00
2.966841241613484392e+00
3.005339526865055344e+00
2.551500916069441516e+00
2.392709147708246942e+00
2.586000121560330101e+00
1.954490573350531557e+00
2.784667429426141538e+00
2.968777831070806617e+00
3.118018134812145625e+00
2.695655665057184347e+00
2.819020536097761820e+00
2.265452244294611006e+00
1.845962240217922323e+00
1.892647629559889522e+00
3.123741389557069148e+00
2.858576618188452656e+00
3.010172676646562184e+00
2.873784904409098395e+00
1.902332987390218388e+00
3.022935616322271368e+00
2.644579831636653555e+00
1.950176744620629066e+00
1.871700886140952536e+00
2.462914204722853384e+00
2.893170059396382943e+00
1.921995221535636400e+00
2.945369974226281773e+00
2.853734308635449413e+00
1.864585187728531102e+00
2.825867495793987327e+00
2.918933454875746403e+00
1.961246310406182136e+00
