8.558105085528765699e+01
1.542151206077221914e+01
9.872109443733361189e+00
4.813313263584375079e+01
6.263946300713822524e+01
8.173132990442600487e+01
4.166887940703119142e+01
4.125488736441845816e+01
4.251807814184476619e+00
9.697964331829912510e+01
7.621895042392269204e+01
6.448012397474704471e+01
9.609996025014297061e+01
1.069603710518689752e+02
2.338970511528192375e+01
1.968649855184932278e+02
1.380372059266255462e+02
7.481996625857921401e+01
2.094752963516346256e+02
2.718820335002236561e+02
2.164375916102556374e+01
1.878710597743520054e+02
2.579835722810573202e+02
1.997841289214638039e+02
2.512908539664554723e+02
2.364983789918602781e+02
6.855754024549861469e+01
1.210821370574736733e+02
4.018560903952044328e+02
1.658294489273853287e+02
3.835718679627925098e+02
1.565740244659423581e+02
2.938807581664140045e+01
2.190828591574802431e+02
3.390843391995114331e+01
1.868944653469478467e+01
5.796376186392913610e+01
2.613199578508952641e+02
4.649936185870701593e+02
3.709770076774371432e+02
3.245888110846549157e+00
8.921548419168713906e+01
2.419040401110372329e+01
9.465204925449313578e+01
4.701361433533724465e+01
5.995793211812605250e+01
6.695821954992022995e+01
1.286941814001525586e+02
3.807496285505462819e+00
1.664615186917951917e+01
5.087358801331771474e+02
4.925656905231732594e+02
4.649229341368771884e+02
3.134314384257525035e+02
5.093159570036960986e+02
5.036818620447525063e+02
4.079357188549253692e+02
3.766007190291596629e+01
4.215076924395746687e+02
2.953328702567035791e+01
4.559400005392967046e+02
3.655841221407818580e+02
4.753222570042966026e+02
1.253317239638154845e+01
2.587709034368881333e+01
3.494796806302919663e+02
3.643309230943452803e+02
4.183838680176144749e+02
4.901731396378153960e+01
4.159439474975655457e+02
3.805249328166830765e+02
4.298982225538672992e+02
4.191243343245639039e+02
4.479824894864330531e+02
5.235993219082899053e+00
1.735149300523712412e+01
8.761859851350536132e+01
2.684646617187155471e+01
3.567009985632777358e+01
1.244781564030586196e+02
3.987527717619793179e+02
3.213318995730038097e+01
3.848165461903464575e+02
4.366424883280020595e+02
5.271823414753887391e+02
6.499837803868713237e+00
5.296313512072097183e+02
4.630364513911275708e+02
5.407223107552042620e+02
6.955016778413808254e+01
4.875713412227913182e+02
4.179657245274900106e+02
5.449026541547093530e+02
4.754934853057212081e+02
3.034320544508832995e+02
3.163424166904088679e+02
4.197593272622342511e+02
4.180874452231232681e+02
3.929963254870254445e+02
3.087861047041027973e+02
4.121638687889285393e+02
3.950460101930353289e+02
4.764744607282138418e+02
5.258631021051958214e+02
4.453948263906328293e+02
4.700222571026581022e+02
4.798530643016472936e+02
4.222422490090448264e+02
4.645738129467740691e+02
2.561956163379318809e+02
4.600081762744972593e+02
1.786486739179551932e+02
1.938651296777898949e+02
4.029649758849475347e+02
3.861080070693561765e+02
4.400476358968459181e+02
3.836156990700782785e+02
1.947199590572415389e+02
4.583672518198702619e+02
2.903944084538672428e+02
4.994092566258927377e+02
4.538154765246010243e+02
3.799664123069937318e+02
1.920979545888862958e+02
1.777333163872524722e+02
1.876040577378312264e+02
4.322978253824306307e+02
3.823331079496069265e+02
4.082211972475911921e+02
1.920084168005353433e+02
4.078717342729879647e+02
3.998258501601769694e+02
4.311968717291889561e+02
3.902140722330382800e+02
3.908181688702786687e+02
4.604381994252533445e+02
1.839211198436567258e+02
1.725907699749920994e+02
4.519736206376641690e+02
1.816241611888292766e+02
4.521296759724625645e+02
1.850119372053898132e+02
4.759214123545489770e+02
3.052911748071652482e+02
4.033755931406879540e+02
3.933325954562950528e+02
4.350192503594649338e+02
3.950221920263339825e+02
3.784984638368898686e+02
1.875143787334073124e+02
4.266173071582848024e+02
1.883262874210606412e+02
1.961238311231441855e+02
3.921353148821872310e+02
4.371323461134932700e+02
4.133873786557844596e+02
1.882786664958029519e+02
4.171410131682685005e+02
1.904224362954057597e+02
3.809224933233271031e+02
3.760505294924261079e+02
1.860279212443165306e+02
3.929368623967652070e+02
4.212371977874313984e+02
4.172120919194204021e+02
3.852900215275251412e+02
4.112485530730318715e+02
1.905505446064734372e+02
1.876745800059119915e+02
1.811999420397487199e+02
1.995224457667176239e+02
4.709433298180632619e+02
4.548123160538887646e+02
1.861091100098869902e+02
1.795147131143017702e+02
1.798148915580512721e+02
1.761509474165046356e+02
1.631948721851261830e+00
4.448168349270470117e+02
4.477728565794394626e+02
4.646542801890796568e+02
4.118582736510871314e+02
1.768216196304819903e+02
1.817757590330689368e+02
1.766702626657599637e+02
4.427098951079777862e+02
1.977142163606498855e+02
4.058423111293824377e+02
4.337259337347017549e+02
1.854268859709679873e+02
3.701725573480005096e+02
1.839390866402153790e+02
1.986917982616344602e+02
3.882337367513660524e+02
4.190467611373990735e+02
3.713087879568792573e+02
4.652298772807764635e+02
1.851649823324153203e+02
4.722240460336200840e+02
1.958229431424117593e+02
4.332025770353707799e+02
1.793937703551969491e+02
3.925918642705747175e+02
1.947772226999020972e+02
4.519339684815097939e+02
1.927842275757517996e+02
1.812718057791925048e+02
3.944895493959319879e+02
4.283974179354460148e+02
1.815406801088023485e+02
4.741472972065660656e+02
4.317699767992003785e+02
4.235434597276175737e+02
4.174037017208951283e+02
3.621843254578827214e+02
1.740132637964908611e+02
1.902593320770450589e+02
3.985606058697074445e+02
1.816933410294281259e+02
3.869740957601586615e+02
3.862660114238359483e+02
4.568235317208272477e+02
4.384107835344838122e+02
1.815762368687251183e+02
3.907562772167680123e+02
4.033731667333725568e+02
1.780837853204670296e+02
4.006166935627613839e+02
4.279555358632017033e+02
4.155752844821060989e+02
5.014925366010619996e+02
4.443547446471750959e+02
3.784147676159383877e+02
4.375325089522164603e+02
4.107001859278320239e+02
2.484748134577523047e+02
4.403737332968243550e+02
1.838595593647868611e+02
1.753859155713138875e+02
4.182959404567279194e+02
4.118745617177942790e+02
1.905748031349239113e+02
4.266396417272926556e+02
4.441673177388062186e+02
1.994782262194695477e+02
1.982787016757139895e+02
3.969017299377448467e+02
1.849433625671786956e+02
1.795331060283332363e+02
1.970296418792931377e+02
3.972214351819233116e+02
4.696630353763926564e+02
1.799017922997860808e+02
4.011838801233009804e+02
3.844909636695502968e+02
1.784304661351658297e+02
4.421833019987745956e+02
3.917430940027991824e+02
1.803057711965902001e+02
4.186166020297785622e+02
4.738566861361209135e+02
3.801371635297690545e+02
1.813467947585651245e+02
1.974926208820415923e+02
1.938957431939413141e+02
3.754754789524411649e+02
4.239295370964384233e+02
1.759450797256254759e+02
1.761234262030334889e+02
4.243215982513838753e+02
4.527508786202609485e+02
1.830524667472072622e+02
4.614108002081580935e+02
4.250113935955167221e+02
4.101472334246755622e+02
3.948713280110588926e+02
4.072203683248239940e+02
2.005954420580274302e+02
1.822712789156422559e+02
8.448218525935018874e+01
7.253285363655449203e+01
3.738638171285428484e+02
3.866407450410588353e+02
1.963233066235787874e+02
1.990437193876994399e+02
1.885066350215442981e+02
4.728575349785999151e+02
4.433014974686294636e+02
4.401745618211902524e+02
3.859786862715596953e+02
7.741355447233240739e+01
4.395752816550167950e+02
2.003302991646746989e+02
3.776319117693655016e+02
1.809011026243585718e+02
3.655921576388941503e+02
4.502378576420226182e+02
2.880720187972855229e+02
2.954755035541115262e+02
4.265100556152038962e+02
4.783695419152695649e+02
4.280200063594741664e+02
3.977381734229206245e+02
4.080323211932227423e+02
3.074620850171584721e+02
2.664103100090329121e+02
2.997235907985150334e+02
2.627869115331048420e+02
1.730079328008936272e+02
1.904714216288026307e+02
1.858418280735095323e+02
4.188409697446261930e+02
3.888902574657786886e+02
4.280173805290329483e+02
4.009786310301629442e+02
4.630261867634215491e+02
1.755493401560554503e+02
1.062207564868659482e+01
4.373714960314613336e+02
3.846539588783869021e+02
4.645584708526570807e+02
4.049323395432122652e+02
1.748007320860182006e+02
1.857427434559346580e+02
3.780621277032473699e+02
1.974237810010710348e+02
4.033019133038044970e+02
3.910134743181004637e+02
1.976955907295175905e+02
1.851323380126038387e+02
4.163642955520824671e+02
1.712990303293871932e+02
1.780133567806959149e+02
1.954272887196381419e+02
4.149865452024461661e+02
3.727318666081167180e+02
4.112502380826608714e+02
4.356430790981361838e+02
4.483828843674406812e+02
4.226245060028148259e+02
1.796442971384384748e+02
3.789813429567637399e+02
3.858232307316075094e+02
4.572873633141856544e+02
3.859525938057097392e+02
1.924064092837338364e+02
1.757901623091782142e+02
4.147862514267203551e+02
1.806806609240489081e+02
4.165476433959179872e+02
1.998460115787623295e+02
4.432556367307536220e+02
4.511276826407504359e+02
1.809060749223783944e+02
1.748015335411020033e+02
3.926674686444166014e+02
4.757142696791976277e+02
3.648477643807053710e+02
3.806187568107249604e+02
3.972552205591582037e+02
3.741650666471110753e+02
1.766423067221835765e+02
4.589350603811016640e+02
1.817854803818503342e+02
3.855332270375308781e+02
4.638829275602378175e+02
4.092553862707662802e+02
3.798828795520893209e+02
1.667080915661027163e+01
1.877542970362509323e+02
4.127479944603603030e+02
1.907449166334491508e+02
3.866094553384088499e+02
1.832793375925879502e+02
1.801142695266472344e+02
3.173414984914994648e+02
1.928516760990383716e+02
1.751871561170810878e+02
4.447966461018423843e+02
3.408619969273363495e+02
2.682112076751045606e+02
1.929994458023537618e+02
1.773690504146626949e+02
1.777891811242593860e+02
4.104587557309660610e+02
3.909322209973514646e+02
4.619132603540225546e+02
1.971757121976535245e+02
4.148262995426418911e+02
4.433832812160430876e+02
3.878375035702912896e+02
4.429599398777525039e+02
3.754885919446408593e+02
4.029803898491887821e+02
4.051085991063995380e+02
1.712733473702624849e+02
4.283798003899854052e+02
4.236550534557740093e+02
4.248335722303094713e+02
1.811027601060496295e+02
3.854436204079900108e+02
1.808709506686581676e+02
3.770471268488665260e+02
3.921913824205816468e+02
4.215504884088796871e+02
3.809597454736951363e+02
1.979762496054866006e+02
1.985317550706288046e+02
1.435179174683430574e+02
4.444810614031586624e+02
1.990553237108773885e+02
1.928261570857968081e+02
1.879207078258666854e+02
3.873784501647758134e+02
4.546667502826577447e+02
4.453202092991467680e+02
1.806121677246867705e+02
6.994288392765659523e+01
4.117485190660339072e+02
1.961264038592260306e+02
3.833922577580501638e+02
4.764115250294593693e+02
1.818329498763784784e+02
4.215808324493283976e+02
3.840555913673046007e+02
4.346323670234643828e+02
1.925061415841939265e+02
1.861029626783540039e+02
3.997707340883772531e+02
4.140837507369082573e+02
3.906864484803328423e+02
4.376067607618319926e+02
4.161382391274901238e+02
1.734166106819671711e+02
4.254973613294004053e+02
4.459770879497933151e+02
1.922252779603219892e+02
4.672290516353593830e+02
4.432654954242648842e+02
4.078456958195592961e+02
1.753598588767096089e+02
1.831336469646615228e+02
1.951688401114979001e+02
3.915065834673007430e+02
4.100633126264600605e+02
3.841355774068393316e+02
1.940737250100267772e+02
1.827713328317719288e+02
4.293790164759026879e+02
1.960997996621246671e+02
4.223132065297126019e+02
1.796006232465229289e+02
1.957767782764699973e+02
1.758922515691695878e+02
1.905345749889923752e+02
4.475159625595243256e+02
1.836030525282078543e+02
3.962586721098236922e+02
4.118263464486100247e+02
4.448856592038445683e+02
4.055659751463261387e+02
1.763230953791631634e+02
4.490507768660227157e+02
1.975254749044360949e+02
4.537236107680086548e+02
4.068233518165380360e+02
6.681165514936419925e+01
3.922430998426543738e+02
1.970875699521295132e+02
4.269178470066909767e+02
4.569894835611778490e+02
1.929706307030390064e+02
1.816707201799953566e+02
4.335136462937854276e+02
4.661717355555588824e+02
3.821321951654008444e+02
9.556803091603921985e+01
4.018641349585711282e+02
3.896570325030830872e+02
4.343472645965159700e+02
4.466983102731423401e+02
3.912832375586115745e+02
3.830752911918798418e+02
1.909035426728592881e+02
1.939608287118036287e+02
4.118710440675106952e+02
4.257926421101360006e+02
4.279932786204553850e+02
4.467179663009764568e+02
3.772637262239033475e+02
3.768912557285772209e+02
4.219847369638309829e+02
1.955876379379279513e+02
1.815004533335049643e+02
1.755150808093256387e+02
1.877489882739387212e+02
4.325674965388021178e+02
1.901026312277033981e+02
4.509149595566776725e+02
4.380738193848833930e+02
