0.000000000000000000e+00
0.000000000000000000e+00
0.000000000000000000e+00
0.000000000000000000e+00
0.000000000000000000e+00
0.000000000000000000e+00
0.000000000000000000e+00
0.000000000000000000e+00
0.000000000000000000e+00
0.000000000000000000e+00
0.000000000000000000e+00
0.000000000000000000e+00
0.000000000000000000e+00
0.000000000000000000e+00
0.000000000000000000e+00
0.000000000000000000e+00
0.000000000000000000e+00
0.000000000000000000e+00
0.000000000000000000e+00
0.000000000000000000e+00
0.000000000000000000e+00
0.000000000000000000e+00
0.000000000000000000e+00
0.000000000000000000e+00
0.000000000000000000e+00
0.000000000000000000e+00
0.000000000000000000e+00
0.000000000000000000e+00
0.000000000000000000e+00
0.000000000000000000e+00
0.000000000000000000e+00
0.000000000000000000e+00
0.000000000000000000e+00
0.000000000000000000e+00
0.000000000000000000e+00
0.000000000000000000e+00
0.000000000000000000e+00
0.000000000000000000e+00
0.000000000000000000e+00
0.000000000000000000e+00
0.000000000000000000e+00
0.000000000000000000e+00
0.000000000000000000e+00
0.000000000000000000e+00
0.000000000000000000e+00
0.000000000000000000e+00
0.000000000000000000e+00
0.000000000000000000e+00
0.000000000000000000e+00
0.000000000000000000e+00
0.000000000000000000e+00
0.000000000000000000e+00
0.000000000000000000e+00
0.000000000000000000e+00
0.000000000000000000e+00
0.000000000000000000e+00
0.000000000000000000e+00
0.000000000000000000e+00
0.000000000000000000e+00
0.000000000000000000e+00
0.000000000000000000e+00
0.000000000000000000e+00
0.000000000000000000e+00
0.000000000000000000e+00
0.000000000000000000e+00
0.000000000000000000e+00
0.000000000000000000e+00
0.000000000000000000e+00
0.000000000000000000e+00
4.793681559543920556e-02
0.000000000000000000e+00
0.000000000000000000e+00
0.000000000000000000e+00
0.000000000000000000e+00
0.000000000000000000e+00
0.000000000000000000e+00
0.000000000000000000e+00
1.257425062882813749e-02
6.774326592666242430e-02
9.593222359535576171e-02
0.000000000000000000e+00
0.000000000000000000e+00
0.000000000000000000e+00
0.000000000000000000e+00
0.000000000000000000e+00
0.000000000000000000e+00
0.000000000000000000e+00
0.000000000000000000e+00
0.000000000000000000e+00
0.000000000000000000e+00
3.639112767624472916e-02
0.000000000000000000e+00
0.000000000000000000e+00
0.000000000000000000e+00
0.000000000000000000e+00
0.000000000000000000e+00
0.000000000000000000e+00
0.000000000000000000e+00
0.000000000000000000e+00
0.000000000000000000e+00
4.829379507806504379e-01
3.642961886364567414e-01
4.955081645227089049e-01
4.888458373866205742e-01
4.889259977218334274e-01
4.813808732283757497e-01
4.966097161372496904e-01
2.102527181479316443e-01
0.000000000000000000e+00
4.864382244424422796e-01
4.809301194154350645e-01
4.904761013736442798e-01
3.903950009277057931e-01
4.951305261243697520e-01
4.738461065190751054e-01
4.613494923152474669e-01
4.754799353421428898e-01
4.686470737316766888e-01
4.853324958474601880e-01
4.988576610910036013e-01
4.666117933447893051e-01
4.898218920452760416e-01
4.936338605252763578e-01
4.751668905296854151e-01
2.994637957852160359e-01
4.752419677282674337e-01
4.894280918654694834e-01
4.967522327778294278e-01
3.026389581131549433e-01
4.994750950879881524e-01
4.978087582446766857e-01
4.805151725376585747e-01
4.951607524391248849e-01
4.964893952682686296e-01
4.911303755081606881e-01
4.799091003581710813e-01
4.977732388200646341e-01
4.064969573649862555e-01
4.765065456120452514e-01
4.942682554578867737e-01
4.752052557946957467e-01
4.953000365646757497e-01
4.933880258473899993e-01
4.771502861407865281e-01
4.524498020168864487e-01
4.812437657478711439e-01
4.927038132804873460e-01
4.964526139983781450e-01
4.709574090292828474e-01
4.984891516589818883e-01
4.988759368122575588e-01
4.926064241821932477e-01
4.743360275206207066e-01
3.115920722808720456e-01
4.976274862258359133e-01
4.799330679355535145e-01
4.932179220134632058e-01
4.930587654686700017e-01
4.956791353553346435e-01
4.749325311442122999e-01
4.782436616505392757e-01
4.882619672639171293e-01
4.966128752816916236e-01
4.812435572917836413e-01
4.794830529245374118e-01
4.592986597005936367e-01
4.863692449484292579e-01
4.871764606708495760e-01
4.785713742211492594e-01
4.657449196982466066e-01
4.621751110196111734e-01
4.997041736189488104e-01
4.907801022370532062e-01
4.984736592091233431e-01
4.975054216630314663e-01
4.678336172759982592e-01
4.606552270353874712e-01
4.965807136109792186e-01
4.783147362197265884e-01
4.978411453745100190e-01
4.819329006218043832e-01
4.969455179218831842e-01
4.957617620267728009e-01
4.931614101234177427e-01
4.990280675230903684e-01
4.969847616634675003e-01
4.731310151822318288e-01
4.871803129792817710e-01
4.799874118698509440e-01
4.763676515973943038e-01
4.984239248573207881e-01
4.557894761634685987e-01
4.645191944082878166e-01
4.597129088710478761e-01
4.845540717611813708e-01
4.933870841614524383e-01
4.939058610802355975e-01
4.718517903003930369e-01
4.947741657155225181e-01
4.906611069105472067e-01
4.846042271155062142e-01
4.919043442360290230e-01
4.943271656132284808e-01
4.969084546466033814e-01
4.968741178168855077e-01
4.992997912468495336e-01
4.998311307806960202e-01
4.933457019794059706e-01
4.966542687593952787e-01
4.726519415346482345e-01
4.924922061061037248e-01
4.852567890533044936e-01
4.599557662092897958e-01
4.965993095960827830e-01
4.896022274868036539e-01
4.979967069722343598e-01
4.784888198322730934e-01
4.865897101531279079e-01
4.917233655585687147e-01
4.662167524635176807e-01
4.973109355720023439e-01
4.833514339088270662e-01
4.936493087468010743e-01
4.799849094232211399e-01
4.800584982274978540e-01
4.742545088324630065e-01
4.935795617623069398e-01
4.981192028515920578e-01
4.825816219566851362e-01
4.814926321469661374e-01
4.723684980535602929e-01
4.996421176846905787e-01
4.765067300558515906e-01
4.656137417426747249e-01
4.878515072182886825e-01
4.969407724482554634e-01
4.675580219819218120e-01
4.978747298070295146e-01
4.862885577954246252e-01
4.934326680331846959e-01
4.952525673054687383e-01
4.731892455925534868e-01
4.773392714975722151e-01
4.976884234347884184e-01
4.918649042377598035e-01
4.815415756853267393e-01
4.918440063114665195e-01
4.615497277926104980e-01
4.937243650853153087e-01
4.994432838303075051e-01
4.780128322832024601e-01
4.946087252238949294e-01
4.891863369732048494e-01
4.674716539786906155e-01
4.692157432321755750e-01
4.890965905245335255e-01
4.924870845897825755e-01
4.772243773882504647e-01
4.929970925722053643e-01
4.689286087934164127e-01
4.901095430946198483e-01
4.663710867532677717e-01
4.950703518181699403e-01
4.998033769804626769e-01
4.943217707471603828e-01
4.934037124156024356e-01
4.923099605424917646e-01
4.689541284003043153e-01
4.570694679010215422e-01
4.564302063244427554e-01
4.884644685367415251e-01
4.718112497879984324e-01
4.863392347749312949e-01
4.699541284003043162e-01
4.610485234163250734e-01
4.910356172790794060e-01
4.651108960430453410e-01
4.959655774538405670e-01
4.524498020168864487e-01
4.681371444814294014e-01
4.913736257482194114e-01
4.992866261612792234e-01
4.707551907648051537e-01
4.636419539642896437e-01
4.750708888969439325e-01
4.948682434653630668e-01
4.910453605216777984e-01
4.865318935017347024e-01
4.553101200808390980e-01
2.944892030613338596e-01
4.951215942896344258e-01
4.940006885261274405e-01
4.944176627294393778e-01
4.887960747421928320e-01
4.819947473372911961e-01
4.871820346927677181e-01
4.861216229542822953e-01
4.977159901455470159e-01
4.538923693987791386e-01
4.624703534864217924e-01
4.925791857373033600e-01
4.990406989883580668e-01
4.835531441275155995e-01
4.870505223931816396e-01
4.917596316277876300e-01
4.568134976742594389e-01
4.848537479769273739e-01
4.937928161543015393e-01
4.997928144617374002e-01
4.810297309339682248e-01
4.991078852779431974e-01
4.872298225940333016e-01
4.785178777327927513e-01
4.799259257779824872e-01
4.977254854165631404e-01
4.681782689078374249e-01
4.902705166865000130e-01
4.871030917457521703e-01
4.801114502251337401e-01
4.636989807185494250e-01
4.985206452197175619e-01
4.825047804600451351e-01
4.880531025268346479e-01
4.787499506497184254e-01
4.807419775131874795e-01
4.610198594672396122e-01
4.940517588272708149e-01
4.869007238355065881e-01
4.884627322650535453e-01
4.842219596255012415e-01
4.706821013287748601e-01
4.958169767330666278e-01
4.768210531059426938e-01
4.851159868726462321e-01
4.751130182746866604e-01
4.767734787359818038e-01
4.904319411742583679e-01
4.748042744449042507e-01
4.869007238355065881e-01
4.704209855376165761e-01
4.591889901268733643e-01
4.893888494433956682e-01
4.684713593299983936e-01
4.992627257130551888e-01
4.950996899824039454e-01
4.561481037425395013e-01
4.838289978985962914e-01
4.817777016032742110e-01
4.928613458220197363e-01
4.584769370464938376e-01
4.635397551865535481e-01
4.702289419922361380e-01
4.994561477853489695e-01
4.906107777946868143e-01
4.960484705223004442e-01
4.797466074845868622e-01
4.660103167037060179e-01
4.845993473353220060e-01
4.804502332273334897e-01
4.842732922098838544e-01
4.735375588349226561e-01
4.957788453576953414e-01
4.813276196021471498e-01
4.866404331423815344e-01
4.575334125584374911e-01
4.624685466817441415e-01
4.693512480247641339e-01
4.794768961039739819e-01
4.684888680281522610e-01
4.782878104694781585e-01
4.772784650109593851e-01
4.764511562484401441e-01
4.869591696532167280e-01
4.618600521910329326e-01
4.836013764196756548e-01
4.974240537577931942e-01
4.975508614556576337e-01
4.968262225075021910e-01
4.607653085173946117e-01
4.888488491093277988e-01
4.780470925845424213e-01
4.869007238355065881e-01
4.834877455388218448e-01
4.918838650255185629e-01
4.946883227887203804e-01
4.969761893145228648e-01
4.738979797717030040e-01
4.695505277957136014e-01
4.888773485926747875e-01
4.580672824529899434e-01
4.998450976915407296e-01
4.829405395420159341e-01
4.968676171664466734e-01
4.913817040682448845e-01
4.696667193862967271e-01
4.955887328615620757e-01
4.783434571466974039e-01
4.646389305552642845e-01
4.635410511636660624e-01
4.950599063528149379e-01
4.938037857145708975e-01
4.562682698570298401e-01
4.789878871390838566e-01
4.849007238355065863e-01
4.561338074472346960e-01
4.725119198236538698e-01
4.959834971156706906e-01
4.918789102935239299e-01
4.957513734806654471e-01
4.829837541101181797e-01
4.983635840798225081e-01
4.989974057466315394e-01
4.869007238355065881e-01
4.992049099748206431e-01
4.697305894676620519e-01
4.669961552507896907e-01
4.747924989939437679e-01
4.717736819535672255e-01
4.817615285705794670e-01
4.993744981901287461e-01
4.860106702021091407e-01
4.689535308983616146e-01
4.871082632993375960e-01
4.949585558936023810e-01
4.983165629881744496e-01
4.663739210407050750e-01
4.846220021679999435e-01
4.868769007791513004e-01
4.920085011786097806e-01
4.862744426856353552e-01
4.611773206344634279e-01
4.830710801867754145e-01
4.978234077577881056e-01
4.869007238355065881e-01
4.774326272517699921e-01
4.981292797536636674e-01
4.763101846067083756e-01
4.877724377916962117e-01
4.780406600570231146e-01
4.914648414240505025e-01
4.878872257251503641e-01
4.710758709347717677e-01
4.828653300782342894e-01
4.982742347122832149e-01
4.959703895735469992e-01
4.605188283631754254e-01
4.997536109723411113e-01
4.992124774377877383e-01
4.920063172262429396e-01
4.859747552702405882e-01
4.634339505457986674e-01
4.837111238708524108e-01
4.960494711364839548e-01
4.644334213866043726e-01
4.994081390816876853e-01
4.651420295200294763e-01
4.865911983439372701e-01
4.878166366578243207e-01
4.701701572634315318e-01
4.692670053536329711e-01
4.707937295484940776e-01
4.985609263433823934e-01
4.955842782108507150e-01
4.954278847524744567e-01
4.980580883179305252e-01
4.835878094036666908e-01
4.975570898908365791e-01
4.681128865282167539e-01
4.676500427758771283e-01
4.869007238355065881e-01
4.995212816964557656e-01
4.796157688364227623e-01
4.791643757446609198e-01
4.734614230757006603e-01
4.842901535384617762e-01
4.943684281545639436e-01
4.901283423457938881e-01
4.994892595529399903e-01
4.865962928728938541e-01
4.766436088165535989e-01
4.757465438009418901e-01
4.799299261234741820e-01
4.677132442718695549e-01
4.795618134194802873e-01
4.979317608195000244e-01
4.902014575544287878e-01
4.964553121956658543e-01
4.681128865282167539e-01
4.838723999392981479e-01
4.881890718624077308e-01
4.766681532030014878e-01
4.952836880557824895e-01
4.958426515423184355e-01
4.856998659596476475e-01
4.677197156117988142e-01
4.808441175678245250e-01
4.531168234282136886e-01
4.760653179984846717e-01
4.897859434747737772e-01
4.806793855219758660e-01
