1.473403119645165862e-02
5.868251711392376974e-03
8.741167260391457736e-03
-2.557303535934219232e-02
1.821477419289012356e-02
1.318697257102796963e-02
6.444917886106391047e-04
1.138303451895405008e-02
-1.348971171775929269e-02
1.633958394021088958e-02
4.204788264552447759e-03
1.608959844824899010e-02
9.727616517902883467e-03
4.252924598214545548e-03
8.764599351557333246e-03
6.679906163057558986e-03
1.080117645504972100e-02
8.272210547310256470e-03
1.210773160244751900e-02
4.892263141521114266e-03
1.188139817242103713e-02
1.170263351647048665e-02
1.851869505735696808e-02
2.856770659782663022e-02
2.515014446247379465e-02
2.015201596899054981e-02
-2.484704704356372612e-04
6.042033137590182776e-03
2.758285306389774219e-02
2.094808233844912965e-02
9.965478729886491360e-03
8.612869390081830112e-03
1.617206881835538818e-02
1.144600839250720786e-02
9.197530827462522748e-03
7.520502999916910646e-03
1.248483585251812869e-02
1.760481860279613717e-02
1.439383210468265888e-02
1.257697603390788010e-02
2.188581211424530867e-02
2.611569964429725360e-02
2.990404543628823533e-02
3.435924368737177520e-02
1.771928761486575230e-02
2.447584200107158839e-02
1.111674367031085034e-02
2.846008283443819328e-02
3.102536189346103562e-02
2.847514274704059101e-02
2.458853960475724382e-02
-1.761145907556502374e-03
9.064835226982932703e-03
3.887475805892828210e-03
7.401280355448877461e-03
-1.637442448386126643e-04
3.893116916985821328e-03
3.752027053034693617e-03
-2.723727524055324922e-02
-7.156092348898424223e-03
-3.472855374692929153e-02
1.939683604562741220e-02
-3.390850631691901679e-02
3.521071163607200627e-02
3.832063167340252902e-02
-1.707400467490303303e-02
-4.506134240895726117e-02
3.414313125162053708e-02
-3.832721236746784027e-02
4.280703027320294229e-02
4.318124973634718256e-02
4.167010905565814854e-02
4.358531600038803577e-02
-2.579945542376807510e-02
4.216146529605391269e-02
3.031941000270477193e-02
4.700311556658946094e-02
-5.054040643027393059e-02
4.827873281127111060e-02
4.907130402915844264e-02
2.137786707862237082e-02
-1.853232348308929758e-02
1.733131363719846163e-02
6.268512619744961469e-03
7.289730691081726041e-03
-1.864279213711474842e-02
6.809549206109578000e-03
8.523406171372701484e-03
-3.778636738312317681e-03
1.826010352103799028e-02
2.241896040835368240e-03
4.590045636238758442e-02
4.971142423423771314e-03
2.403761147825596300e-02
6.164450946224189418e-03
2.724112600239841919e-02
4.524593157172015351e-03
7.858562884127038434e-03
2.640251590096858239e-02
6.061180970691063333e-03
5.149776831065183691e-02
5.870576744152446180e-02
5.617416006855302513e-02
5.741342675502533743e-02
5.710942891487762185e-02
5.870467363342662254e-02
5.786638265422956728e-02
3.407996385573796444e-02
-4.117695909460805659e-02
5.994337947260840183e-02
5.980767033405277183e-02
5.260496712083793241e-02
2.119798927055683083e-02
4.477504514349928133e-02
5.333464162654589363e-02
6.236689286988392200e-02
5.943381948820118665e-02
6.124394561823414546e-02
5.369363225577809817e-02
4.741853771335310941e-02
5.735875412372681836e-02
5.944027864053375715e-02
5.946141243747112004e-02
6.141690195636772404e-02
5.942256361043762175e-02
5.746386228976833876e-02
5.944928670215136879e-02
5.399884345546697439e-02
5.873038871900837510e-02
5.454246995953319216e-02
4.240353887157121554e-02
5.435184550374126677e-02
4.845281933687239223e-02
4.972391516157823044e-02
4.792427298994974411e-02
6.056350569133552020e-02
4.739933335847242718e-02
2.215728173178926202e-02
5.495961659813342753e-02
5.087044397767918891e-02
5.699588938244747743e-02
4.949176062539746568e-02
6.005221424118173390e-02
6.048384873158423047e-02
6.141700910412775660e-02
5.277425035481716348e-02
6.052831252885315649e-02
5.719220302550516444e-02
5.817680453466951562e-02
5.073074932839723855e-02
4.306774893105649177e-02
5.945935610571478902e-02
5.729529061160999748e-02
5.987168537783672112e-02
6.192217956869987272e-02
6.091408818249413604e-02
4.277692380409073292e-02
4.338705800929596595e-02
6.003161462867906417e-02
5.447351923833360782e-02
4.928531005975526902e-02
6.218879288814024853e-02
4.458317308882647767e-02
5.514659739275741546e-02
6.217697547831557009e-02
6.086568372172630748e-02
5.216722040558217227e-02
6.153199767445115265e-02
5.910396874848556498e-02
5.669700515437727656e-02
6.026628547276624559e-02
5.456958006723424542e-02
5.479505638840846682e-02
4.371533041039926681e-02
5.133891787578337418e-02
5.979034906343157207e-02
5.978146875569468471e-02
6.102440620638730634e-02
6.096278163111907428e-02
6.090630086840826546e-02
5.398101875870852523e-02
4.567781810099100226e-02
4.593740908419480934e-02
5.918733042673728767e-02
4.707693665549460976e-02
4.992291407215281723e-02
6.153199767445115265e-02
4.590107010264228571e-02
4.962434597397223646e-02
4.889343703227239102e-02
4.359628277689847620e-02
6.236689286988392200e-02
6.040108978018347841e-02
6.236689286988392200e-02
4.835416044659043150e-02
4.951356570151024816e-02
5.005231818160354312e-02
5.643846209942795372e-02
5.182616564597426756e-02
5.673545252093070007e-02
5.954474373439689466e-02
4.538698053428932150e-02
5.012957869380842840e-02
4.704403396942387350e-02
4.869136942623180503e-02
4.235709400472181113e-02
5.133334892672102717e-02
5.308756402568628324e-02
4.533914186697608761e-02
5.567623855986544856e-02
4.843861684399980438e-02
5.795112138549934205e-02
5.951634873658047387e-02
4.855576533224097158e-02
5.312083301457177359e-02
6.119327998827783083e-02
5.125557572985490334e-02
5.925247172042381882e-02
5.655144194798444185e-02
5.863014914658518789e-02
4.418056159653757642e-02
4.928858221141462631e-02
4.902087209836918785e-02
6.101282186760502435e-02
4.886846770485882285e-02
6.141696089333089498e-02
4.533178224278899132e-02
5.266664288767980429e-02
5.001472345937377911e-02
5.936607379389850087e-02
6.040882421942642133e-02
4.709148888351464418e-02
5.037151060281961495e-02
5.911262430790512057e-02
5.352963445743436077e-02
4.760756297982024488e-02
5.527057190701971379e-02
4.712962873058951924e-02
4.809112916328080883e-02
4.986603405618824508e-02
5.492534476006412369e-02
6.050940303563059897e-02
6.223183229249382165e-02
4.682600427158802037e-02
5.725052390011126785e-02
4.640558264701041824e-02
6.206527347245784781e-02
5.989532677584090414e-02
5.882345217461601439e-02
4.802699277705983066e-02
5.990968934362139731e-02
5.992827692835896863e-02
5.274239485693385521e-02
6.041607947543557733e-02
6.002462032107851869e-02
6.101105824033502961e-02
4.100442386714286264e-02
6.045207748932390074e-02
5.657221141629703576e-02
6.107253552497728111e-02
5.422009976244787643e-02
6.048194753962612968e-02
4.415918008065111700e-02
4.720586820479773238e-02
5.530922465702253765e-02
5.546441328359789924e-02
6.092300151955551413e-02
6.236464980829298926e-02
6.024713100129451548e-02
6.229408672943825831e-02
5.492933260893501091e-02
6.144166514670477974e-02
5.893860755443933869e-02
6.236464980829298926e-02
5.849949727377886516e-02
5.636995800978923665e-02
6.223183229249382165e-02
4.370836046464575408e-02
6.141700910412775660e-02
6.138391010781955176e-02
4.783397735418815772e-02
4.358747858670838221e-02
5.325985399979336898e-02
6.165278291422913309e-02
5.449237024612336305e-02
4.068488031862419613e-02
6.206527347245784781e-02
6.143805984446468887e-02
5.912193064562720757e-02
5.894112988319334667e-02
5.011184943777104855e-02
5.637979035719058868e-02
4.794903951339760106e-02
4.795508500206716734e-02
5.902128699194320038e-02
5.626795116081589887e-02
5.736194466340767406e-02
4.179894958852931053e-02
6.155733129691881578e-02
6.038108019008690819e-02
4.438120807224524289e-02
5.459743351723871790e-02
4.837086627216711371e-02
5.071288512217440175e-02
5.513012596034534002e-02
5.867756071323107503e-02
5.371027494644445982e-02
4.596289404850454480e-02
5.325471273133696587e-02
4.813206994066655114e-02
4.299354669157847558e-02
6.197760076774682519e-02
5.795946694552212008e-02
5.900005611558679225e-02
4.883543978341025465e-02
5.413599617591085406e-02
4.655610056928074364e-02
6.183466979862280860e-02
6.065355592186542910e-02
6.156054313792746341e-02
4.202844096105746302e-02
4.869908145503672181e-02
5.286613199590139978e-02
5.744286580989981655e-02
6.055714997473919670e-02
5.960693608043635822e-02
6.075456866503399500e-02
6.236689286988392200e-02
4.627966420948310955e-02
5.749569507746165459e-02
5.291487042401397251e-02
5.133841118485378552e-02
4.987774125032215511e-02
5.983739280843906189e-02
5.579206867450845625e-02
5.619307283214314275e-02
5.785501285201547633e-02
5.851979146536440829e-02
6.236689286988392200e-02
6.229819946102729822e-02
5.775160650400255891e-02
6.202554864452022865e-02
5.476402127555111965e-02
4.143269947887687210e-02
5.247325347429315778e-02
5.991836295811268226e-02
5.408859735347128217e-02
5.798740611150012686e-02
4.086804625927674406e-02
5.702249896528906181e-02
5.856579351881005535e-02
6.200834206414596039e-02
5.511855403229588835e-02
5.117042661989817248e-02
5.112431181373280203e-02
5.973264272404106567e-02
6.089964867075432081e-02
6.108516336647810269e-02
4.620158192540095576e-02
5.666736895068242436e-02
5.396603783921243708e-02
3.971759166306840921e-02
5.195619155447203652e-02
4.872823868465774727e-02
5.785969208303908679e-02
6.143701044217551865e-02
5.185274786802186731e-02
6.058424404251938622e-02
5.625079639794346859e-02
5.146703705511253280e-02
6.236689286988392200e-02
5.176765984314268126e-02
4.978026199210925512e-02
5.774070405046151377e-02
5.747040926829595497e-02
6.097082422305070276e-02
6.101707786416280671e-02
5.889541629677801093e-02
6.086755814624351946e-02
5.193484723550021581e-02
5.411573495806565326e-02
6.236689286988392200e-02
5.595521495527871342e-02
5.211098302975168683e-02
5.987569129057862538e-02
5.513370318716665636e-02
5.768780127704117855e-02
5.190206940881116060e-02
5.414529693584881065e-02
6.020892750949003586e-02
4.129110497159664550e-02
5.414575053823977163e-02
4.018227844292583673e-02
5.994169351427539733e-02
5.192265934635954816e-02
4.935300575474012991e-02
5.906469796047800203e-02
5.894084694968396154e-02
5.414186900004448050e-02
5.912589295355197283e-02
4.032203400734808707e-02
6.219008496760165122e-02
5.672420683702814048e-02
6.236689286988392200e-02
5.935126611096831761e-02
6.000692506976171986e-02
5.647596518117922043e-02
5.179376820274245868e-02
4.299352810737486902e-02
5.849313507766529946e-02
5.514194730059229776e-02
4.163348760538066601e-02
6.236689286988392200e-02
4.142176193593115341e-02
5.295384149361201387e-02
5.577477755069976117e-02
5.127052873911021325e-02
5.915918421869403865e-02
5.117399526680533467e-02
4.924932374074487973e-02
5.188026110276069969e-02
6.164111615450553611e-02
6.236689286988392200e-02
5.342921642165709278e-02
5.557980485898827983e-02
6.075591671786179093e-02
4.833737696355851904e-02
6.068532281005034612e-02
6.101282186760502435e-02
5.128354444556346842e-02
6.152793802272572138e-02
4.952205632521046452e-02
5.592203264386119005e-02
6.236689286988392200e-02
5.371204244580315978e-02
4.108837500129089437e-02
5.088953851288687685e-02
5.341499484608012299e-02
5.651548883139265872e-02
4.748273387488217978e-02
5.690514921159030293e-02
5.152418760305130935e-02
5.306920460383120902e-02
3.924603400477866266e-02
4.712754497510003582e-02
5.931941837555024938e-02
5.585056390375633950e-02
5.551443024560786393e-02
5.759510767156888339e-02
6.223183229249382165e-02
5.885981488222552516e-02
5.908023480649152864e-02
5.209884391199336162e-02
5.620292426627866017e-02
4.469769546920782793e-02
5.751948764037259632e-02
6.186879736029471388e-02
5.167207631506896132e-02
5.135974609104041605e-02
5.349563690088608714e-02
6.236689286988392200e-02
6.093573507243172510e-02
5.508854771678921292e-02
4.948091955196493030e-02
5.529197371637505076e-02
6.167552366932388397e-02
5.623010487166860139e-02
6.166410860510963127e-02
6.151440930185111261e-02
6.236689286988392200e-02
4.244380877720584783e-02
5.368386306946017206e-02
5.191891039037421079e-02
5.104069386630586541e-02
5.660463115481499663e-02
4.021367813125940188e-02
5.987776973908229272e-02
4.948890364643680762e-02
5.951593106204791650e-02
5.044841172257624740e-02
5.171964958263767370e-02
5.323079269300075300e-02
6.156054313792746341e-02
5.718448110395125961e-02
4.025056241773480870e-02
5.172308226801355241e-02
5.622009744219678973e-02
6.166410860510963127e-02
6.236689286988392200e-02
4.962636912401997141e-02
5.763957909712735805e-02
4.179144057371374926e-02
4.131371549638101354e-02
5.994129010246767447e-02
5.955220637450128057e-02
6.236689286988392200e-02
6.140943642453460666e-02
5.615349770683757819e-02
5.338247642914851349e-02
6.236689286988392200e-02
