1.215992137625867713e+02
8.036477189154267364e+01
8.328567535851847481e+01
1.189215467714420527e+02
1.162977160611177112e+02
1.358193356912902345e+02
1.393582322156284761e+02
1.329459709277190882e+02
1.275713858285250808e+02
1.301349022111010072e+02
1.218056342389599678e+02
1.241335761219455094e+02
1.226460211220186522e+02
1.179510120715661543e+02
1.167410583812058604e+02
1.128443081213564199e+02
1.118142423810285209e+02
1.096309933945833279e+02
1.103456261405923016e+02
1.066091679194572635e+02
1.064065391769507301e+02
1.098432397716688769e+02
1.125279367788864704e+02
1.207728887934547402e+02
1.253791401110404564e+02
1.298313722738613194e+02
1.266109091213544389e+02
1.254197322994311179e+02
1.299997734563431493e+02
1.321617889369897227e+02
1.324143434246070115e+02
1.305340554739848926e+02
1.316562579227500578e+02
1.312802173498973275e+02
1.305393878068081506e+02
1.283470869480862007e+02
1.292997311213732701e+02
1.303663443071873473e+02
1.305912452476393071e+02
1.295497655936440822e+02
1.345655866423139457e+02
1.379685943280788365e+02
1.405618555309731335e+02
1.443082089946758799e+02
1.468757883061144867e+02
1.491940629362817958e+02
1.524112537600071562e+02
1.556060363420519082e+02
1.580748109336283846e+02
1.601790164405327630e+02
1.599313235680448315e+02
1.579234140356699641e+02
1.569600824277743527e+02
1.545327641048954206e+02
1.526310324138475210e+02
1.509279195666968576e+02
1.487894572954889441e+02
1.467695722868143946e+02
1.473520817477007370e+02
1.462525727086653831e+02
1.488914433782256879e+02
1.486423919036143673e+02
1.520559686691728700e+02
1.536173338959635544e+02
1.550071439621768263e+02
1.565441347059152406e+02
1.596200153703468914e+02
1.605733703993234371e+02
1.624528305538858604e+02
1.641540711654780580e+02
1.662000110143712277e+02
1.679047696866316244e+02
1.700101975164929229e+02
1.706927318406968652e+02
1.722325429642781387e+02
1.731560319996219732e+02
1.751888511438616547e+02
1.775338813782381635e+02
1.796807932313546132e+02
1.819231818268179097e+02
1.834269512961816986e+02
1.843904183467548421e+02
1.835212639882909968e+02
1.821313733564360859e+02
1.809352820512073663e+02
1.803117883477147245e+02
1.794145284783903378e+02
1.799366128094323471e+02
1.783096210661862528e+02
1.780242093486141641e+02
1.806983439985717155e+02
1.829550504503000070e+02
1.813718120846021122e+02
1.829383377903196504e+02
1.816433825674135676e+02
1.814839734883252902e+02
1.800370241402246165e+02
1.790169679606406135e+02
1.787639678283807996e+02
1.774708164178423999e+02
1.847348242802165146e+02
1.896366409229659382e+02
1.971453661000412012e+02
2.032870744899390729e+02
2.106490505577408499e+02
2.167647762193193159e+02
2.236088601057027745e+02
2.265565386625337965e+02
2.274210874735876757e+02
2.339690219770448323e+02
2.419938924318693410e+02
2.492964830635214923e+02
2.518033511354305745e+02
2.598041921912737848e+02
2.676461751241121192e+02
2.752322445818759888e+02
2.828189126765181527e+02
2.902037550702680164e+02
2.970616649145804899e+02
3.054155002974015929e+02
3.128719606541333746e+02
3.194518211315258895e+02
3.262059084221491503e+02
3.316018405708638852e+02
3.340953506692708288e+02
3.398939789058269980e+02
3.479751902342652556e+02
3.557926106531901951e+02
3.579583890505480213e+02
3.644597866717906527e+02
3.713298768912593459e+02
3.794274256012122919e+02
3.865217582383800163e+02
3.941230494539224196e+02
4.018595376205046250e+02
4.097833720515764639e+02
4.169274228379794067e+02
4.189611105949509238e+02
4.263897357851027436e+02
4.342704151942244835e+02
4.393484309083333983e+02
4.452035118138890084e+02
4.507087235533636544e+02
4.561147094740247212e+02
4.615762166939306326e+02
4.678310524809924118e+02
4.733170321644787464e+02
4.783194239874971458e+02
4.840436640742042869e+02
4.901308132114157274e+02
4.973053464119793148e+02
5.048001461331337509e+02
5.121914777449617304e+02
5.170484568670211729e+02
5.250090816560485791e+02
5.329165145263144723e+02
5.412061588252360025e+02
5.496197975573123813e+02
5.558484212525213479e+02
5.639146058584653929e+02
5.697123690229469730e+02
5.769078665034237474e+02
5.820108892220857797e+02
5.882910557902480377e+02
5.943615059082497964e+02
6.003470205777606452e+02
6.054807391855323431e+02
6.114362576121247912e+02
6.169536964014835121e+02
6.229482996678300424e+02
6.279641416634610778e+02
6.339647153092898861e+02
6.395287052966248211e+02
6.458435279215490255e+02
6.517617422604561170e+02
6.577775651639519765e+02
6.629707341028911287e+02
6.676197220086389734e+02
6.722483228308946082e+02
6.770976040222104757e+02
6.828803189337573940e+02
6.888560064393257107e+02
6.965535003733831445e+02
7.043557958642584254e+02
7.122911597401383688e+02
7.197980115046299261e+02
7.271555097074649439e+02
7.336919302113642516e+02
7.421805867347588901e+02
7.494443610699120200e+02
7.536906564449643611e+02
7.583675030693885901e+02
7.664203642449846257e+02
7.716041119607641576e+02
7.798349360446218270e+02
7.869915349348724476e+02
7.954002360676468015e+02
8.028895208822368659e+02
8.101398213335676246e+02
8.184653330658221648e+02
8.182753330658222239e+02
8.216622131228680246e+02
8.220622131228680018e+02
8.224022131228680337e+02
8.227322131228679609e+02
8.229222131228680155e+02
8.232622131228679336e+02
8.282339331469133867e+02
8.350936372855096579e+02
8.358436372855097716e+02
8.362036372855097852e+02
8.362136372855097761e+02
8.411388156023716647e+02
8.412788156023717647e+02
8.412688156023717738e+02
8.415888156023717102e+02
8.418688156023715692e+02
8.422288156023718102e+02
8.429688156023717056e+02
8.426588156023717602e+02
8.428888156023716647e+02
8.432988156023717465e+02
8.436588156023717602e+02
8.436288156023717875e+02
8.476260137866338482e+02
8.475260137866338255e+02
8.475760137866338937e+02
8.476560137866338209e+02
8.516778261307772482e+02
8.516678261307772573e+02
8.518578261307771982e+02
8.517978261307772527e+02
8.518578261307771982e+02
8.512278261307772027e+02
8.512778261307772709e+02
8.516878261307772391e+02
8.517478261307772982e+02
8.567058280519825075e+02
8.567258280519824893e+02
8.567658280519825666e+02
8.571958280519825166e+02
8.570958280519824939e+02
8.575658280519825212e+02
8.578958280519825621e+02
8.586558280519825530e+02
8.587258280519824893e+02
8.586758280519825348e+02
8.590758280519825121e+02
8.590758280519825121e+02
8.592058280519825075e+02
8.590358280519825485e+02
8.597958280519825394e+02
8.601858280519825257e+02
8.635199999999999818e+02
8.638799999999999955e+02
8.638400000000000318e+02
8.641000000000000227e+02
8.637899999999999636e+02
8.645800000000000409e+02
8.641799999999999500e+02
8.641699999999999591e+02
8.641000000000000227e+02
8.641100000000000136e+02
8.638500000000000227e+02
8.641299999999999955e+02
8.639500000000000455e+02
8.640199999999999818e+02
8.638300000000000409e+02
8.638700000000000045e+02
8.634800000000000182e+02
8.641499999999999773e+02
8.637100000000000364e+02
8.633600000000000136e+02
8.631399999999999864e+02
8.632000000000000455e+02
8.636000000000000227e+02
8.635099999999999909e+02
8.643400000000000318e+02
8.647899999999999636e+02
8.647899999999999636e+02
8.647300000000000182e+02
8.649199999999999591e+02
8.649299999999999500e+02
8.646699999999999591e+02
8.647599999999999909e+02
8.650000000000000000e+02
8.651200000000000045e+02
8.647400000000000091e+02
8.607177255443357353e+02
8.569964541684011010e+02
8.573764541684010965e+02
8.576464541684010783e+02
8.579864541684011101e+02
8.583564541684012283e+02
8.583764541684012102e+02
8.583864541684012011e+02
8.583864541684012011e+02
8.587964541684012829e+02
8.585064541684012056e+02
8.578364541684012465e+02
8.583064541684012738e+02
8.584464541684012602e+02
8.584764541684012329e+02
8.585564541684012738e+02
8.586164541684012192e+02
8.588164541684012647e+02
8.588664541684012192e+02
8.588464541684012374e+02
8.591164541684012192e+02
8.591464541684013057e+02
8.591564541684012966e+02
8.588864541684012011e+02
8.592264541684012329e+02
8.593464541684012374e+02
8.593564541684012283e+02
8.597164541684012420e+02
8.597464541684012147e+02
8.597564541684012056e+02
8.591664541684012875e+02
8.592564541684012056e+02
8.595364541684012920e+02
8.595964541684012374e+02
8.595164541684011965e+02
8.598764541684012102e+02
8.594364541684012693e+02
8.601464541684013057e+02
8.600664541684012647e+02
8.596764541684012784e+02
8.597364541684012238e+02
8.601264541684012102e+02
8.605264541684013011e+02
8.605764541684012556e+02
8.605464541684012829e+02
8.612364541684012238e+02
8.612564541684012056e+02
8.612664541684011965e+02
8.612364541684012238e+02
8.614064541684012966e+02
8.609664541684012420e+02
8.609964541684012147e+02
8.609864541684012238e+02
8.613064541684012738e+02
8.616964541684012602e+02
8.619364541684012693e+02
8.619664541684012420e+02
8.619464541684012602e+02
8.623764541684012102e+02
8.627564541684012056e+02
8.630464541684012829e+02
8.630764541684012556e+02
8.634364541684012693e+02
8.631064541684012283e+02
8.630664541684012647e+02
8.634664541684012420e+02
8.634464541684012602e+02
8.638264541684012556e+02
8.638064541684012738e+02
8.636564541684012966e+02
8.636664541684012875e+02
8.640464541684012829e+02
8.640164541684011965e+02
8.643764541684012102e+02
8.644664541684012420e+02
8.647564541684012056e+02
8.647964541684012829e+02
8.652664541684011965e+02
8.652864541684012920e+02
8.661264541684012102e+02
8.665364541684012920e+02
8.669364541684012693e+02
8.665364541684012920e+02
8.669364541684012693e+02
8.673664541684012192e+02
8.678964541684013057e+02
8.678964541684013057e+02
8.674264541684012784e+02
8.674964541684012147e+02
8.672564541684012056e+02
8.675464541684012829e+02
8.679364541684012693e+02
8.680264541684013011e+02
8.676564541684012966e+02
8.676964541684012602e+02
8.683564541684012283e+02
8.679364541684012693e+02
8.677364541684012238e+02
8.680664541684012647e+02
8.685264541684013011e+02
8.725687286240654430e+02
8.757999999999999545e+02
8.760099999999999909e+02
8.760399999999999636e+02
8.760199999999999818e+02
8.760000000000000000e+02
8.760099999999999909e+02
8.759900000000000091e+02
8.760199999999999818e+02
8.761499999999999773e+02
8.764900000000000091e+02
8.771499999999999773e+02
8.773400000000000318e+02
8.769600000000000364e+02
8.769700000000000273e+02
8.764500000000000455e+02
8.764700000000000273e+02
8.758700000000000045e+02
8.758600000000000136e+02
8.759199999999999591e+02
8.761699999999999591e+02
8.755700000000000500e+02
8.756499999999999773e+02
8.761200000000000045e+02
8.757400000000000091e+02
8.759299999999999500e+02
8.759199999999999591e+02
8.759700000000000273e+02
8.759700000000000273e+02
8.763300000000000409e+02
8.769199999999999591e+02
8.772799999999999727e+02
8.771599999999999682e+02
8.771200000000000045e+02
8.767699999999999818e+02
8.767799999999999727e+02
8.772200000000000273e+02
8.772500000000000000e+02
8.776100000000000136e+02
8.776200000000000045e+02
8.772200000000000273e+02
8.772300000000000182e+02
8.772100000000000364e+02
8.772100000000000364e+02
8.772400000000000091e+02
8.768799999999999955e+02
8.768899999999999864e+02
8.770399999999999636e+02
8.771000000000000227e+02
8.771100000000000136e+02
8.775700000000000500e+02
8.776299999999999955e+02
8.776200000000000045e+02
8.776499999999999773e+02
8.776200000000000045e+02
8.774700000000000273e+02
8.774400000000000546e+02
8.774299999999999500e+02
8.773999999999999773e+02
8.774299999999999500e+02
8.775099999999999909e+02
8.771100000000000136e+02
8.770900000000000318e+02
8.774600000000000364e+02
8.775099999999999909e+02
8.775199999999999818e+02
8.777699999999999818e+02
8.777899999999999636e+02
8.773899999999999864e+02
8.779700000000000273e+02
8.780099999999999909e+02
8.780099999999999909e+02
8.776100000000000136e+02
8.771000000000000227e+02
8.771299999999999955e+02
8.770900000000000318e+02
8.771000000000000227e+02
8.767400000000000091e+02
8.767200000000000273e+02
8.762400000000000091e+02
8.762300000000000182e+02
8.762799999999999727e+02
8.769199999999999591e+02
8.769400000000000546e+02
8.769400000000000546e+02
8.769700000000000273e+02
8.769800000000000182e+02
8.776100000000000136e+02
8.779700000000000273e+02
8.780099999999999909e+02
8.780199999999999818e+02
8.780499999999999545e+02
8.780099999999999909e+02
8.784700000000000273e+02
8.779099999999999682e+02
8.778999999999999773e+02
8.784600000000000364e+02
8.784199999999999591e+02
8.784800000000000182e+02
8.780399999999999636e+02
8.776599999999999682e+02
8.782400000000000091e+02
8.780499999999999545e+02
8.782699999999999818e+02
8.784600000000000364e+02
8.784700000000000273e+02
8.780499999999999545e+02
8.776799999999999500e+02
8.771599999999999682e+02
8.771699999999999591e+02
8.771799999999999500e+02
8.772200000000000273e+02
