9.824294866943509419e+01
1.050060527880806802e+02
1.024128947315312388e+02
1.072204355967364080e+02
1.222741406185607644e+02
1.239002744392531667e+02
1.140914739267303162e+02
1.203956193512893975e+02
1.152048164413513263e+02
1.135174866689679476e+02
1.070049139990358924e+02
1.026433466377342540e+02
1.065710270845387129e+02
1.047135442417885685e+02
1.064086954909858065e+02
1.039065456583098808e+02
1.071034896875591897e+02
1.068201283577521394e+02
1.030031535037211938e+02
1.061080820657153225e+02
1.185793597739593821e+02
1.209963492790305253e+02
1.222524422458535724e+02
1.212817180776359010e+02
1.194606390108728533e+02
1.234835095934256515e+02
1.218997757100207764e+02
1.206180551127673084e+02
1.205250255016253220e+02
1.231188177785525539e+02
1.246947127290072785e+02
1.239546729807118624e+02
1.192912231901878499e+02
1.230536415594472004e+02
1.229018687936978154e+02
1.224705031368905424e+02
1.235493937517443328e+02
1.270670182218153883e+02
1.236367211718737167e+02
1.227190843209771032e+02
1.176041921063610403e+02
1.127261807403082798e+02
1.104296465845484363e+02
1.081936757086720746e+02
1.103718944778734112e+02
1.120232597709611042e+02
1.133260946050051672e+02
1.102350329498554800e+02
1.136036904565844310e+02
1.112550546929346922e+02
1.040143833589742286e+02
1.051835784229416220e+02
1.067467884418063875e+02
1.046707606538288928e+02
1.037105772138582864e+02
1.059915213152307416e+02
1.025840138031247619e+02
1.034662179145210246e+02
1.043437411489171325e+02
1.021769556432422803e+02
1.053163325476888730e+02
1.106737061695963291e+02
1.051821619298153507e+02
1.032283193184270260e+02
1.170555439351206815e+02
1.121271318074437886e+02
1.055217542702310993e+02
1.087828955607710668e+02
1.050596562219135706e+02
1.112701094072804722e+02
1.119215762137425543e+02
1.115825297982993618e+02
1.131442047788273726e+02
9.616265951640473020e+01
1.131790120540363347e+02
1.031127017621870436e+02
1.162429627373879271e+02
1.011187622061596301e+02
1.141851700364828019e+02
1.128092325981953081e+02
1.114116592208761602e+02
1.055413582440114340e+02
1.074588094288484257e+02
1.035120097843240217e+02
1.044510447631485306e+02
1.040724013651567219e+02
1.046202024990782320e+02
1.101604683477707738e+02
1.038358842553671195e+02
1.097654582883404402e+02
1.107157832919624241e+02
1.188203955958502149e+02
1.060838505058251826e+02
1.139928983354628400e+02
1.064141283588939331e+02
1.110502613710298334e+02
1.031697760440714404e+02
1.036585913176165263e+02
1.104826641165459193e+02
1.047572263118365044e+02
7.885306148363068246e+01
1.014036875626249810e+02
8.645354378910012372e+01
8.371459116826805769e+01
8.268437032868114045e+01
7.992804455856042978e+01
7.914113399820884354e+01
1.085131442475736918e+02
1.019591482476101447e+02
1.049408526241277002e+02
8.916776108235926301e+01
6.196358256473332204e+01
9.632848696181457626e+01
6.858826098025748763e+01
6.146019582660153446e+01
9.247773828324082501e+01
7.973045342498659238e+01
9.485070490030287260e+01
9.400947665905196970e+01
6.423543177163791995e+01
7.809186587652078515e+01
8.079565977576262981e+01
8.309987486472681439e+01
7.930891540650304705e+01
9.874695816621030531e+01
9.409611167231561524e+01
7.634487670892281130e+01
6.677439696970986915e+01
1.022087379570285179e+02
7.795311277439127196e+01
8.060523577753683355e+01
6.184488822176638934e+01
6.185318141684749094e+01
6.264952212604224968e+01
5.909901446694176741e+01
7.998420572829347464e+01
6.118181155483708267e+01
9.590807513550731755e+01
6.388041030570790468e+01
6.318906274442704074e+01
8.088377565530680613e+01
6.766325140230524937e+01
9.880605251158533520e+01
7.820606462464974129e+01
9.613474373492910274e+01
6.721989653549682942e+01
7.664701335610135402e+01
9.249278635095980405e+01
7.928231374313502045e+01
6.632395665453779543e+01
6.393562698606271510e+01
9.822009673279173114e+01
8.114618593862998353e+01
9.850200594425047029e+01
7.785485327348968099e+01
7.945700447165479829e+01
6.802910184772133562e+01
6.152266693309232437e+01
1.000885586379182399e+02
5.927966698491466246e+01
5.914125764144299069e+01
7.400607320541837453e+01
6.161984437332810671e+01
6.362986911196272644e+01
7.777192812320120652e+01
7.561906656389552950e+01
6.577861553185492482e+01
9.074846811136383451e+01
7.902392996381648516e+01
6.394866829390279150e+01
9.078990973718910595e+01
5.947425138916522513e+01
6.608319905955589491e+01
7.111938892920798594e+01
6.566482768052436825e+01
7.831521918644665448e+01
7.633146638533108330e+01
8.820579408857109627e+01
9.483862630512760461e+01
7.830957065555743668e+01
6.287606081202238073e+01
6.638861291048303315e+01
5.907892159979594027e+01
7.689126881159062066e+01
6.067009453608697100e+01
6.132123719664301120e+01
7.814630689790212159e+01
6.047259493294456689e+01
5.994777541855626879e+01
5.986622789056303162e+01
7.235831802535948043e+01
7.613460901579587414e+01
7.883166195988854952e+01
7.665777551870345974e+01
5.837705271888306413e+01
6.088699501586482654e+01
6.053162290268767265e+01
8.349765734894776870e+01
6.529873964098689498e+01
6.501170398714948817e+01
8.441916562641286248e+01
6.357528707106464338e+01
6.161502083973272903e+01
6.207461821916523803e+01
6.276868206690934926e+01
6.290120414490606038e+01
6.183086562359615357e+01
5.932120242597039095e+01
6.917604564659590949e+01
6.381691910202479079e+01
6.237461342985862700e+01
6.527930632401412936e+01
7.832788225987819430e+01
6.521417347849120461e+01
6.132740875734586439e+01
7.712188775016011277e+01
6.025911222280281265e+01
8.040936245168235530e+01
6.446414777148430630e+01
7.801660317832535441e+01
6.203051303027138630e+01
6.142324802738554013e+01
5.908319645206185555e+01
7.552672282159988981e+01
5.980706408508856953e+01
9.366852821837849774e+01
6.695818890157529779e+01
6.205084349898950080e+01
6.130692592466375856e+01
7.798457410096931142e+01
7.699181678743570956e+01
6.124463987606897319e+01
5.966087392824343993e+01
8.978112495518226410e+01
6.238739293283290976e+01
5.854634624278492083e+01
6.313660654548388607e+01
6.416025351144375577e+01
5.845147497256424174e+01
6.181267224608996713e+01
6.023991248143363464e+01
7.522281156300284977e+01
7.613000687052425519e+01
5.866887450180282570e+01
6.304308736136361091e+01
5.751872698209835733e+01
7.828537868051959947e+01
7.693753133898238161e+01
7.686770262681710619e+01
5.849066671740359880e+01
7.804743665816415898e+01
6.585166760612392522e+01
6.071238076019046304e+01
7.640942134918128659e+01
6.576266316205892792e+01
7.827498503143647213e+01
5.405799594995658452e+01
7.949138633302199253e+01
6.424126602568776434e+01
7.706159981176558915e+01
6.039765327664772343e+01
7.905363195563093370e+01
6.021426602276758899e+01
7.026544138525348160e+01
6.465876286402948381e+01
8.120196240216863259e+01
6.611092918159285148e+01
9.693953523630773361e+01
7.664674330232521982e+01
8.058847322309635786e+01
6.424456028809863994e+01
7.793454933058769996e+01
7.921862640183381643e+01
8.352959468412852573e+01
6.584594240488675609e+01
6.200250708914378350e+01
7.954339568682603101e+01
4.671002848638038074e+01
7.200059071151288492e+01
7.781608853850816843e+01
6.253179703248807186e+01
5.787343603920530200e+01
6.174458322551653566e+01
8.671395138515200074e+01
6.190450866620999903e+01
4.713893510408573917e+01
7.540128968893016292e+01
7.760212688192984842e+01
9.311895328510944125e+01
9.839244145445185552e+01
5.896733615149349106e+01
6.250328205792882130e+01
6.418600387431213505e+01
5.734789770450770874e+01
6.449627348072057487e+01
6.375564876519075597e+01
6.556049664218343764e+01
6.203235908034376678e+01
7.501953844019138273e+01
8.950093255244405555e+01
6.075433879253188962e+01
6.350855723119700968e+01
5.907807640082936729e+01
6.156164387130892379e+01
6.366828158591916065e+01
6.353504918869568741e+01
6.169427626006493171e+01
6.128525353760049654e+01
6.044632333878174535e+01
5.874021569627800687e+01
5.825685323994828479e+01
7.293907062476860403e+01
6.619473471153402500e+01
6.504436995589888681e+01
6.134625867495761753e+01
6.351492068357601539e+01
5.761419292218793231e+01
7.629278000704620410e+01
8.630372293499530656e+01
7.459672864387816560e+01
4.889910983650807452e+01
5.728989683097228891e+01
6.455817647003893001e+01
6.430715542215244795e+01
7.938431341679689979e+01
6.703015448442417323e+01
7.563384610118589535e+01
7.877458270137320540e+01
5.965942006334676506e+01
6.360352639569023125e+01
6.076251980619107940e+01
6.165526699993690585e+01
6.184346473629208418e+01
6.379206637926981216e+01
6.109666243891791026e+01
6.069049009656654903e+01
6.678288241404912640e+01
6.372010439268370163e+01
7.903743645407483598e+01
6.602475826590661256e+01
6.374209332685916962e+01
6.341158497652399717e+01
6.159965721035833042e+01
4.633825323609774927e+01
6.068743415732394197e+01
6.382281286969774925e+01
5.982392832603658661e+01
6.399563024141924927e+01
5.580135340380603992e+01
6.169607489778085352e+01
6.533666493127928732e+01
7.695396834188754553e+01
6.332930081445901749e+01
5.959966576709238950e+01
6.245142960383966368e+01
6.539812646481919955e+01
6.679744531717807376e+01
8.531307600584550244e+01
5.742623787173800309e+01
6.172199229556859024e+01
6.222753379211724223e+01
5.428112632820519678e+01
5.944400568675671082e+01
5.961343135148761974e+01
6.569122418143285813e+01
6.542423830328903023e+01
6.041021639092535622e+01
6.465253908455072462e+01
6.132022372557756995e+01
6.212395682400529751e+01
7.906115675427946599e+01
6.005442166798026449e+01
5.875255987532005264e+01
6.473835927656439537e+01
6.289735075325173597e+01
8.037611121486652621e+01
7.634894946716953257e+01
6.473836116811226304e+01
6.264545429108971319e+01
6.149631926170923180e+01
6.139457566872917482e+01
7.767566502988289301e+01
6.183516901307762481e+01
5.863716349025801122e+01
7.997564486009204643e+01
6.307606894705284617e+01
6.365725680294094957e+01
5.985067521626674392e+01
5.994649822306993059e+01
8.217188864361537526e+01
4.629482285061178715e+01
6.044086960110739426e+01
5.790421648024339873e+01
6.522251172172876466e+01
5.915218533925462197e+01
6.100027686105692482e+01
6.421050422225998489e+01
6.509764532811055915e+01
6.144664904342283052e+01
6.618220181848077743e+01
4.952884022773089612e+01
7.726662959016184118e+01
6.231978515610745717e+01
8.308191145855960258e+01
6.506614708999798324e+01
8.449965285130410564e+01
6.311317339791083469e+01
6.161711544840128596e+01
4.586983666306662855e+01
8.412945904002734210e+01
6.064632787251569823e+01
4.834113947839105663e+01
7.687740202230953912e+01
4.794265053598181936e+01
6.189754028440857780e+01
6.352014233540092647e+01
6.052086043848917285e+01
6.493241641889669324e+01
6.119648557936424993e+01
5.902899237245322439e+01
5.927178610196684616e+01
6.565427390567150212e+01
7.858486805251710905e+01
6.156470896692379569e+01
6.159965091230680656e+01
6.474501480021936572e+01
5.849854568158352208e+01
7.679420185662381471e+01
7.670903713936276347e+01
6.040593888125524558e+01
6.667381637421539153e+01
5.943028046215211901e+01
6.357224136241304535e+01
7.474612910523150333e+01
5.876239836730137256e+01
4.813029480573615615e+01
5.847344575496226327e+01
6.024183356784162413e+01
6.168770162438710258e+01
5.634877746387576991e+01
6.290554235780637526e+01
5.880154957521124004e+01
6.091727643267579850e+01
5.200013639831788481e+01
5.932469626501367799e+01
6.441735942873683030e+01
6.228379768129978089e+01
6.106662520301350838e+01
6.292164068032702318e+01
7.525596147973330119e+01
6.548994260794023603e+01
6.441452970527714683e+01
5.968537192039967465e+01
6.172243391444010996e+01
4.790006360298975352e+01
6.376418005794123189e+01
7.768010736287581608e+01
6.038269748364990619e+01
5.841629434040526547e+01
5.991662700722112334e+01
7.621717323568023517e+01
8.202663362811395587e+01
6.073865339380465400e+01
6.152406660477886646e+01
6.178955307024820343e+01
7.474906545625982801e+01
6.335721327324010588e+01
7.951031413526624192e+01
6.220380228020749769e+01
6.139712300010539536e+01
4.786987655748143311e+01
5.962862343854069991e+01
5.946586827319281099e+01
5.981472244044448416e+01
6.222875050290424070e+01
4.760313684463842776e+01
6.583283102052405411e+01
5.832801210262574187e+01
6.333421501093339856e+01
5.873498829376151775e+01
6.296795253820398131e+01
6.006381796774162041e+01
8.166145381632497902e+01
6.235972662479091611e+01
5.035172574141306256e+01
6.271889977882142375e+01
6.160552949128253175e+01
7.723666183831205956e+01
7.572765669139052136e+01
5.741144934612692907e+01
6.177879763469724139e+01
4.538433269851740448e+01
5.053023870783901828e+01
6.443562333009974452e+01
7.683439567030232809e+01
7.628634574141887015e+01
8.153819125170284110e+01
6.237553139389529377e+01
6.078469228344309983e+01
6.475158422085196719e+01
