1.215992137625867713e+02
3.913033002049858311e+01
8.912748229247009135e+01
2.258291610102127436e+02
1.058023932198203312e+02
2.334274338421527659e+02
1.605916113616579253e+02
8.806014191235337307e+01
8.457470503497295056e+01
1.532065496542843448e+02
3.851295451754956645e+01
1.497409368347863676e+02
1.047953611228962387e+02
5.691589441568368812e+01
9.980170671616180300e+01
5.439305422361506714e+01
9.533319053578225066e+01
7.251576062501496267e+01
1.232090155687536850e+02
3.561646171789139714e+01
1.023539643268200194e+02
1.820139522607499316e+02
1.715912709376736700e+02
3.104067851285250299e+02
2.359291717330973199e+02
2.411371763443831355e+02
4.287886715617543842e+01
9.325795810750173587e+01
2.582409258498800000e+02
1.948602378757406370e+02
1.399909780531254739e+02
7.224512900469919430e+01
1.675667362832351159e+02
1.188708784457571568e+02
1.053511833417772863e+02
5.161655689281733572e+01
1.635949213597075413e+02
1.698310321823086610e+02
1.391374809848138625e+02
8.893205908783029656e+01
3.351984285891085733e+02
2.774919094444393295e+02
2.494788260525326962e+02
3.054014079338948022e+02
2.598492780094129557e+02
2.535164212938107369e+02
3.004020316513729654e+02
3.057608176981568135e+02
2.765759913292981764e+02
2.632850862788470749e+02
1.475466799436477174e+02
5.552002788455167348e+01
1.068668388172028330e+02
2.588489299231101981e+01
4.993752109726040800e+01
5.725671297341250465e+01
2.903557010784526327e+01
3.163612679236467784e+01
1.811376304791077132e+02
8.138153940557975830e+01
3.072236835518436919e+02
1.334502519523248338e+02
3.636977281338008083e+02
2.519833431837751618e+02
2.439549881998265732e+02
2.564485330489121679e+02
3.626281392228351024e+02
2.244481573407513224e+02
2.902561210641306957e+02
2.815396733653399224e+02
3.094158004368924821e+02
2.889426354171239950e+02
3.216010012665072964e+02
2.205177375075841439e+02
2.861785661092933424e+02
2.424177096504092788e+02
3.296831061060775028e+02
3.581012094252281486e+02
3.471399177744389704e+02
3.590718808684155761e+02
3.037285088452848072e+02
2.624312494431794676e+02
1.122506065942559417e+02
6.677045091247909170e+01
8.046361241199306846e+01
1.273148235508400887e+02
1.022501797164947561e+02
2.253579496100892072e+02
3.513434766053110536e+01
1.526225664846968471e+02
4.213704624947516777e+02
3.883153375575732298e+02
3.571388244039654580e+01
3.286252284220510091e+02
5.991759161423999558e+01
1.663401109749379998e+02
4.112988672256031464e+01
8.007151854099350885e+01
1.539699548669194655e+02
4.944882677453909992e+01
8.480000000000000000e+02
5.293119942954361932e+02
8.400000000000000000e+02
8.400000000000000000e+02
8.420000000000000000e+02
8.450000000000000000e+02
8.450000000000000000e+02
3.828279975954566794e+02
1.710295861403619710e+02
8.080000000000000000e+02
8.410000000000000000e+02
8.800000000000000000e+02
3.554821683138063690e+02
8.570000000000000000e+02
8.840000000000000000e+02
8.130000000000000000e+02
8.540000000000000000e+02
8.110000000000000000e+02
8.090000000000000000e+02
8.710000000000000000e+02
8.480000000000000000e+02
8.400000000000000000e+02
8.470000000000000000e+02
8.500000000000000000e+02
4.852801815737885249e+02
8.210000000000000000e+02
8.510000000000000000e+02
8.750000000000000000e+02
4.748187655856605716e+02
8.450000000000000000e+02
8.270000000000000000e+02
8.820000000000000000e+02
8.770000000000000000e+02
8.790000000000000000e+02
8.790000000000000000e+02
8.440000000000000000e+02
8.780000000000000000e+02
3.731998078794643448e+02
8.820000000000000000e+02
8.770000000000000000e+02
8.430000000000000000e+02
8.630000000000000000e+02
8.000000000000000000e+02
8.460000000000000000e+02
8.060000000000000000e+02
8.790000000000000000e+02
8.490000000000000000e+02
8.060000000000000000e+02
8.490000000000000000e+02
8.720000000000000000e+02
8.650000000000000000e+02
8.050000000000000000e+02
8.460000000000000000e+02
5.115828051982550733e+02
8.460000000000000000e+02
8.480000000000000000e+02
8.580000000000000000e+02
8.730000000000000000e+02
8.040000000000000000e+02
8.880000000000000000e+02
8.870000000000000000e+02
8.530000000000000000e+02
8.740000000000000000e+02
8.800000000000000000e+02
8.510000000000000000e+02
8.550000000000000000e+02
8.760000000000000000e+02
8.200000000000000000e+02
8.420000000000000000e+02
8.810000000000000000e+02
8.110000000000000000e+02
8.890000000000000000e+02
8.780000000000000000e+02
8.520000000000000000e+02
8.780000000000000000e+02
8.440000000000000000e+02
8.490000000000000000e+02
8.230000000000000000e+02
8.100000000000000000e+02
8.440000000000000000e+02
8.820000000000000000e+02
8.600000000000000000e+02
8.820000000000000000e+02
8.470000000000000000e+02
8.740000000000000000e+02
8.780000000000000000e+02
8.380000000000000000e+02
8.790000000000000000e+02
8.840000000000000000e+02
8.790000000000000000e+02
8.460000000000000000e+02
8.560000000000000000e+02
8.410000000000000000e+02
8.470000000000000000e+02
8.830000000000000000e+02
8.820000000000000000e+02
8.820000000000000000e+02
8.290000000000000000e+02
8.790000000000000000e+02
8.820000000000000000e+02
8.290000000000000000e+02
8.680000000000000000e+02
8.800000000000000000e+02
8.740000000000000000e+02
8.750000000000000000e+02
8.640000000000000000e+02
8.790000000000000000e+02
8.800000000000000000e+02
8.570000000000000000e+02
8.830000000000000000e+02
8.770000000000000000e+02
8.810000000000000000e+02
8.480000000000000000e+02
8.710000000000000000e+02
8.830000000000000000e+02
8.450000000000000000e+02
8.820000000000000000e+02
8.470000000000000000e+02
8.830000000000000000e+02
8.400000000000000000e+02
8.710000000000000000e+02
8.810000000000000000e+02
8.830000000000000000e+02
8.470000000000000000e+02
8.850000000000000000e+02
8.110000000000000000e+02
8.560000000000000000e+02
8.830000000000000000e+02
8.770000000000000000e+02
8.440000000000000000e+02
8.460000000000000000e+02
8.760000000000000000e+02
8.830000000000000000e+02
8.160000000000000000e+02
8.840000000000000000e+02
8.850000000000000000e+02
8.840000000000000000e+02
8.690000000000000000e+02
8.840000000000000000e+02
8.810000000000000000e+02
8.860000000000000000e+02
8.530000000000000000e+02
8.470000000000000000e+02
8.790000000000000000e+02
8.820000000000000000e+02
8.860000000000000000e+02
8.440000000000000000e+02
8.460000000000000000e+02
8.490000000000000000e+02
8.850000000000000000e+02
8.480000000000000000e+02
8.810000000000000000e+02
8.850000000000000000e+02
8.450000000000000000e+02
8.820000000000000000e+02
8.440000000000000000e+02
8.840000000000000000e+02
8.420000000000000000e+02
8.830000000000000000e+02
8.480000000000000000e+02
8.860000000000000000e+02
8.460000000000000000e+02
8.750000000000000000e+02
8.540000000000000000e+02
8.790000000000000000e+02
8.370000000000000000e+02
8.830000000000000000e+02
8.010000000000000000e+02
8.460000000000000000e+02
8.420000000000000000e+02
8.780000000000000000e+02
8.450000000000000000e+02
8.430000000000000000e+02
8.300000000000000000e+02
8.840000000000000000e+02
8.840000000000000000e+02
8.400000000000000000e+02
9.060000000000000000e+02
8.550000000000000000e+02
8.440000000000000000e+02
8.760000000000000000e+02
8.790000000000000000e+02
8.830000000000000000e+02
8.210000000000000000e+02
8.830000000000000000e+02
9.020000000000000000e+02
8.500000000000000000e+02
8.410000000000000000e+02
4.817725544335716563e+02
5.068728624065466306e+02
8.840000000000000000e+02
8.830000000000000000e+02
8.750000000000000000e+02
8.840000000000000000e+02
8.850000000000000000e+02
8.830000000000000000e+02
8.820000000000000000e+02
8.700000000000000000e+02
8.500000000000000000e+02
8.150000000000000000e+02
8.760000000000000000e+02
8.820000000000000000e+02
8.830000000000000000e+02
8.820000000000000000e+02
8.810000000000000000e+02
8.840000000000000000e+02
8.840000000000000000e+02
8.780000000000000000e+02
8.840000000000000000e+02
8.860000000000000000e+02
8.780000000000000000e+02
8.540000000000000000e+02
8.820000000000000000e+02
8.830000000000000000e+02
8.840000000000000000e+02
8.810000000000000000e+02
8.850000000000000000e+02
8.480000000000000000e+02
8.240000000000000000e+02
8.490000000000000000e+02
8.990000000000000000e+02
8.870000000000000000e+02
8.750000000000000000e+02
8.830000000000000000e+02
8.410000000000000000e+02
8.820000000000000000e+02
8.480000000000000000e+02
8.440000000000000000e+02
8.830000000000000000e+02
8.830000000000000000e+02
8.860000000000000000e+02
8.810000000000000000e+02
8.800000000000000000e+02
8.850000000000000000e+02
8.860000000000000000e+02
8.860000000000000000e+02
8.810000000000000000e+02
8.860000000000000000e+02
8.400000000000000000e+02
8.840000000000000000e+02
8.850000000000000000e+02
8.850000000000000000e+02
8.860000000000000000e+02
9.030000000000000000e+02
8.850000000000000000e+02
8.840000000000000000e+02
8.870000000000000000e+02
8.840000000000000000e+02
8.780000000000000000e+02
8.880000000000000000e+02
8.840000000000000000e+02
8.480000000000000000e+02
8.810000000000000000e+02
8.850000000000000000e+02
8.800000000000000000e+02
8.820000000000000000e+02
8.820000000000000000e+02
8.270000000000000000e+02
8.840000000000000000e+02
8.860000000000000000e+02
8.830000000000000000e+02
8.820000000000000000e+02
8.840000000000000000e+02
8.830000000000000000e+02
8.830000000000000000e+02
8.840000000000000000e+02
8.850000000000000000e+02
8.850000000000000000e+02
8.870000000000000000e+02
8.820000000000000000e+02
8.380000000000000000e+02
8.850000000000000000e+02
8.860000000000000000e+02
8.830000000000000000e+02
8.840000000000000000e+02
8.370000000000000000e+02
8.470000000000000000e+02
8.820000000000000000e+02
8.840000000000000000e+02
8.830000000000000000e+02
8.850000000000000000e+02
8.420000000000000000e+02
8.870000000000000000e+02
8.870000000000000000e+02
8.410000000000000000e+02
8.820000000000000000e+02
8.830000000000000000e+02
8.870000000000000000e+02
8.860000000000000000e+02
8.300000000000000000e+02
9.050000000000000000e+02
8.860000000000000000e+02
8.730000000000000000e+02
8.820000000000000000e+02
8.860000000000000000e+02
8.810000000000000000e+02
8.850000000000000000e+02
8.830000000000000000e+02
8.840000000000000000e+02
8.810000000000000000e+02
8.950000000000000000e+02
8.440000000000000000e+02
8.840000000000000000e+02
8.300000000000000000e+02
8.830000000000000000e+02
8.240000000000000000e+02
8.830000000000000000e+02
8.840000000000000000e+02
9.090000000000000000e+02
8.260000000000000000e+02
8.860000000000000000e+02
9.010000000000000000e+02
8.440000000000000000e+02
9.020000000000000000e+02
8.830000000000000000e+02
8.860000000000000000e+02
8.850000000000000000e+02
8.840000000000000000e+02
8.830000000000000000e+02
8.850000000000000000e+02
8.870000000000000000e+02
8.830000000000000000e+02
8.400000000000000000e+02
8.840000000000000000e+02
8.850000000000000000e+02
8.850000000000000000e+02
8.840000000000000000e+02
8.450000000000000000e+02
8.430000000000000000e+02
8.840000000000000000e+02
8.840000000000000000e+02
8.810000000000000000e+02
8.830000000000000000e+02
8.490000000000000000e+02
8.870000000000000000e+02
9.010000000000000000e+02
8.870000000000000000e+02
8.870000000000000000e+02
8.860000000000000000e+02
8.900000000000000000e+02
8.840000000000000000e+02
8.880000000000000000e+02
8.830000000000000000e+02
8.880000000000000000e+02
8.820000000000000000e+02
8.830000000000000000e+02
8.840000000000000000e+02
8.870000000000000000e+02
8.860000000000000000e+02
8.480000000000000000e+02
8.820000000000000000e+02
8.850000000000000000e+02
8.860000000000000000e+02
8.860000000000000000e+02
9.050000000000000000e+02
8.840000000000000000e+02
8.420000000000000000e+02
8.850000000000000000e+02
8.880000000000000000e+02
8.860000000000000000e+02
8.430000000000000000e+02
8.310000000000000000e+02
8.870000000000000000e+02
8.790000000000000000e+02
8.840000000000000000e+02
8.480000000000000000e+02
8.830000000000000000e+02
8.370000000000000000e+02
8.860000000000000000e+02
8.870000000000000000e+02
9.020000000000000000e+02
8.870000000000000000e+02
8.860000000000000000e+02
8.860000000000000000e+02
8.850000000000000000e+02
9.000000000000000000e+02
8.830000000000000000e+02
8.860000000000000000e+02
8.850000000000000000e+02
8.860000000000000000e+02
8.810000000000000000e+02
8.880000000000000000e+02
8.310000000000000000e+02
8.860000000000000000e+02
8.970000000000000000e+02
8.780000000000000000e+02
8.890000000000000000e+02
8.430000000000000000e+02
8.480000000000000000e+02
8.880000000000000000e+02
8.860000000000000000e+02
9.080000000000000000e+02
8.920000000000000000e+02
8.830000000000000000e+02
8.440000000000000000e+02
8.440000000000000000e+02
8.330000000000000000e+02
8.840000000000000000e+02
8.850000000000000000e+02
8.850000000000000000e+02
