1.215992137625867553e+00
3.913033002049857711e-01
8.912748229247011711e-01
2.258291610102128200e+00
1.058023932198203010e+00
2.334274338421528316e+00
1.605916113616579155e+00
8.806014191235344013e-01
8.457470503497291903e-01
1.532065496542842409e+00
3.851295451754954691e-01
1.497409368347863312e+00
1.047953611228962467e+00
5.691589441568368768e-01
9.980170671616176437e-01
5.439305422361506714e-01
9.533319053578231950e-01
7.251576062501496889e-01
1.232090155687538102e+00
3.561646171789138449e-01
1.023539643268200239e+00
1.820139522607499671e+00
1.715912709376736345e+00
3.104067851285249979e+00
2.359291717330974425e+00
2.411371763443830751e+00
4.287886715617542643e-01
9.325795810750172610e-01
2.582409258498799431e+00
1.948602378757407383e+00
1.399909780531254810e+00
7.224512900469913790e-01
1.675667362832351515e+00
1.188708784457571666e+00
1.053511833417772436e+00
5.161655689281731130e-01
1.635949213597075902e+00
1.698310321823089053e+00
1.391374809848137772e+00
8.893205908783033964e-01
3.351984285891087989e+00
2.774919094444393775e+00
2.494788260525327317e+00
3.054014079338947418e+00
2.598492780094130428e+00
2.535164212938107564e+00
3.004020316513730471e+00
3.057608176981567727e+00
2.765759913292979100e+00
2.632850862788469914e+00
1.475466799436477627e+00
5.552002788455162596e-01
1.068668388172028028e+00
2.588489299231100382e-01
4.993752109726041222e-01
5.725671297341251575e-01
2.903557010784528769e-01
3.163612679236468828e-01
1.811376304791077585e+00
8.138153940557975030e-01
3.072236835518437736e+00
1.334502519523247388e+00
3.636977281338009682e+00
2.519833431837750215e+00
2.439549881998265946e+00
2.564485330489120418e+00
3.626281392228351663e+00
2.244481573407512975e+00
2.902561210641307010e+00
2.815396733653397376e+00
3.094158004368924964e+00
2.889426354171239719e+00
3.216010012665070139e+00
2.205177375075840551e+00
2.861785661092933530e+00
2.424177096504091633e+00
3.296831061060774726e+00
3.581012094252282729e+00
3.471399177744391551e+00
3.590718808684156826e+00
3.037285088452847059e+00
2.624312494431794374e+00
1.122506065942559639e+00
6.677045091247909570e-01
8.046361241199311287e-01
1.273148235508401172e+00
1.022501797164947046e+00
2.253579496100893476e+00
3.513434766053112335e-01
1.526225664846968311e+00
4.213704624947517630e+00
3.883153375575731037e+00
3.571388244039652715e-01
3.286252284220509079e+00
5.991759161423996227e-01
1.663401109749378826e+00
4.112988672256033817e-01
8.007151854099359145e-01
1.539699548669194895e+00
4.944882677453908415e-01
2.977197951934667408e+00
5.293119942954365165e+00
3.772978782663924502e+00
4.171097455828469691e+00
4.037121246217611592e+00
4.141148499836467600e+00
3.803863086946732253e+00
3.828279975954566705e+00
1.710295861403620554e+00
3.682003953698167464e+00
3.767046115844913778e+00
2.684030062398058192e+00
3.554821683138064792e+00
2.406954205191413898e+00
2.653898168615630659e+00
4.653966440837655760e+00
3.882195212499721659e+00
4.724782927076388361e+00
4.792044546379041314e+00
2.488486172016781239e+00
4.016364229869864744e+00
4.564014238810941926e+00
4.115216681321463454e+00
3.965178852580383495e+00
4.852801815737887381e+00
3.991436354000420739e+00
3.772898382609882972e+00
2.709578888405718811e+00
4.748187655856606959e+00
4.169655208615113295e+00
2.254319879584995689e+00
2.773014530515987897e+00
2.471950261757380751e+00
2.517383558418206935e+00
2.515984380801479237e+00
4.205926556714945974e+00
2.364627706640585192e+00
3.731998078794643625e+00
2.685659173995898374e+00
2.476910208175818084e+00
4.294206709384901011e+00
2.412039661837068749e+00
5.038110511396458158e+00
4.185564020254573414e+00
4.985847980816965119e+00
2.783886440270531004e+00
4.035920070342877253e+00
4.767122668773464689e+00
4.267499995455066752e+00
2.564166400651742173e+00
2.128287782213088786e+00
5.129701632236713493e+00
3.960016586623993806e+00
5.115828051982549418e+00
4.235815819944073191e+00
4.056420665990584595e+00
2.292147534143006204e+00
2.155723934344203840e+00
5.087594934566537219e+00
2.637995364337146764e+00
2.517371105747627347e+00
4.134079948696190776e+00
2.418398380483740784e+00
2.867477709347467485e+00
4.187776164287355662e+00
3.720900011079805836e+00
2.771612776408284073e+00
4.238540143140704153e+00
4.350529420224521715e+00
2.740011323882718397e+00
4.846544491376194586e+00
2.673246953236980694e+00
2.748569989717120521e+00
2.271267560996755197e+00
2.850467343966577527e+00
4.412347692187522874e+00
4.206310388281174539e+00
4.301015575505439337e+00
4.847226038699620432e+00
4.589014291768205744e+00
2.690793760659715872e+00
2.407170939607393034e+00
2.236020916749361209e+00
4.152229367023434037e+00
2.219300890250019087e+00
2.361430760480484725e+00
4.504302897857279220e+00
2.243521065634453748e+00
2.422004912909209828e+00
2.521918399619687889e+00
2.123785825328164734e+00
3.819361567233059862e+00
4.438230265203466196e+00
4.363015018466871453e+00
2.285129045147126448e+00
2.423149895478959426e+00
2.559082885063557633e+00
4.724993038821694746e+00
2.803474443147593309e+00
2.887414419549742206e+00
4.264065828406998548e+00
2.319182136499577052e+00
2.515206628247202758e+00
2.288169802384123042e+00
2.493638228198403084e+00
2.089626500037130352e+00
2.801048520819064525e+00
2.780889293476233703e+00
2.303878896350386007e+00
2.764321309453102948e+00
2.601444207493631477e+00
2.963307834830834153e+00
4.184841094669712547e+00
2.428221843955894688e+00
2.563424870439942715e+00
4.449339667189056158e+00
2.588998798758495923e+00
3.881917822194778545e+00
2.816698144690528594e+00
4.519313448294401070e+00
2.063619409743985500e+00
2.538572898522807986e+00
2.429787366320940833e+00
4.314777171608460193e+00
2.334202758399526623e+00
4.894110927571075464e+00
2.382290415552073881e+00
2.647506348885212635e+00
2.482707055124049322e+00
4.501683309338054606e+00
4.256260620581437060e+00
2.302537737318061772e+00
2.510322746263258686e+00
4.653155287949719110e+00
2.745488881314301022e+00
2.220683001422957936e+00
2.775382961074467136e+00
2.326094601268897222e+00
2.458277403921678150e+00
2.420484750423359976e+00
2.725340451354565818e+00
4.119456275595398509e+00
4.372243285851047823e+00
2.386781040173642232e+00
2.903341402213440503e+00
2.326063635799737739e+00
4.479535378492218278e+00
4.389211305373249772e+00
4.312036897458666473e+00
2.359280237316041973e+00
4.177140525621041434e+00
3.089105626970438667e+00
2.446174564335757751e+00
4.481713781749778747e+00
3.122149372476248352e+00
4.432389398775706368e+00
1.882331932449322620e+00
4.518812845573759951e+00
2.801951994928281398e+00
4.361266005437365756e+00
2.616798415078944728e+00
4.169000234653131187e+00
2.277570810125547407e+00
2.561976884811623112e+00
2.638910999800140988e+00
4.588138098001437903e+00
3.101539481436796919e+00
5.162593088145568387e+00
4.359612293107416825e+00
4.566442834666741390e+00
2.770670767385335242e+00
4.385301570895311585e+00
4.442171722015034518e+00
4.741284336783973430e+00
2.928874264396462479e+00
2.772618620751157614e+00
4.622145834750265081e+00
1.915454545526963148e+00
4.059661230052467928e+00
4.404508137590402939e+00
2.337875994820448611e+00
2.096923662536215538e+00
2.666151104462976651e+00
4.797931971767906312e+00
2.883631660092267790e+00
1.858554711072770260e+00
4.308121722880244420e+00
4.455055815366026906e+00
4.817725544335718091e+00
5.068728624065467869e+00
2.350231451062921639e+00
2.723773315117590244e+00
2.508105092153237514e+00
2.258032866519984250e+00
2.838719246777301919e+00
2.871131042956583723e+00
3.023275512192709513e+00
2.132604130123883390e+00
4.308871512217755217e+00
4.903291501040391687e+00
2.119004146256267429e+00
2.814247784801365171e+00
2.384830218268318536e+00
2.635233532913159760e+00
2.789052490958083386e+00
2.928011086160054788e+00
2.596083366548380678e+00
2.384670481053666968e+00
2.555565513580797976e+00
2.297576617965576773e+00
2.028708563545874810e+00
4.121883681941555189e+00
2.957594553139390126e+00
3.034478811367874673e+00
2.488520798217115804e+00
2.892299415447002531e+00
2.208300178331858543e+00
4.196547952671284776e+00
4.877736537828650576e+00
4.477992645449345055e+00
1.887274437248796399e+00
2.236531346546710708e+00
2.531153201482238213e+00
2.748174962090163653e+00
4.649211211077283856e+00
3.002407262021273837e+00
4.341598455895022468e+00
4.500077781341163430e+00
2.198278905303233888e+00
2.804495388920665189e+00
2.465674215406892689e+00
2.571766919559304920e+00
2.525177142074046532e+00
2.955027553191776679e+00
2.653500556749178951e+00
2.781414165623893098e+00
3.023260434629354343e+00
2.931493609930566180e+00
4.579294110502603488e+00
3.066188927251295215e+00
2.771993958663237390e+00
3.150141535815925042e+00
2.600785505989971380e+00
1.855389177150707614e+00
2.595916822421197701e+00
2.995848812952051077e+00
2.532235465550897402e+00
2.837573180539588069e+00
1.817931107269939339e+00
2.684456076985021866e+00
2.967638698019717136e+00
4.147773826556324650e+00
2.655136150883065316e+00
2.432843702113740569e+00
2.395342110847438644e+00
3.128857015493730742e+00
3.086613826862097731e+00
4.857892440195157313e+00
2.152240411473073767e+00
2.725650282920264011e+00
2.520347322864417094e+00
1.798280029702733041e+00
2.468715981400635417e+00
2.330793407630651348e+00
2.897536978655240514e+00
3.046329289719228672e+00
2.441850740758425342e+00
3.011601214972031926e+00
2.601872779781386757e+00
2.512834016533928239e+00
4.587492510217228592e+00
2.492809628843031700e+00
2.327708169212695299e+00
2.830727880991391832e+00
2.794008006810184686e+00
4.694250428974831024e+00
4.360674200049811766e+00
2.919931139965132427e+00
3.153116066213561108e+00
2.560138515774902146e+00
2.654537291595815418e+00
4.598547678910901659e+00
2.640152034719426943e+00
2.445959869220069027e+00
4.546126575628528066e+00
2.753072858442415338e+00
2.855359163044025816e+00
2.478555974891350377e+00
2.597035699240152429e+00
4.673611086014661353e+00
1.868230824971563342e+00
2.547758501982064328e+00
1.799750612102114067e+00
3.014370860553618581e+00
2.357202000737363523e+00
2.351749259847264462e+00
2.805028967295320363e+00
2.834502642590681631e+00
2.787311950864681531e+00
2.926600271269987452e+00
1.828015503539682785e+00
4.469748594796756791e+00
2.720644694920040685e+00
4.731782917332431282e+00
2.951922099629511909e+00
4.734073463701061080e+00
2.819667488372922470e+00
2.560581826037233721e+00
1.906919014665308776e+00
4.734667151548736186e+00
2.615345991769434608e+00
1.859677288515602323e+00
4.494150353849966528e+00
1.887721555985786059e+00
2.847508172149410210e+00
2.751738583980956943e+00
2.326003562313035289e+00
2.924899837650210443e+00
2.317274836747833522e+00
2.415030974504513317e+00
2.419716167006225493e+00
3.088575118846442535e+00
4.569346559554423592e+00
2.536123272266107342e+00
2.629242032201828838e+00
2.993850057083887073e+00
2.278917905329548521e+00
4.431728574254736763e+00
4.477709257843351942e+00
2.370369281144815155e+00
3.040789583671876350e+00
2.405381778463876685e+00
2.679567901360620841e+00
4.347443390538108687e+00
2.601202823484332516e+00
1.831442423783369744e+00
2.309081297649531628e+00
2.503479954060902735e+00
2.626899007977563816e+00
2.175130478140192114e+00
2.705678259301635524e+00
2.370561674271527419e+00
2.501223192640500415e+00
1.778220807073054965e+00
2.324961703185076889e+00
2.904718557576507543e+00
2.739267227126537030e+00
2.634125031632924774e+00
2.768336991401302960e+00
4.320710291216543375e+00
3.136089158742481509e+00
2.892298396057464416e+00
2.406974815843287985e+00
2.665220794556652617e+00
1.946085213015697146e+00
2.889327831967992477e+00
4.463142748502368029e+00
2.470774788415524892e+00
2.351819667099125155e+00
2.526493991676328044e+00
4.486921082252968596e+00
4.677220722408009124e+00
2.548516543517911792e+00
2.377632907684252395e+00
2.641135759028189867e+00
4.369848702970031695e+00
2.787088129583258134e+00
4.660126983212068197e+00
3.143107941388398441e+00
3.142811470510775251e+00
1.875663841063910597e+00
2.537871205174410338e+00
2.415526149504531706e+00
2.442570745699553569e+00
2.691237081182641155e+00
1.777765577783975814e+00
3.061834643102715692e+00
2.346068484000871202e+00
2.915458906781652537e+00
2.329869093860745366e+00
2.507757113339089905e+00
2.477408592649421593e+00
4.699290119585206149e+00
2.801899696143538954e+00
1.905644204482852322e+00
2.471592909570949015e+00
2.742187328321201711e+00
4.448841513827018979e+00
4.376502696025816874e+00
2.269862540574062670e+00
2.766886997576383678e+00
1.837187956458228744e+00
1.823993477526479667e+00
2.970550040480747001e+00
4.487599188306158560e+00
4.444996362438079274e+00
4.674847181393852580e+00
2.621501230358586731e+00
2.539186115235770647e+00
3.082756267829216412e+00
