3.975329316637519810e+02
4.425546693244849621e+02
3.485464086068923280e+02
3.993101477739450047e+02
4.118860420575319381e+02
3.362764079195985119e+02
3.442771778405281680e+02
3.774008343589876517e+02
3.600339284130585042e+02
3.658750054285360989e+02
4.039852322201967354e+02
3.356863649559006717e+02
2.399893324683779952e+02
2.290529005761048040e+02
3.401439478237666663e+02
3.152759616401591529e+02
2.319907754653478094e+02
2.426648375966633182e+02
2.351701523601096824e+02
1.685432438117681784e+02
1.777361777030334054e+02
1.869234695953740584e+02
4.604285063455049709e+01
2.295002106408394411e+02
5.315481385408128290e+01
2.620933159756287978e+02
3.554814472177175730e+02
4.168142283470438088e+02
3.185848052255098537e+02
3.354219527560321694e+02
4.129383204728076748e+02
2.290922528307906134e+02
3.312729438934592849e+02
4.643627040444399512e+01
3.140680411763721622e+02
2.974107995200227492e+02
4.970795145094099610e+01
3.486302641218953795e+02
1.133788674810037662e+02
2.301051130569624945e+02
8.238202555786372727e+01
2.303128402007595525e+02
2.347251366781824800e+02
3.377586416509412288e+02
4.734209414679715167e+01
4.885287160168565634e+01
2.583570667377969130e+02
5.000849210267165290e+01
2.334407728592931619e+02
3.377364678258046524e+02
2.215240725405779472e+02
2.369304671205581201e+02
2.318677131129906286e+02
3.334280638503089449e+02
3.299003747168237055e+02
2.084740377858324791e+02
3.540875417583303033e+02
1.913300878802149043e+02
3.452792338099001199e+02
2.400849719091609131e+02
3.518812059299177122e+02
3.535270328856231572e+02
2.329597849975157544e+02
3.499798162041615228e+02
3.507927251637128734e+02
3.310408527531077993e+02
2.286801318338359579e+02
3.482355298336487976e+02
3.363009851560011612e+02
3.330587770515541024e+02
3.337014572488092767e+02
3.556974980770389720e+02
3.154803981903767180e+02
3.728160871965046113e+02
3.803494068432025870e+02
4.911345772855044345e+01
2.398417343255725314e+02
2.807161764716317975e+02
2.289114818212302680e+02
3.170970260363216084e+02
2.391552041879067758e+02
3.426424486734017023e+02
3.383947181026584872e+02
3.399040072078875028e+02
3.424019994065398009e+02
3.332765850388265676e+02
3.358642975104016841e+02
2.285479920356841035e+02
2.363011361729174098e+02
2.414181374180442106e+02
3.409531072119148121e+02
3.339578516815255966e+02
2.297875856890279920e+02
3.318924104186311865e+02
2.356660838884286306e+02
3.885388117975261366e+02
3.297121639508658859e+02
3.409288859737966391e+02
3.442271761547877418e+02
3.466707314341767301e+02
2.370876328083990359e+02
2.290655130025256767e+02
3.303308518435055703e+02
2.379969588841187544e+02
2.345129571657890892e+02
4.388518014954729551e+02
3.441355752543260564e+02
2.332686162568336101e+02
2.309936661030904190e+02
2.349026433137094330e+02
2.405620365383035164e+02
2.409307184953681542e+02
2.286311975803824907e+02
3.321859186315958823e+02
2.313463341996966847e+02
2.323187577934607475e+02
3.312953623479343719e+02
3.443302799409479462e+02
2.303903921794438077e+02
2.337516714129720299e+02
2.415933779174739300e+02
3.404546195199585554e+02
3.320159782654832838e+02
3.457794432297037019e+02
2.361209072651120664e+02
2.403002636881814453e+02
2.380869804845763724e+02
2.299816718639600879e+02
3.318221809216498741e+02
3.330486817589464863e+02
4.143976101321460987e+02
2.409101025809739554e+02
2.404927315482650272e+02
4.883808644788160791e+02
3.330474696269727701e+02
3.309824257909298808e+02
2.349306850858118025e+02
3.370056318261270576e+02
4.068673297497794579e+02
3.428899679982970952e+02
3.305002221662253419e+02
2.404827943281571265e+02
2.414542538040785473e+02
3.382494959829967343e+02
2.349559318708909927e+02
2.347893619104168010e+02
3.435478806752287824e+02
2.389580620774997328e+02
2.293370613059087759e+02
2.382637819535261485e+02
3.449244416468042118e+02
2.290203124767994041e+02
3.428530141162819973e+02
2.406666977149853324e+02
3.308581519308324346e+02
3.428269749113027274e+02
2.296731595764933900e+02
2.351507749099854720e+02
3.405271914401183722e+02
2.387142048215763737e+02
2.367386343662489026e+02
3.221381833240050696e+02
3.426881904692152716e+02
3.406251731072963480e+02
5.155524585756470515e+02
4.769453785871602918e+02
3.348521826937596302e+02
3.321465235400870597e+02
2.302265546554211824e+02
3.411049077235888376e+02
3.442769951341084607e+02
2.356000811694437971e+02
3.372690675094918333e+02
5.085391480326046008e+02
5.903169078125980604e+02
2.354585664077616514e+02
2.340333941228937249e+02
5.438945481243728182e+02
2.352450454896594749e+02
4.946963642634661937e+02
2.288467096433820416e+02
2.289704430180056534e+02
3.331284970748685055e+02
3.393696784903644357e+02
4.394983120481503533e+02
3.310336986477901178e+02
4.798207427510730554e+02
4.614132286536404308e+02
2.314288420310749075e+02
4.429681627712008094e+02
3.406817762947213737e+02
2.331991939980642599e+02
3.399494585118124519e+02
3.410979252261730608e+02
2.291121122941241595e+02
3.381446311543582510e+02
5.871517408267513929e+02
5.740770283081681100e+02
5.280074905223133328e+02
3.404906186033330755e+02
4.978554600395496550e+02
5.288628834919048813e+02
3.344095760057879261e+02
3.332710366278115544e+02
5.280461018332541698e+02
3.330095755018947443e+02
2.304462749816381120e+02
4.641275781938674072e+02
2.308269236420375705e+02
4.926153515848479856e+02
3.310809622340342457e+02
2.294881228753626488e+02
4.376982717777661946e+02
6.040424020477512386e+02
4.440990804987004594e+02
3.322076524311861476e+02
2.307143524947850892e+02
2.306246648231280290e+02
2.301472178888730014e+02
2.363905055931068375e+02
2.292763463498633314e+02
6.630402101616135724e+02
2.357830380331245408e+02
3.366379202584660675e+02
2.338752285785982110e+02
3.298307007269042401e+02
2.308758626632163669e+02
6.081802886802473722e+02
3.347851601109735498e+02
3.331484425597909649e+02
3.351735378875280276e+02
6.617979428529470169e+02
5.849634757863693721e+02
3.319345502675676585e+02
2.313169682730867294e+02
2.296633826122011897e+02
2.346111907760796100e+02
3.321359736428490805e+02
2.315552429378686270e+02
2.292203394209604710e+02
5.132864889147987242e+02
2.350825733310534531e+02
3.332100837193337952e+02
6.194967320142091012e+02
7.107099289591816387e+02
2.354427476010511953e+02
5.837893337664827413e+02
5.679417816880858254e+02
3.318122460786871670e+02
5.215817391082547374e+02
6.280019937918946198e+02
5.190010419431807804e+02
3.305898680933985361e+02
3.331682099760114966e+02
3.339657612301513154e+02
6.293559370235209371e+02
6.221481928442565277e+02
3.322180954306351737e+02
5.435086005834559728e+02
3.342563468174364516e+02
5.961554942758725701e+02
2.311198945260908602e+02
2.314398378506035669e+02
5.756504602355183806e+02
5.566816936805926161e+02
3.340867339269221361e+02
5.683984001480445158e+02
6.922395520363188552e+02
6.145122974988159967e+02
6.263576960388933230e+02
2.322731422111777704e+02
3.301361188851725501e+02
7.066114060152307275e+02
6.319911534782302169e+02
8.130921062144648204e+02
6.929308274687457470e+02
7.879234171003282654e+02
6.792961541622896675e+02
6.384373663443153646e+02
2.313181489776614512e+02
2.334602816511501828e+02
5.552077469975480426e+02
3.315725320891385763e+02
2.341564270307198967e+02
2.293999436163067287e+02
3.302647637458357508e+02
6.484489076576879825e+02
5.894788718204949873e+02
5.305568308258937122e+02
5.850630903133253469e+02
5.670722451139646410e+02
5.831044602365235505e+02
5.461030488636581595e+02
7.096481422268008146e+02
5.481734387764554413e+02
5.782091712500780432e+02
5.542571456415475950e+02
5.967762354880171642e+02
6.792849410722487846e+02
6.842269048363281172e+02
2.305565878210000221e+02
6.715465109469550953e+02
6.249469849954605252e+02
6.098044361818845118e+02
5.762617321590779511e+02
5.623655744815044955e+02
2.297826013548321669e+02
2.288094482479833403e+02
5.006106194190088559e+02
4.919369824615916968e+02
5.523647226626502516e+02
3.310766448118585004e+02
5.543821399686192990e+02
5.146143240582234739e+02
5.644897645942835425e+02
5.824423618796810160e+02
6.097301001564986791e+02
5.669981329350167698e+02
6.205374856052071664e+02
5.032603873202147611e+02
5.807199291855882848e+02
5.617050929062883142e+02
5.143412918151760778e+02
2.288448670209830027e+02
6.199771355090399538e+02
4.915490990302592422e+02
6.165600421782194189e+02
6.329962492353868129e+02
5.960559569669710527e+02
2.308467673600478918e+02
2.318846985500896665e+02
3.317671029339009579e+02
2.295792845034667096e+02
4.589870389801142778e+02
5.034562883692275364e+02
5.897550641023597109e+02
2.307867280622422186e+02
6.525747378791795654e+02
3.302282975722545757e+02
6.157651574418289329e+02
5.831128256743927523e+02
3.303060746036580895e+02
5.964037750214288280e+02
2.309734935485373342e+02
2.302873312336011509e+02
3.312072487817368369e+02
2.302704184712325457e+02
2.296044337742325752e+02
2.286804707085990458e+02
5.703492641529805951e+02
2.292714615341863862e+02
3.302827211405463004e+02
7.169534410011443697e+02
6.582655741086224452e+02
5.313515378098890096e+02
2.317013178949595158e+02
6.077657006572733280e+02
2.358527953467143448e+02
6.490888990552804216e+02
3.306779658145051144e+02
5.594971120530072994e+02
5.573403305769286362e+02
5.593033874733623634e+02
6.099640687150758822e+02
5.986310083387529630e+02
6.120785892723970392e+02
5.733193453087432090e+02
7.959939967216892001e+02
5.419573301191173869e+02
5.826948266506230993e+02
5.672198914808731161e+02
5.295392714008564781e+02
4.045698529847385885e+02
4.291325473575258798e+02
3.308481427702292876e+02
5.706419774754980381e+02
6.378628584821025242e+02
4.466584378808200881e+02
2.316776453411585237e+02
5.618946440611165372e+02
5.302655984904112074e+02
4.068303010027539131e+02
7.943334774120131669e+02
3.295830336746850548e+02
6.914546949572940093e+02
6.514548454142542369e+02
6.771690209360954213e+02
6.596678134126889290e+02
4.493278094547611659e+02
2.293376833082794235e+02
3.307711667049641733e+02
6.230305280006459725e+02
6.211320776847672960e+02
3.319250570530229538e+02
4.815132296865317585e+02
1.531805848134465862e+02
5.389145684270504262e+02
2.325666336412148496e+02
5.400122481361258906e+02
6.129290666153726761e+02
2.243784838388570506e+02
6.292452452863531107e+02
1.945602785881551711e+02
4.988323333365549956e+02
5.501949621999438023e+02
1.817664005812510766e+02
2.105913477579854600e+02
2.295139269196258169e+02
5.202874197592097971e+02
2.255697205256752227e+02
5.285992862689296317e+02
5.086953007704320271e+02
5.564316079949680898e+02
6.335377318514061926e+02
1.572506738128551831e+02
2.203432012607167678e+02
2.283244327246752334e+02
6.366168727595065775e+02
2.331924345837974215e+02
6.311915396675599368e+02
3.324248824735827839e+02
6.631008556141819099e+02
6.215740472406225763e+02
5.437030271145160896e+02
5.369819720623363537e+02
5.500724817632702752e+02
6.318959317814945962e+02
5.296136229245951199e+02
2.347638833865000834e+02
5.186128725426839310e+02
6.567862686896704645e+02
3.316214727363808947e+02
4.635617184057235818e+02
6.172525664925641422e+02
6.350209674776468773e+02
6.706446368414867720e+02
6.376978897356688094e+02
2.308153522676434193e+02
4.373616774221376886e+02
6.185270325217308027e+02
4.383277561640215367e+02
3.299736306940518489e+02
5.690064265551297922e+02
5.452760818421202202e+02
5.532903581555475512e+02
5.985489540301264242e+02
4.567029912542365651e+02
4.824378150459835979e+02
4.589517129613412294e+01
5.232145071802193570e+02
4.842640381953592055e+02
4.858127669217530524e+02
4.308743091101895857e+02
4.758790640838574859e+01
5.780701075293296753e+02
4.607937962979844997e+02
5.680147931042441769e+02
5.284757577269444937e+02
5.064306818471264933e+02
4.702432581667224554e+01
2.309612963377360018e+02
6.219197071115801236e+02
5.690673223496121409e+02
1.463304966802310219e+02
4.883868422609105551e+02
6.680069832045167004e+02
6.186938972079781252e+02
6.511526168623892090e+02
6.739397982230010484e+02
7.306395957627768212e+02
6.802611690841848713e+02
1.909524560257421228e+02
6.444589045246011665e+02
1.802854213717250218e+02
1.636582379003165499e+02
6.465377689968660206e+02
6.461078020891374081e+02
5.472997722782232586e+02
5.958155063933775182e+02
6.351115948508021347e+02
2.148841241271509261e+02
6.204847401152668454e+02
5.044463323597219073e+02
6.029201519742586015e+02
5.962364233738022676e+02
2.322177522767339610e+02
6.262256539965127331e+02
6.652158782742012590e+02
2.327249724394076225e+02
6.402840770187369799e+02
3.310499334323991434e+02
5.343366014558426969e+02
5.098681897336250586e+02
4.426915381370067166e+02
5.172042214244622755e+02
5.466798896029757771e+02
4.940720870372901459e+02
4.997064578615303390e+02
3.914462551481411765e+02
4.511296037504116185e+01
6.234470895871227185e+02
6.283701176659252496e+02
5.215357609671990531e+02
4.768314517871004341e+02
4.701097504342317848e+02
5.486327926402680077e+02
5.908805473064057878e+02
4.703307282615895701e+01
6.006473945244398465e+02
5.203122582310082862e+02
2.176034487163182405e+02
6.290036279720120547e+02
6.402634949092195029e+02
5.285889979400992615e+02
4.492428001644566393e+02
5.150254243031348551e+02
5.252826209207260035e+02
5.900422264432139627e+02
4.859611457683693629e+02
5.964755884023788894e+02
3.297301118389562475e+02
4.259488283734561946e+02
5.466098778015357311e+02
4.183171319836384896e+02
2.323240008758721444e+02
2.337018757934208111e+02
2.295388865449363323e+02
3.305691426891336846e+02
2.298250414470965097e+02
6.140199939645725635e+02
7.159753720443175098e+02
6.241847291151566424e+02
7.104069009023681929e+02
5.953690962472593355e+02
1.890403639911724838e+02
4.769604394018615494e+02
5.149244017486078064e+02
6.081301197321215568e+02
4.729121871590540991e+02
5.192534649696020779e+02
4.855743158050537431e+02
4.492027388560699137e+02
6.181528210752836685e+02
1.510537129422845624e+02
6.904244497834324648e+02
5.510876227655946877e+02
6.077663239654084464e+02
2.355163549690126956e+02
5.958824896154766293e+02
2.308510244099081206e+02
4.255329619324515988e+02
5.554273737532568020e+02
5.549294984412094891e+02
5.700484313449037472e+02
6.372474121610758857e+02
6.318459167776680943e+02
3.336632821089047525e+02
3.299714130301360910e+02
3.346467279792571503e+02
3.303901353883056231e+02
6.551054039813433292e+02
3.332868795518647289e+02
5.546610213324380538e+02
6.467400014884068469e+02
3.314874949339878754e+02
6.230293829838270767e+02
3.328758055029994125e+02
6.169114203311390838e+02
6.032758357871673525e+02
5.569108174041550683e+02
8.187554413231810031e+02
6.236400892040330746e+02
6.503009767295544634e+02
7.951523126741122951e+02
5.536902068573533597e+02
6.172500305805324388e+02
4.234610795044769702e+02
7.099869272685992883e+02
5.382300628238057243e+02
5.863906590558673315e+02
5.605447257986259046e+02
4.097045273619671093e+02
2.307669495117457359e+02
7.628256833585110144e+02
8.236838795636292616e+02
6.548961703732754813e+02
8.586382483194488486e+02
7.606810719065136936e+02
6.819040434671879893e+02
7.415911891341412456e+02
6.484887842346387288e+02
5.652684262339793122e+02
6.730442376925823282e+02
6.303177306137152982e+02
6.552230779418604243e+02
7.242418988937844233e+02
7.078755252581426021e+02
6.804687301594769906e+02
6.828677630740791074e+02
6.920558330038172699e+02
6.823765592252361785e+02
7.216565777643875208e+02
4.369745492074407593e+02
2.303297167985042790e+02
8.464889746254691545e+02
2.288039012245798745e+02
4.299551495451602818e+02
5.299928650605698977e+02
5.202115698626392941e+02
5.377685645186576266e+02
7.500546992525669339e+02
5.495164462992046310e+02
7.094154749490569429e+02
6.771295950999385695e+02
7.328488688076802191e+02
5.435670906570932175e+02
5.460337741600659456e+02
3.999283072656020295e+02
5.413199971343104835e+02
5.356865132554300999e+02
7.721537006992004990e+02
5.229073723022524973e+02
6.307195749371126112e+02
5.456111773309131650e+02
5.930035696308044635e+02
5.677962702507359154e+02
5.242050583910253181e+02
5.071628823502241517e+02
7.142011969927743849e+02
5.194347988151671416e+02
5.956532541433628012e+02
5.374762011832712005e+02
5.423128205270521676e+02
6.281899044552116038e+02
7.043410250192072226e+02
5.843815678393012831e+02
6.924927720727946507e+02
7.763511573296686947e+02
7.692197571084876699e+02
7.627903624573038996e+02
6.291553764981642871e+02
6.905303472999797805e+02
6.980143009016682072e+02
6.149670559084595425e+02
7.600901997480958698e+02
6.290908818918999259e+02
6.619275586562796434e+02
7.086715792229996396e+02
2.285349979462858698e+02
6.483582596317307889e+02
7.694221580554130924e+02
7.136602077492365197e+02
6.900462429366148172e+02
6.895277316057753296e+02
7.027227687793589439e+02
7.159358918520846373e+02
7.706014141206815111e+02
7.084457186331818548e+02
5.275490322584755631e+02
5.451127119045061136e+02
5.067070012836626347e+02
7.383902242464077972e+02
5.935207004631008658e+02
6.452637082260728221e+02
6.978585081638204883e+02
7.210945771123391523e+02
7.687692967484733799e+02
6.577318639531372355e+02
6.935070849691835519e+02
6.751956501593800795e+02
6.509851688152925817e+02
6.020058224461795362e+02
7.349536847020056030e+02
6.767299197492603753e+02
7.077057900892076532e+02
7.207092301869823814e+02
7.261469664087697993e+02
7.116127890200655202e+02
7.064659435762648627e+02
7.353693961235159122e+02
4.139711553366894350e+02
6.249518005491438544e+02
4.993249207608543543e+02
5.326958725220380302e+02
6.712089110915320589e+02
8.016180596974813852e+02
7.722540222643593779e+02
5.292487944717452137e+02
4.951756389386858359e+02
5.344502761556091173e+02
5.847408577322640895e+02
5.966605935949479544e+02
5.339144093334969057e+02
5.575728024588390781e+02
6.762256035206071374e+02
8.136028848749772351e+02
8.022567157779408262e+02
7.418659183873738812e+02
7.563147019038319741e+02
6.721557009033474515e+02
6.889857991027149637e+02
6.699333615413852385e+02
7.146866946898359174e+02
6.493259389641291364e+02
6.594953299101036919e+02
6.335445181825726877e+02
7.360130861299137450e+02
6.800092262332502742e+02
7.135122482797617067e+02
7.333512895131121923e+02
7.183485170732124061e+02
6.934707514947908749e+02
6.206999368216957009e+02
6.769932923799226501e+02
7.258331666447811585e+02
7.252051185905127113e+02
6.349578631103960333e+02
7.350132801670104072e+02
7.110410276574382351e+02
7.412680887250980959e+02
6.780665447605797453e+02
5.618407748652861073e+02
5.905313592297767400e+02
7.252912305065212877e+02
7.363077713258310268e+02
6.626957331721919218e+02
7.204079189318242697e+02
6.754651799695437830e+02
7.468765941853305321e+02
6.485303853601114952e+02
7.660395422917948736e+02
6.792410881060227439e+02
7.006146097252753862e+02
6.833980798082079673e+02
7.503421671677551785e+02
7.096634162624202418e+02
6.734554575882497147e+02
7.245887666670124645e+02
7.934182721736100348e+02
6.665242369539018910e+02
5.692145722133581103e+02
5.444420576807984844e+02
6.335985196382393951e+02
7.008737600265191077e+02
7.338780378965228692e+02
8.116858038840023255e+02
7.433873410714285228e+02
7.697366925114024525e+02
7.121226552983401916e+02
7.140543327865350420e+02
6.289240889363242104e+02
6.067149986627524640e+02
6.855797445421540033e+02
6.879727007286583103e+02
7.491831782040358121e+02
6.904342886423734171e+02
7.356240836034887707e+02
7.764764430095661965e+02
7.432603235107305863e+02
7.605560886845591995e+02
7.495528405889648411e+02
7.379346420148170864e+02
6.680900275674938484e+02
7.214171790876230261e+02
7.239415186636236967e+02
6.557788959507474829e+02
6.857116005616138636e+02
7.039242636559690709e+02
7.582042329128609026e+02
7.246691626737680281e+02
6.565073144473724369e+02
6.778419927481772902e+02
6.937197608924764154e+02
6.447342830545450170e+02
6.750294293548729456e+02
6.678120919304849394e+02
6.890048998587463984e+02
6.547194446336103510e+02
6.719047915068809971e+02
6.657962327408698684e+02
6.471765137496850002e+02
6.077925237970764556e+02
7.062060286715288839e+02
6.594159359701159246e+02
8.162558807831594549e+02
7.422695991543345144e+02
7.246129378861767236e+02
7.684134600732124909e+02
7.010079507856881946e+02
7.489483918037363992e+02
7.856077224685797091e+02
7.141826662374030548e+02
7.203508924420024186e+02
7.444289238593189566e+02
6.650885503477495604e+02
7.355475856933979912e+02
6.736171897864937819e+02
6.947827711547301988e+02
7.336595706275853672e+02
6.856698439068927655e+02
5.661779540673715019e+02
6.818055641691466917e+02
6.975491766475307713e+02
7.138063909343057958e+02
6.914131075099422787e+02
7.652445675655611694e+02
7.992266638925857478e+02
7.662018244792864152e+02
7.441674898877960231e+02
7.763703604528616324e+02
6.674239875152891273e+02
5.901496697042751975e+02
6.620874952614063886e+02
6.852052335427987373e+02
7.040568217011146999e+02
7.245006593409930247e+02
7.002214473207408219e+02
6.989077746103205300e+02
7.240793113946460835e+02
8.808162618423967842e+02
6.684310951626389397e+02
7.451525789212726067e+02
7.289811982936749928e+02
7.559532878651674537e+02
6.897198202318531912e+02
6.842665813320207917e+02
7.062089942320725413e+02
7.507310586844495219e+02
7.043530228341084012e+02
6.738899518362443359e+02
8.417334034800221616e+02
7.457407857929911188e+02
6.752546164403092916e+02
7.812701729557334147e+02
8.844724203621254901e+02
7.311408797449158783e+02
7.917924063053300188e+02
7.639040522753158484e+02
6.605198282737943600e+02
7.206278071500754550e+02
7.707737284920964385e+02
6.132233584581424566e+02
6.522822813767548951e+02
7.210591628850338566e+02
6.884765632866251508e+02
6.461131856946150265e+02
7.083061265173521406e+02
6.748318112475075168e+02
7.088909682774149132e+02
7.565117146052324415e+02
6.409491521395718792e+02
6.570591151260088054e+02
7.578214266286028078e+02
6.983860323527078435e+02
6.701906222444259811e+02
6.424589220298016699e+02
6.554034319106614248e+02
6.501732363230514693e+02
6.481420291141813550e+02
6.701874285119957904e+02
7.229257579006653032e+02
6.920066483663081272e+02
5.908840196560305458e+02
7.116928658694660044e+02
6.617818712718481038e+02
7.267026816385712209e+02
8.647816669123476458e+02
6.825321698847958487e+02
8.681422694862794742e+02
7.218716223517628805e+02
7.094476184525686904e+02
8.814501300544113747e+02
5.596167710662854233e+02
6.896263912366021032e+02
5.436630156614860425e+02
5.930874326603969848e+02
5.214461562047042662e+02
7.708300206256467391e+02
3.997872706257643927e+02
6.923585434210551739e+02
5.543259099331143034e+02
5.988299479352140224e+02
5.241223556894328794e+02
5.333247250903073109e+02
7.264349915956169070e+02
6.781032984625400104e+02
6.504461485061061694e+02
8.286258187574804879e+02
7.738384699007133349e+02
5.541550793775365946e+02
5.810524349968152364e+02
6.673287696737148735e+02
5.467535802647563514e+02
5.633958960978343384e+02
5.411097949903606832e+02
5.478329971284653084e+02
5.845534160778970545e+02
6.785103991081480217e+02
8.625757929959720514e+02
5.507021156251727234e+02
5.845554531258057978e+02
6.163607081513748653e+02
5.878346504982807801e+02
7.220809976965404076e+02
5.389875518204858054e+02
6.215274349151230808e+02
7.069114364786430542e+02
8.217204036812851200e+02
6.007068208161456369e+02
7.397106137844007208e+02
5.030860759626957588e+02
5.742728721194000627e+02
5.736973076722205178e+02
5.201570510321977281e+02
3.528695170780134731e+02
4.058289038362576662e+02
6.143420331161579497e+02
5.702720886475149200e+02
8.903338810712134546e+02
6.079585581198366526e+02
3.024994527024960007e+02
3.074157181047174845e+02
3.873164113510433140e+02
3.815691761667046080e+02
3.178536994844266133e+02
8.765582265202140206e+02
3.643681166654773165e+02
4.309623725325627674e+02
3.698602487786714050e+02
8.125575294466970036e+02
5.263321105733269860e+02
7.321971095910051872e+02
4.118369238509225738e+02
4.422600357881892705e+02
3.947840001333372584e+02
3.792598001206455933e+02
7.454913163400100302e+02
4.177074198609784617e+02
4.050150402979274418e+02
4.131789304114947754e+02
4.074231692924195158e+02
3.901978590548703210e+02
4.208757023235602901e+02
7.476143304932483034e+02
6.666750599131944455e+02
3.944928449657223268e+02
6.484361673932398844e+02
4.401674927927039676e+02
8.261447369061203290e+02
3.862117443015623053e+02
6.194335823421822624e+02
3.951933488559528200e+02
4.249761164021654736e+02
4.060278670874539557e+02
4.139517229137823620e+02
4.232882575350131447e+02
3.956563151980427051e+02
3.875146264108330456e+02
4.023047189766242582e+02
6.646736262086233182e+02
3.878592535588720125e+02
3.994029202456416101e+02
4.030890492384796744e+02
4.156998753545059913e+02
4.039886099439422082e+02
4.650858377685315048e+01
3.807565623475167627e+02
3.977421319159302584e+02
4.287617949972221254e+02
4.185972305609909654e+02
4.004761601496563230e+02
4.470910411620193372e+02
6.174820441209108139e+02
4.102575286551114573e+02
8.058052867572024525e+02
6.507427847543202688e+02
6.403597884141427130e+02
3.978781460779213148e+02
4.087504826277386769e+02
5.905931267378192615e+02
5.613463415118094417e+02
5.874484863058526116e+02
5.381135205488046722e+02
5.099444536569945967e+02
3.932415595268465722e+02
4.299509149274948072e+02
4.351833374565861163e+02
6.630538742964442918e+02
6.976017740010025818e+02
6.847131660780474931e+02
6.218330207665891294e+02
3.962577832508861775e+02
4.390581287890548197e+02
4.020416073923634599e+02
4.367847928443268870e+02
7.389342100444388279e+02
3.800090736661061328e+02
4.074657751207843148e+02
3.989007413318042268e+02
4.157402742601871637e+02
