0.000000000000000000e+00
0.000000000000000000e+00
0.000000000000000000e+00
0.000000000000000000e+00
0.000000000000000000e+00
0.000000000000000000e+00
0.000000000000000000e+00
1.028446791441067903e-01
0.000000000000000000e+00
0.000000000000000000e+00
0.000000000000000000e+00
0.000000000000000000e+00
0.000000000000000000e+00
0.000000000000000000e+00
0.000000000000000000e+00
0.000000000000000000e+00
0.000000000000000000e+00
0.000000000000000000e+00
0.000000000000000000e+00
0.000000000000000000e+00
0.000000000000000000e+00
0.000000000000000000e+00
0.000000000000000000e+00
0.000000000000000000e+00
0.000000000000000000e+00
0.000000000000000000e+00
0.000000000000000000e+00
0.000000000000000000e+00
0.000000000000000000e+00
0.000000000000000000e+00
0.000000000000000000e+00
0.000000000000000000e+00
0.000000000000000000e+00
0.000000000000000000e+00
0.000000000000000000e+00
0.000000000000000000e+00
0.000000000000000000e+00
0.000000000000000000e+00
0.000000000000000000e+00
0.000000000000000000e+00
0.000000000000000000e+00
0.000000000000000000e+00
0.000000000000000000e+00
0.000000000000000000e+00
0.000000000000000000e+00
0.000000000000000000e+00
0.000000000000000000e+00
0.000000000000000000e+00
0.000000000000000000e+00
0.000000000000000000e+00
0.000000000000000000e+00
0.000000000000000000e+00
0.000000000000000000e+00
0.000000000000000000e+00
0.000000000000000000e+00
0.000000000000000000e+00
0.000000000000000000e+00
0.000000000000000000e+00
0.000000000000000000e+00
0.000000000000000000e+00
0.000000000000000000e+00
0.000000000000000000e+00
0.000000000000000000e+00
0.000000000000000000e+00
0.000000000000000000e+00
0.000000000000000000e+00
0.000000000000000000e+00
0.000000000000000000e+00
0.000000000000000000e+00
0.000000000000000000e+00
0.000000000000000000e+00
0.000000000000000000e+00
0.000000000000000000e+00
0.000000000000000000e+00
0.000000000000000000e+00
0.000000000000000000e+00
0.000000000000000000e+00
0.000000000000000000e+00
0.000000000000000000e+00
0.000000000000000000e+00
0.000000000000000000e+00
0.000000000000000000e+00
0.000000000000000000e+00
0.000000000000000000e+00
0.000000000000000000e+00
0.000000000000000000e+00
0.000000000000000000e+00
0.000000000000000000e+00
0.000000000000000000e+00
0.000000000000000000e+00
0.000000000000000000e+00
0.000000000000000000e+00
0.000000000000000000e+00
0.000000000000000000e+00
0.000000000000000000e+00
0.000000000000000000e+00
0.000000000000000000e+00
0.000000000000000000e+00
0.000000000000000000e+00
0.000000000000000000e+00
0.000000000000000000e+00
0.000000000000000000e+00
0.000000000000000000e+00
0.000000000000000000e+00
0.000000000000000000e+00
0.000000000000000000e+00
0.000000000000000000e+00
0.000000000000000000e+00
0.000000000000000000e+00
0.000000000000000000e+00
0.000000000000000000e+00
0.000000000000000000e+00
0.000000000000000000e+00
0.000000000000000000e+00
0.000000000000000000e+00
0.000000000000000000e+00
0.000000000000000000e+00
0.000000000000000000e+00
0.000000000000000000e+00
0.000000000000000000e+00
0.000000000000000000e+00
0.000000000000000000e+00
0.000000000000000000e+00
0.000000000000000000e+00
0.000000000000000000e+00
1.052766521051462512e-01
0.000000000000000000e+00
0.000000000000000000e+00
0.000000000000000000e+00
0.000000000000000000e+00
0.000000000000000000e+00
0.000000000000000000e+00
0.000000000000000000e+00
0.000000000000000000e+00
0.000000000000000000e+00
0.000000000000000000e+00
0.000000000000000000e+00
0.000000000000000000e+00
0.000000000000000000e+00
0.000000000000000000e+00
0.000000000000000000e+00
0.000000000000000000e+00
0.000000000000000000e+00
0.000000000000000000e+00
0.000000000000000000e+00
0.000000000000000000e+00
0.000000000000000000e+00
0.000000000000000000e+00
0.000000000000000000e+00
0.000000000000000000e+00
0.000000000000000000e+00
0.000000000000000000e+00
0.000000000000000000e+00
0.000000000000000000e+00
0.000000000000000000e+00
0.000000000000000000e+00
0.000000000000000000e+00
0.000000000000000000e+00
0.000000000000000000e+00
0.000000000000000000e+00
0.000000000000000000e+00
0.000000000000000000e+00
0.000000000000000000e+00
0.000000000000000000e+00
1.719220205263581047e-01
2.512601002782841597e-01
4.639951719990433043e-02
0.000000000000000000e+00
0.000000000000000000e+00
0.000000000000000000e+00
0.000000000000000000e+00
0.000000000000000000e+00
0.000000000000000000e+00
0.000000000000000000e+00
0.000000000000000000e+00
0.000000000000000000e+00
0.000000000000000000e+00
0.000000000000000000e+00
0.000000000000000000e+00
0.000000000000000000e+00
2.391189428367843928e-01
0.000000000000000000e+00
0.000000000000000000e+00
0.000000000000000000e+00
0.000000000000000000e+00
0.000000000000000000e+00
5.925620693882337198e-02
0.000000000000000000e+00
0.000000000000000000e+00
1.990885159692760975e-01
0.000000000000000000e+00
0.000000000000000000e+00
0.000000000000000000e+00
0.000000000000000000e+00
0.000000000000000000e+00
0.000000000000000000e+00
0.000000000000000000e+00
0.000000000000000000e+00
0.000000000000000000e+00
0.000000000000000000e+00
1.558539013010868113e-01
0.000000000000000000e+00
4.333711396296958951e-02
0.000000000000000000e+00
0.000000000000000000e+00
0.000000000000000000e+00
0.000000000000000000e+00
0.000000000000000000e+00
0.000000000000000000e+00
0.000000000000000000e+00
9.895034329025696046e-03
0.000000000000000000e+00
1.083834257920958215e-02
1.841883315205356062e-03
0.000000000000000000e+00
0.000000000000000000e+00
0.000000000000000000e+00
4.031326088460622514e-02
0.000000000000000000e+00
0.000000000000000000e+00
0.000000000000000000e+00
4.592248716795367669e-02
0.000000000000000000e+00
0.000000000000000000e+00
0.000000000000000000e+00
0.000000000000000000e+00
1.178864802862166911e-01
7.768563406395459503e-02
0.000000000000000000e+00
0.000000000000000000e+00
4.917188937452086073e-01
4.926705435993120746e-02
0.000000000000000000e+00
0.000000000000000000e+00
7.999525373911341164e-02
0.000000000000000000e+00
0.000000000000000000e+00
0.000000000000000000e+00
0.000000000000000000e+00
0.000000000000000000e+00
0.000000000000000000e+00
4.344307725857232683e-01
0.000000000000000000e+00
0.000000000000000000e+00
9.587364914204890565e-02
0.000000000000000000e+00
0.000000000000000000e+00
0.000000000000000000e+00
0.000000000000000000e+00
2.871705330931225569e-02
4.108859551448418856e-01
4.563527958620703373e-01
0.000000000000000000e+00
1.547208512334538044e-01
0.000000000000000000e+00
0.000000000000000000e+00
4.524778855511588094e-01
0.000000000000000000e+00
2.985050140361976689e-01
4.791134307464775532e-01
0.000000000000000000e+00
0.000000000000000000e+00
0.000000000000000000e+00
4.883718409940442373e-01
0.000000000000000000e+00
4.931387877401530173e-01
4.821414061990604294e-01
4.940385162301537680e-01
4.897920428467409382e-01
4.722015406933414150e-01
1.982718928795780544e-01
0.000000000000000000e+00
0.000000000000000000e+00
0.000000000000000000e+00
0.000000000000000000e+00
4.991563726134033985e-01
0.000000000000000000e+00
4.749126050318648873e-01
4.861944113021867131e-01
1.912767661581475376e-01
4.759150905749502392e-01
0.000000000000000000e+00
4.690169369084380424e-01
1.409954440509469109e-01
4.771211400192066909e-01
2.407358201654657692e-01
4.779711979013072654e-01
0.000000000000000000e+00
2.221259077584804009e-01
0.000000000000000000e+00
0.000000000000000000e+00
0.000000000000000000e+00
4.945196418849861497e-01
0.000000000000000000e+00
0.000000000000000000e+00
0.000000000000000000e+00
4.696520821396721335e-01
4.937961320835828061e-01
1.130061432071398642e-01
4.922754217439346269e-01
4.791144064806078795e-01
0.000000000000000000e+00
0.000000000000000000e+00
0.000000000000000000e+00
4.747519712663516023e-01
4.844896415634107889e-01
0.000000000000000000e+00
0.000000000000000000e+00
3.109134534874897771e-01
0.000000000000000000e+00
0.000000000000000000e+00
0.000000000000000000e+00
4.977287338904241576e-01
5.651462306221426146e-02
0.000000000000000000e+00
4.741616410053552388e-01
4.828578805237194738e-01
2.254422371321933571e-01
4.730986514704170753e-01
0.000000000000000000e+00
0.000000000000000000e+00
0.000000000000000000e+00
0.000000000000000000e+00
4.762731578937849375e-01
0.000000000000000000e+00
4.870420823946894351e-01
0.000000000000000000e+00
0.000000000000000000e+00
4.857174165516098818e-01
4.791583852407927946e-01
4.982465251347044100e-01
4.902111820655607466e-01
0.000000000000000000e+00
5.170863260273537293e-02
4.809937228687035660e-01
4.734520157430060494e-01
4.988164413786108087e-01
0.000000000000000000e+00
0.000000000000000000e+00
4.790972235112276323e-01
4.900949736571389992e-01
4.862796139051451805e-01
4.699261397419927100e-01
4.898236150326771288e-01
0.000000000000000000e+00
3.090158499970417916e-01
0.000000000000000000e+00
4.975273899348696127e-01
1.634415581197800338e-01
0.000000000000000000e+00
1.954415687270364410e-01
4.863578203131973532e-01
8.924855859590492824e-02
0.000000000000000000e+00
0.000000000000000000e+00
4.712935462907875683e-01
4.968715422673620763e-01
4.943245198336568835e-01
4.883905813334136758e-01
0.000000000000000000e+00
2.389781114775400839e-01
0.000000000000000000e+00
4.951185479680434431e-01
4.872785814091096790e-01
1.078682856305219484e-01
7.420679044888603415e-02
1.808538213114049276e-01
4.876660548016835683e-01
0.000000000000000000e+00
0.000000000000000000e+00
3.012685217136682470e-01
4.805853634357583060e-01
4.923937234588567913e-01
0.000000000000000000e+00
0.000000000000000000e+00
4.920300902563259360e-01
4.889136068956063674e-01
2.373751293192845335e-01
4.709473225630068649e-01
3.517985644402021328e-01
0.000000000000000000e+00
4.692574836051991993e-01
0.000000000000000000e+00
4.955612172299972973e-01
0.000000000000000000e+00
4.871127018285793531e-01
4.979864269262523901e-01
4.994797527083220112e-01
0.000000000000000000e+00
4.784275553902428424e-01
0.000000000000000000e+00
4.373889779705850134e-01
4.862468593179205545e-01
4.910952292316289602e-01
4.674795695430061238e-01
0.000000000000000000e+00
4.920492126805511846e-01
0.000000000000000000e+00
2.797836693966613275e-01
4.983729743683228408e-01
4.859480258164557420e-01
4.882416738293202108e-01
4.622432676059896606e-01
3.681622085597834326e-01
4.731086480608412970e-01
4.731183275911715058e-01
4.619957291818779233e-01
0.000000000000000000e+00
4.870046714443081459e-01
4.932429720126126349e-01
4.848917569615671663e-01
4.837379703167590805e-01
0.000000000000000000e+00
0.000000000000000000e+00
4.790795555924991511e-01
0.000000000000000000e+00
0.000000000000000000e+00
4.778796840800701440e-01
0.000000000000000000e+00
4.670617287997042011e-01
0.000000000000000000e+00
4.859763723817704939e-01
3.150271096998017994e-01
0.000000000000000000e+00
0.000000000000000000e+00
4.731183275911715058e-01
0.000000000000000000e+00
0.000000000000000000e+00
4.646366849237978935e-01
0.000000000000000000e+00
4.831926415742572312e-01
4.939307876650545492e-01
4.929081377680323284e-01
4.691963955724177682e-01
1.500288674065992367e-01
4.869034385477837290e-01
4.790758286072243632e-01
4.731183275911715058e-01
4.731183275911715058e-01
4.731183275911715058e-01
4.731183275911715058e-01
4.891816793697706389e-01
4.971307026328197209e-01
4.854735350928212068e-01
4.794083701547508514e-01
4.993155598354501179e-01
0.000000000000000000e+00
4.233591202231279937e-01
0.000000000000000000e+00
4.878398958612034098e-01
0.000000000000000000e+00
0.000000000000000000e+00
4.823553167809316311e-01
0.000000000000000000e+00
0.000000000000000000e+00
4.970866962115899623e-01
4.996465513904384537e-01
4.731183275911715058e-01
4.867178063817824141e-01
4.971872385206975165e-01
0.000000000000000000e+00
0.000000000000000000e+00
4.731183275911715058e-01
4.772475794388840731e-01
0.000000000000000000e+00
4.717052689910817831e-01
4.893303132743835882e-01
4.784801216262953849e-01
4.855456440600767754e-01
0.000000000000000000e+00
0.000000000000000000e+00
4.800017674085314545e-01
4.798220942892776897e-01
4.781169312432707041e-01
0.000000000000000000e+00
0.000000000000000000e+00
4.912399975676435826e-01
4.922637384892616375e-01
4.930100756162772990e-01
0.000000000000000000e+00
0.000000000000000000e+00
4.731183275911715058e-01
0.000000000000000000e+00
0.000000000000000000e+00
4.861897913559578011e-01
4.971603765056335500e-01
0.000000000000000000e+00
4.799498293343166799e-01
4.854798787459249088e-01
4.790795555924991511e-01
4.775071666244494750e-01
4.847365722936964882e-01
4.373505311216339675e-01
0.000000000000000000e+00
4.731183275911715058e-01
0.000000000000000000e+00
4.983729743683228408e-01
4.721183275911715049e-01
4.707123299943883898e-01
4.843763405938169009e-01
4.912985700184974713e-01
4.957255879223612105e-01
4.731183275911715058e-01
0.000000000000000000e+00
2.249455493504580184e-01
0.000000000000000000e+00
4.731183275911715058e-01
0.000000000000000000e+00
0.000000000000000000e+00
4.851910368985137834e-01
4.938457186576187818e-01
4.736945471473018032e-01
4.859462189954877886e-01
4.947908350826427659e-01
4.704945248266806934e-01
4.936736464159827698e-01
4.949732828348307745e-01
4.990194790025551108e-01
4.731183275911715058e-01
4.788528461425243798e-01
4.863754605696176125e-01
0.000000000000000000e+00
4.731183275911715058e-01
4.902065769082846192e-01
0.000000000000000000e+00
4.982702126383471430e-01
4.970973171465979945e-01
0.000000000000000000e+00
0.000000000000000000e+00
4.870851624947095670e-01
0.000000000000000000e+00
4.912985700184974713e-01
4.798220942892776897e-01
4.962025434499922616e-01
0.000000000000000000e+00
0.000000000000000000e+00
4.899215098193452911e-01
4.731183275911715058e-01
4.816627128759469190e-01
0.000000000000000000e+00
4.915201513332648764e-01
0.000000000000000000e+00
0.000000000000000000e+00
2.678036799945864299e-01
4.731183275911715058e-01
4.923058314689087722e-01
4.952127634893615515e-01
4.731183275911715058e-01
4.731183275911715058e-01
4.890540561647294115e-01
4.661607351726415049e-01
4.776951744964353930e-01
0.000000000000000000e+00
4.318132134946496281e-01
4.717811393199521364e-01
4.661607351726415049e-01
4.758900851643181329e-01
4.788180970891557919e-01
4.691683355129463440e-01
4.660045603147534021e-01
0.000000000000000000e+00
0.000000000000000000e+00
4.833556039974447049e-01
4.841974271705179467e-01
4.904963066724425946e-01
4.661607351726415049e-01
4.661607351726415049e-01
4.834418193500409910e-01
0.000000000000000000e+00
4.910223722976513328e-01
0.000000000000000000e+00
4.700639317363626279e-01
4.924042105214581078e-01
4.658539168840005740e-01
0.000000000000000000e+00
0.000000000000000000e+00
4.981360990094369501e-01
4.661607351726415049e-01
4.853497023508545616e-01
4.661607351726415049e-01
4.802942272420618330e-01
0.000000000000000000e+00
0.000000000000000000e+00
4.870872605989622350e-01
4.661607351726415049e-01
4.661607351726415049e-01
4.684365506526472767e-01
4.941254775283054346e-01
4.555784679323816033e-01
4.661607351726415049e-01
4.661607351726415049e-01
4.744678058625115824e-01
4.800230269239999514e-01
4.811883707056496817e-01
4.661607351726415049e-01
4.760475970653599287e-01
0.000000000000000000e+00
4.720288628340409964e-01
0.000000000000000000e+00
4.903901087042655815e-01
4.661607351726415049e-01
4.942347541202092298e-01
4.766767635117043489e-01
4.661607351726415049e-01
4.930898748552570154e-01
4.661607351726415049e-01
0.000000000000000000e+00
4.772949813075030856e-01
4.841270636007181105e-01
4.660777447462800538e-01
0.000000000000000000e+00
0.000000000000000000e+00
4.661607351726415049e-01
4.661607351726415049e-01
4.661607351726415049e-01
4.898862296632148783e-01
4.661607351726415049e-01
4.724301974383152136e-01
0.000000000000000000e+00
4.845651344232252411e-01
4.831495296586625354e-01
4.941796493372062615e-01
4.642734524098839355e-01
4.810947365037551715e-01
4.854800333641576815e-01
4.910746670921485313e-01
4.697823989817139778e-01
4.810947365037551715e-01
4.686388608694723179e-01
4.970345835548031221e-01
4.996499361271972695e-01
4.810947365037551715e-01
4.810947365037551715e-01
4.810947365037551715e-01
4.971337022125355554e-01
3.440697371365589174e-01
4.691545714157508429e-01
4.691545714157508429e-01
4.810947365037551715e-01
4.810947365037551715e-01
4.915925007501613653e-01
4.951427874379549232e-01
4.374323964802220299e-01
0.000000000000000000e+00
3.600727875671516642e-01
4.810947365037551715e-01
4.810947365037551715e-01
4.799451093636377674e-01
4.810947365037551715e-01
4.766055687915827788e-01
0.000000000000000000e+00
4.810947365037551715e-01
4.628773583093214739e-01
4.810947365037551715e-01
4.810947365037551715e-01
4.802914172404379456e-01
4.916112073661343951e-01
4.935396869172797296e-01
4.810947365037551715e-01
4.799451093636377674e-01
2.805570650079384221e-01
4.957560098103073742e-01
4.600504391671519366e-01
4.628177412899083243e-01
4.616157573939975167e-01
4.810947365037551715e-01
0.000000000000000000e+00
4.810947365037551715e-01
4.810947365037551715e-01
0.000000000000000000e+00
4.789587800326842726e-01
2.849403549728068974e-01
4.807736301768583131e-01
4.810947365037551715e-01
4.810947365037551715e-01
3.148771400659487463e-01
4.952694762850323729e-01
4.810947365037551715e-01
4.810947365037551715e-01
4.968865699056524976e-01
4.810947365037551715e-01
4.810947365037551715e-01
3.998303904746081661e-01
4.810947365037551715e-01
4.810947365037551715e-01
4.749555640333661399e-01
4.994392911954994574e-01
4.810947365037551715e-01
4.810947365037551715e-01
4.972993804587266808e-01
4.810947365037551715e-01
4.638465630467409895e-01
4.980621238513434079e-01
4.631882956163229648e-01
4.810947365037551715e-01
4.810947365037551715e-01
4.836355614453558549e-01
3.420304885349640944e-01
4.810947365037551715e-01
4.810947365037551715e-01
4.810947365037551715e-01
3.348096386935643931e-01
0.000000000000000000e+00
4.993037481965145741e-01
4.643136189398490155e-01
4.810947365037551715e-01
3.924765379247736607e-01
4.789587800326842726e-01
4.729558429579788226e-01
4.810947365037551715e-01
4.810947365037551715e-01
4.810947365037551715e-01
4.541297136353054653e-01
3.809578879244580607e-01
4.810947365037551715e-01
4.810947365037551715e-01
4.810947365037551715e-01
4.808210985277133753e-01
4.770252120194362067e-01
4.946275072769780734e-01
4.810947365037551715e-01
4.990174514251921045e-01
4.810947365037551715e-01
4.624832872051385380e-01
4.810947365037551715e-01
4.602854901516184594e-01
4.859484733885264807e-01
4.810947365037551715e-01
4.810947365037551715e-01
4.810947365037551715e-01
4.810947365037551715e-01
4.980868305156946341e-01
4.810947365037551715e-01
3.255598397794981502e-01
4.810947365037551715e-01
2.882624458476479856e-01
4.810947365037551715e-01
4.810947365037551715e-01
4.724856392410002881e-01
4.810947365037551715e-01
4.638465630467409895e-01
4.890794567752494437e-01
4.850271199564555324e-01
4.859918489347042625e-01
4.798155898287604915e-01
4.600504391671519366e-01
4.810947365037551715e-01
4.135906187654782018e-01
0.000000000000000000e+00
4.810947365037551715e-01
4.810947365037551715e-01
0.000000000000000000e+00
4.810947365037551715e-01
4.810947365037551715e-01
4.810947365037551715e-01
0.000000000000000000e+00
4.810947365037551715e-01
3.627353623832025309e-01
4.810947365037551715e-01
4.898655640391619825e-01
4.628477130226933967e-01
0.000000000000000000e+00
4.810947365037551715e-01
4.810947365037551715e-01
3.220315888760958423e-01
4.661252988976794520e-01
4.810947365037551715e-01
4.810947365037551715e-01
4.117243218151983575e-01
4.799451093636377674e-01
4.879501269015050213e-01
4.810947365037551715e-01
4.591999847793807321e-01
4.810947365037551715e-01
3.684056447725855277e-01
4.667697361487189722e-01
4.810947365037551715e-01
4.810947365037551715e-01
4.810947365037551715e-01
4.750378250164991600e-01
4.810947365037551715e-01
4.810947365037551715e-01
0.000000000000000000e+00
3.179502115203401424e-01
4.935396869172797296e-01
4.942553609356452604e-01
4.654899256620840808e-01
4.810947365037551715e-01
3.113361129340457278e-01
4.810947365037551715e-01
4.846305497705575283e-01
0.000000000000000000e+00
4.808210985277133753e-01
4.796820767163372801e-01
2.539406414607068285e-01
0.000000000000000000e+00
4.976016229544192870e-01
4.810947365037551715e-01
3.804969264801360551e-01
4.759216525066625181e-01
4.810947365037551715e-01
3.443412984889521189e-01
4.810947365037551715e-01
4.810947365037551715e-01
3.437535731294095176e-01
4.810947365037551715e-01
4.616931416817920963e-01
2.482424699071421881e-01
4.810947365037551715e-01
4.520366580545490121e-01
4.810947365037551715e-01
0.000000000000000000e+00
4.810947365037551715e-01
4.810947365037551715e-01
4.810947365037551715e-01
4.810947365037551715e-01
4.901650258267098992e-01
4.810947365037551715e-01
4.810947365037551715e-01
4.696853932833503498e-01
4.610858365333642128e-01
4.810947365037551715e-01
4.975427070525498263e-01
0.000000000000000000e+00
4.810947365037551715e-01
4.925032498928508806e-01
4.968865699056524976e-01
4.810947365037551715e-01
4.810947365037551715e-01
0.000000000000000000e+00
4.810947365037551715e-01
4.970345835548031221e-01
4.626957413510096595e-01
4.810947365037551715e-01
4.810947365037551715e-01
4.810947365037551715e-01
4.873187307470638330e-01
4.635182955405230398e-01
4.854800333641576815e-01
0.000000000000000000e+00
4.810947365037551715e-01
2.802107984583430134e-01
4.810947365037551715e-01
3.515169510022070343e-01
4.810947365037551715e-01
3.909710891398263666e-01
4.810947365037551715e-01
4.810947365037551715e-01
4.898655640391619825e-01
4.810947365037551715e-01
4.810947365037551715e-01
4.810947365037551715e-01
4.810947365037551715e-01
4.661706043216529149e-01
0.000000000000000000e+00
4.925032498928508806e-01
4.810947365037551715e-01
0.000000000000000000e+00
0.000000000000000000e+00
4.810947365037551715e-01
4.810947365037551715e-01
4.887529608061552677e-01
4.810947365037551715e-01
4.810947365037551715e-01
4.974569027706052249e-01
4.810947365037551715e-01
4.833653201354338180e-01
4.810947365037551715e-01
4.398429235590219921e-01
4.810947365037551715e-01
3.063865278337229991e-01
4.953808984117708536e-01
4.996868794380419643e-01
4.953808984117708536e-01
4.953808984117708536e-01
3.069956503732716446e-01
2.844630440378693725e-01
4.953808984117708536e-01
2.844630440378693725e-01
4.953808984117708536e-01
0.000000000000000000e+00
4.808168445288595882e-01
4.968688483905472353e-01
4.808168445288595882e-01
4.808168445288595882e-01
4.971156148907299732e-01
4.883842270574548228e-01
4.479409340427890629e-01
4.985175653865169809e-01
3.581547621909589862e-01
4.427995985358594844e-01
4.800617780588126715e-01
4.868900351320715192e-01
4.785169197497672888e-01
4.812840109717277381e-01
4.828000097632849652e-01
4.808168445288595882e-01
4.243966038523783735e-01
3.621306284679549070e-01
4.849928816429415201e-01
4.787146257594612209e-01
4.731590872716301410e-01
4.996344911382029075e-01
4.855931362574577581e-01
4.671297563696099608e-01
3.819307071956785649e-01
4.934261242949253834e-01
4.958105423753975116e-01
3.708536136930308813e-01
4.808168445288595882e-01
4.808168445288595882e-01
4.754154207141306210e-01
4.794031647399917828e-01
3.445418051249671820e-01
4.808168445288595882e-01
4.976233337012860303e-01
4.681119944025171620e-01
4.883852769391207049e-01
3.558362705259254799e-01
4.808168445288595882e-01
4.954621062537519771e-01
4.862717134133441310e-01
4.577879708241051615e-01
4.577879708241051615e-01
4.577879708241051615e-01
4.577879708241051615e-01
4.972970206786101466e-01
4.577879708241051615e-01
4.708399663546747882e-01
4.577879708241051615e-01
4.692409107968904536e-01
4.596050179452919604e-01
4.596050179452919604e-01
4.596050179452919604e-01
4.942289114594141664e-01
4.596050179452919604e-01
4.596050179452919604e-01
4.844419050817732608e-01
4.936337208942317423e-01
4.901861236482391027e-01
4.862098917900586348e-01
4.973361858711651262e-01
4.598245580804161681e-01
4.528786767233532462e-01
4.821152711123022350e-01
4.705862813479222972e-01
4.932280596399144512e-01
4.702264817259827479e-01
4.973361858711651262e-01
4.973361858711651262e-01
4.825344320154838496e-01
4.986233054960248490e-01
4.993542924818308859e-01
4.986233054960248490e-01
4.857411258337698823e-01
4.920722918187956929e-01
4.586604416828968245e-01
4.883437214070449062e-01
4.904954752546555330e-01
4.993961342911169554e-01
4.788603259319179628e-01
4.682075221773159268e-01
4.682075221773159268e-01
4.963887383704703171e-01
4.885083276056638169e-01
4.682075221773159268e-01
4.966567244036537709e-01
4.800340607311172625e-01
4.664482957034663535e-01
4.715278021123400221e-01
4.682075221773159268e-01
4.823190397155135978e-01
4.795574351296377769e-01
4.988996391771124972e-01
4.909467072139416244e-01
4.834425312616166259e-01
4.682075221773159268e-01
4.960244829518662413e-01
4.821809425577405217e-01
4.725959909920706692e-01
4.666033704515080149e-01
4.682075221773159268e-01
4.874558790254010510e-01
4.682075221773159268e-01
4.871184676682210335e-01
4.809128272867835285e-01
4.225005373830586497e-01
4.779961415684552128e-01
4.682075221773159268e-01
4.682075221773159268e-01
4.682075221773159268e-01
4.682075221773159268e-01
4.816554866960726100e-01
4.816554866960726100e-01
4.682075221773159268e-01
4.682075221773159268e-01
4.682075221773159268e-01
4.922981885109401490e-01
4.682075221773159268e-01
4.944366034210260774e-01
