1.826661477026947714e-02
7.377826429637229094e-03
1.216473012929675766e-02
1.772648583251229537e-02
9.007254096266311891e-03
-1.934838070577182823e-02
1.546031695963414644e-02
4.104117985620865661e-02
2.095310749953553653e-02
1.875117560553177243e-02
8.588823044644785035e-03
1.389374941184578008e-02
1.208349638141059147e-02
-5.419688172454766376e-03
8.444025241969957060e-03
1.632939761136808360e-02
2.398696482933019083e-02
1.539870320631340356e-02
2.090951107656817062e-02
1.395096917269891476e-02
9.996591533901607804e-03
6.723602712958747993e-03
-1.963040794234843789e-02
1.074108810287724425e-02
-5.702215509680749923e-03
1.134781795063455508e-02
9.501715704545738578e-03
4.939867306124307023e-03
7.245048459543556446e-03
9.236227639083473273e-03
8.534133579434395600e-03
1.346719499850662985e-02
1.041112670071813254e-02
-2.192392662471711814e-02
5.126024897764815472e-03
1.401180998081215552e-02
-5.971774848175815179e-03
-2.899838424230109010e-03
2.837355130222631375e-02
-1.864590962617488148e-02
5.286995407205155074e-03
-7.463105239782581203e-03
6.300968038404919543e-03
7.090285134952977603e-03
1.885441287536424038e-02
1.130474557978818420e-02
8.957742053985553315e-03
1.030133374432936136e-02
1.443127625981875141e-02
2.741009913784495534e-03
1.622482855284612842e-03
1.837093754816666175e-02
1.288159916316809588e-02
1.112997899281228595e-02
1.386917423845231839e-02
9.990100371108215360e-03
1.214148282840298888e-02
2.008091697518604030e-02
8.746311574671591232e-03
3.970515479668304190e-03
1.510528523175185683e-02
1.070339310764809558e-02
1.589312291323798781e-02
-4.498947264991622064e-03
1.492068243684701104e-02
1.073138887693098759e-02
8.115064683690734193e-03
1.396719167100473474e-02
-2.028068796424614337e-02
7.065121052572909295e-03
1.186179286991933743e-02
1.422531126751612300e-02
4.916455765885755988e-03
5.606555092014291197e-03
-1.853095541112404626e-02
7.039072033401674172e-03
1.404938470140571112e-02
6.490192418514023447e-03
1.990888017276828958e-02
1.738744667820749448e-02
5.854625024179887713e-03
6.166241888120560857e-03
1.215150737943075480e-02
-4.360420683983600061e-03
-7.491802101059320297e-03
5.628051453254495802e-03
1.136134211132246510e-02
2.353378616381661750e-02
-1.231100881525324904e-03
-4.156760352511870184e-03
9.808560998151159838e-03
-2.095301394976568227e-02
1.536824341883081223e-02
-1.027776572175354008e-02
4.322476709332696322e-03
1.098898447608158586e-02
-6.571292417916725810e-03
4.732571392743993230e-03
7.269401499076236922e-03
6.216287364083862912e-03
8.270883834751927011e-03
5.909751323306879946e-03
-1.551235422022353982e-02
2.255773153939069370e-03
-1.920280344075206772e-02
8.133933396144413588e-03
2.526919417687826033e-02
5.674098067526693254e-03
-9.996553613652087514e-03
1.249270670299305712e-02
9.135410310723863364e-03
2.255996851434104167e-02
9.457887237750643716e-03
3.726584799311140513e-03
1.129235320662308646e-02
4.728854693739078553e-03
-7.694994803314100275e-03
1.051473043822209047e-02
6.224667866930043078e-03
1.193225644055277007e-02
2.935765202308652025e-02
7.884385402718099151e-03
1.012480235128893243e-02
1.997119990195301772e-02
5.261191437067954009e-03
3.579544071115456361e-02
1.984726544016618757e-02
2.367240336818642044e-02
4.702503985876414598e-03
-1.200966778874240116e-02
2.193018564702932383e-02
2.797861565827763561e-02
3.137603355034501024e-02
3.109279333576748638e-03
4.603098331448270651e-03
7.051296625402923325e-03
6.420562463789356196e-03
1.074838792441742442e-02
1.788026006945737587e-02
-2.639921198324155643e-02
6.903314943912602399e-03
-1.469507594095645180e-02
4.788965121588167548e-03
6.598211456310618291e-03
2.653768700699495400e-02
-1.909370884993515788e-02
3.059690104446110420e-02
2.714831968828015224e-02
2.465287807921453384e-02
-2.813243499480967344e-02
5.828132296136297533e-03
-4.492700868349885565e-03
6.694292215132331345e-03
-2.675293041085624081e-03
2.834571000440719996e-02
3.687090817486702969e-03
-2.796695592144205628e-02
1.914484570878906972e-02
3.981459168395816949e-03
9.581007230154026805e-03
8.832560905099101287e-03
2.179257778202502507e-02
-2.193094993731689851e-03
1.757857941244740652e-02
3.812036123882907995e-02
4.058621871808829051e-02
2.316727716003932555e-02
-2.060722575182094909e-02
2.258428817901822483e-02
7.500981176775020284e-03
1.296451110729913633e-05
5.472568390843313146e-03
-6.215793159032795452e-03
2.448528977204541754e-02
-1.409218964866866541e-02
3.620144791778662913e-02
3.048603351453006011e-02
-1.235224156725157896e-02
3.627548805961920697e-02
-1.908790737455330969e-02
4.505705176820827551e-02
2.377031360065743823e-02
-3.312322545421718389e-02
5.350093337313533218e-03
3.190000117756908171e-02
9.180048596741902101e-03
4.114677227203145105e-02
-3.085019863375184496e-02
2.825889468719886000e-02
4.705475251270314907e-02
1.395041643867977500e-02
-2.671070250490426359e-02
2.482729634039079758e-02
2.869163682721413353e-02
3.229071886809720821e-02
9.762437861513142620e-03
9.235325157679635799e-03
2.772684941530564884e-02
2.835565609335420623e-02
4.916929312686139572e-03
4.703378629434073338e-02
-1.782930197018587487e-02
3.983551070428326124e-02
-1.767166749398764447e-02
1.017805996387666743e-02
2.126133427407460655e-02
-2.457084833203152310e-02
2.653956720895801411e-02
-7.415459899159494370e-03
-3.296054661860378654e-02
3.856177734492725190e-02
4.637417597905861555e-03
3.947417874893451029e-02
3.871839274350155624e-02
5.740406689464134203e-03
2.691696942457786484e-02
-1.598449520270327218e-02
4.043253577964197459e-02
-1.477350733084640752e-02
3.633302379515836178e-02
6.724612262331777432e-03
-4.224801204478202676e-02
4.031747540785009243e-03
5.552014343275178329e-03
-3.251743964810158930e-03
-1.615058262643205914e-02
4.205037632974066575e-02
2.383085192082295273e-02
3.271645953593822070e-02
6.708996620932050625e-03
5.016663191311256098e-02
-3.956395196641820239e-02
8.169848966114771904e-03
9.144519004868387202e-03
3.339056516013728937e-02
3.093043924874562881e-02
-2.283830297375700341e-02
4.691325063277496620e-03
-4.153701436875650854e-02
6.908889730977268821e-03
5.556136154608468970e-03
4.787072486302423185e-02
-3.331405179700954594e-02
3.626187229676238865e-03
-4.537335390276883013e-02
3.935349108718681072e-03
-3.906955919225988533e-02
-1.647199718249554162e-02
-4.402203748662576743e-03
2.941164637921060351e-02
4.802500587420873573e-02
4.757475495163429602e-02
7.710655102667628158e-03
2.285910347967462508e-02
8.695138714245900097e-03
2.473905615749036682e-02
5.075039115934596584e-02
3.801474924272880453e-03
4.555844712879489333e-02
5.030512733430488742e-02
8.047043607415456726e-03
2.865201044685994000e-03
8.206430537978324016e-03
5.238937611662989463e-02
-7.371029522256501362e-03
5.104362027227993259e-02
5.069365113235061587e-02
5.375243847994788660e-02
5.298518543055516505e-02
5.233064165610921276e-02
2.135310284743913503e-02
3.484013495724887135e-03
-3.441669370939166167e-02
3.434835611711592202e-03
1.734970292063052477e-02
5.299874181478650415e-02
5.876292276301128652e-03
5.365894692788351211e-02
5.272039792532286218e-02
2.035275345589684926e-02
5.286914745518554726e-02
-3.865133574549159401e-02
5.170652964968017878e-02
5.093490025360708495e-02
5.189510297586079346e-02
2.680185118668518274e-02
5.017075010990218464e-02
-2.254005033760870733e-04
2.764243833427868294e-02
-3.177672025842349923e-02
2.497795769485879665e-03
3.415961185154148434e-03
5.320581000389858206e-02
3.317819881766813708e-03
3.135387562813482781e-03
8.834625966882584877e-03
5.324061806268746283e-02
5.445144517550472990e-02
5.070673014960712377e-02
5.209769643134000427e-02
5.137562811984989347e-02
4.131774354399996713e-03
6.974147001809559432e-03
-2.582350020723557515e-02
4.959591905033859660e-02
5.244521334074234153e-02
-1.610714772848124629e-02
4.212445483139795957e-03
1.520939918726581935e-02
3.095235424338559950e-03
-3.261960465506498485e-02
4.952429250476463735e-03
5.145711418122747571e-02
-3.944883531096997353e-02
-3.669568911249899978e-02
5.162631781001149334e-02
5.259936173522986730e-02
-5.759566401230591798e-02
5.319508926575532842e-02
-1.708032047672869425e-02
8.680447136766352573e-03
4.704576485959302556e-03
3.788524812710558631e-02
5.417286578430095811e-02
0.000000000000000000e+00
4.857764171720032470e-02
-1.224162444334926658e-02
3.540352733950520581e-02
5.315892043282607893e-02
4.953602854393156230e-02
5.112767293080094921e-02
5.112767293080094921e-02
3.873276545957044653e-02
1.163065389394798629e-02
5.133306128836741949e-02
5.308778887996284945e-02
4.981823753872221400e-02
-4.340116090896875729e-03
5.522459720927169920e-03
5.260375218125426522e-02
5.359517808813514528e-02
5.267480515252458140e-02
5.288989089399422083e-02
4.079936689480657269e-02
5.583426118691622343e-03
2.487898245450695899e-03
-2.700766013016455552e-02
5.471608706674646605e-02
2.099351341961670434e-02
-3.870898441877299728e-02
1.241896040835368219e-03
5.148440264141989492e-02
1.589998833624165636e-02
-4.143958635037803956e-02
3.281791885602701464e-03
5.047780493549477304e-02
4.332391113897129248e-02
4.090207971864788516e-02
5.254645786751576536e-02
7.645685365967888961e-03
1.229099369993957858e-02
6.837079917614439541e-03
5.094323008345880838e-02
5.274423828263533759e-02
1.092957365703732357e-02
-4.942306698435764561e-02
6.289896678037212863e-03
4.921841627375242445e-02
7.149603664720379469e-03
3.909946929499244148e-03
2.487898245450695899e-03
5.208468327214643007e-02
5.307619154349495216e-02
5.549484495546717737e-03
3.433082021730844615e-03
4.334929063185746778e-02
5.386666431598566979e-02
5.086598162465908596e-02
5.339725479262114743e-02
5.296180735636227960e-02
1.617434498469200871e-03
5.495016613992839694e-02
5.194351749332016405e-03
5.616836949423136688e-02
-3.074338534485653029e-03
4.241690487071896748e-02
4.563057467450245402e-02
4.507019624653948314e-02
6.171899597949597610e-03
4.664385842934652693e-02
3.886860999154756122e-03
2.487898245450695899e-03
5.650746064084870290e-02
5.560836825059509159e-02
5.351771567493699561e-02
8.330903619499148774e-03
5.436085502926514545e-02
3.123042395245554954e-03
1.885564520212096307e-02
5.596925767055329487e-02
5.605791811230699528e-02
4.700634814448288734e-02
5.596925767055329487e-02
2.487898245450695899e-03
5.401278620947565223e-02
5.596925767055329487e-02
5.527508208847762422e-02
3.155294902802548325e-03
5.371403833651601512e-02
4.169087063377081848e-02
5.596925767055329487e-02
5.587039206609192843e-02
-4.140623468566579507e-02
3.129859432997296464e-03
5.507926129903773643e-02
3.640663974354898993e-03
3.458290582144999455e-03
5.733868497890613758e-02
5.126762989384648847e-03
5.596925767055329487e-02
3.290424279881877523e-02
4.322007634565824818e-02
1.885564520212096307e-02
-1.026473508448009532e-02
3.442449087659892742e-02
5.596925767055329487e-02
4.340372948073892290e-03
4.876869902535811534e-03
5.664931618076382569e-02
5.210610031738718492e-03
5.370881599272859380e-02
4.490458208879137547e-02
4.192024512709949247e-02
5.676801555653446241e-02
3.782883832037210042e-02
5.659609896344382218e-02
5.703688120459118188e-02
5.596925767055329487e-02
5.596925767055329487e-02
5.596925767055329487e-02
5.596925767055329487e-02
4.149097770856308154e-02
4.298630317055886912e-02
5.641716685767952238e-02
5.306386388392030085e-02
5.596925767055329487e-02
4.320566326978811378e-02
-6.993138312665468648e-02
-4.025573711304314233e-03
5.638961061080067366e-02
-3.765726355430882438e-02
3.745755464544722052e-03
5.436085502926514545e-02
1.959238539644426666e-03
-1.365453485561115600e-04
5.118582001227348077e-02
5.599555937177203013e-02
5.596925767055329487e-02
5.612026643396526154e-02
4.098541584347513422e-02
2.744756550539899798e-03
5.096181196884007336e-03
5.596925767055329487e-02
4.428973620533183109e-02
5.874479547377814241e-03
5.521554917927632561e-02
5.677991232583647074e-02
4.565037154253402674e-02
4.200151527548394437e-02
2.487898245450695899e-03
6.149014995767023914e-03
5.596925767055329487e-02
5.547806048900367354e-02
5.641716685767952238e-02
3.571003607591010515e-02
4.967205740164947272e-03
4.139553450569825876e-02
4.249535433485230468e-02
4.335915914726330006e-02
3.144921675727532263e-03
9.341694433049900406e-04
5.596925767055329487e-02
5.168225553146481126e-03
4.848744829528633601e-03
5.569682122179884370e-02
5.596925767055329487e-02
4.776751361906930726e-03
4.639896473685487660e-02
5.664203156643275033e-02
5.507926129903773643e-02
4.479263038593229301e-02
4.330230871807894816e-02
-5.419948175556119768e-02
3.667901487341187691e-03
5.596925767055329487e-02
4.648940668059721101e-03
5.596925767055329487e-02
5.596925767055329487e-02
5.619026994882220238e-02
4.443928787729464064e-02
5.504186841771577243e-02
5.084798262135394736e-02
5.596925767055329487e-02
3.604626923838764700e-03
1.937425386670095159e-02
3.862088676869454215e-03
5.596925767055329487e-02
4.151549947452643635e-02
1.729155995090159506e-02
4.355908559523590656e-02
4.530603596763912305e-02
5.596925767055329487e-02
5.446187092339568186e-02
5.605791811230699528e-02
5.677991232583647074e-02
4.197143761412011620e-02
4.555709997992903743e-02
4.178774134401008755e-02
5.596925767055329487e-02
5.626309401677731525e-02
4.324592186557595780e-02
5.149423236829027070e-03
5.596925767055329487e-02
4.387834893530966063e-02
3.182925940238161278e-02
4.242672341230060290e-02
4.721731329788917547e-02
2.889978546255195669e-03
1.674905006214239163e-03
5.544421032131544719e-02
3.708123247488588452e-03
5.504186841771577243e-02
5.547806048900367354e-02
4.404747328084968744e-02
6.181422818534844724e-03
3.265998774546145962e-03
5.630747988296110063e-02
5.596925767055329487e-02
5.609538056876696432e-02
6.264766129512940908e-03
5.499100780203788896e-02
3.480413254269140375e-03
0.000000000000000000e+00
1.445207020074401952e-02
5.596925767055329487e-02
4.349937782717679807e-02
5.569682122179884370e-02
5.596925767055329487e-02
5.596925767055329487e-02
4.359334118074745246e-02
5.541391773542696936e-02
4.578812932224018972e-02
3.952958586355196507e-02
1.589998833624165636e-02
5.460983977877171408e-02
5.541391773542696936e-02
4.919322171056256937e-02
5.549363429867570224e-02
5.362996592673510005e-02
5.583089437077411177e-02
3.991140136693399447e-03
3.046473669881072550e-03
5.547919472197995749e-02
5.477221810233417337e-02
4.749806771020880641e-02
5.541391773542696936e-02
5.541391773542696936e-02
5.445742351547078197e-02
3.457457569102467126e-03
5.541391773542696936e-02
-4.352321035910267089e-02
5.381379430186580826e-02
4.800384915448960982e-02
5.541391773542696936e-02
5.687789794571496658e-03
5.017519957013231481e-03
4.524280429792574415e-02
5.541391773542696936e-02
4.774138882949888196e-02
5.541391773542696936e-02
5.158077562224393231e-02
2.544827576301015096e-03
2.533313992643079857e-03
5.541391773542696936e-02
5.541391773542696936e-02
5.541391773542696936e-02
5.506855760287051454e-02
5.605024575075791965e-02
-6.457212852853266849e-02
5.541391773542696936e-02
5.541391773542696936e-02
4.761233354158740660e-02
4.391315105838918681e-02
5.527204614069992222e-02
5.541391773542696936e-02
5.560928957741938239e-02
5.101726982419846866e-03
4.960799562545192137e-02
2.491701509740025175e-03
4.792044666134007147e-02
5.541391773542696936e-02
4.481691809081594924e-02
5.085324943939804193e-02
5.541391773542696936e-02
4.713268099381980047e-02
5.541391773542696936e-02
1.588084564601668610e-03
5.573687165713126640e-02
4.995262054563234799e-02
5.449598431121998460e-02
2.351556834913870117e-03
2.095368120382119868e-03
5.541391773542696936e-02
5.541391773542696936e-02
5.541391773542696936e-02
4.500412899785809218e-02
5.541391773542696936e-02
5.520937046987809543e-02
2.037771506906310183e-03
5.518524303425609984e-02
5.581812481005123117e-02
5.665579683122395210e-02
5.718401000181143334e-02
5.710015067980309111e-02
5.710015067980309111e-02
5.730668408908636685e-02
5.778635312251825806e-02
5.710015067980309111e-02
5.710015067980309111e-02
5.743620690853647182e-02
5.710015067980309111e-02
5.710015067980309111e-02
5.710015067980309111e-02
5.710015067980309111e-02
5.710015067980309111e-02
4.504855362456502282e-02
5.772625145653054179e-02
5.772625145653054179e-02
5.710015067980309111e-02
5.710015067980309111e-02
1.445207020074401952e-02
1.445207020074401952e-02
3.982384411381730688e-02
3.823098945062758554e-03
4.291649775755411456e-02
5.710015067980309111e-02
5.710015067980309111e-02
5.549036193816047485e-02
5.710015067980309111e-02
5.721630346017393676e-02
4.410332779302574176e-03
5.710015067980309111e-02
5.581068739020936947e-02
5.710015067980309111e-02
5.710015067980309111e-02
5.808692069281199549e-02
5.620676100549154564e-02
5.756099463136921807e-02
5.710015067980309111e-02
5.549036193816047485e-02
3.850747696586644120e-02
1.589998833624165636e-02
5.624823847821196210e-02
5.520798578238830107e-02
5.645905669968724616e-02
5.710015067980309111e-02
5.227662950256103079e-03
5.710015067980309111e-02
5.710015067980309111e-02
5.259416460756287555e-03
5.531364257612662177e-02
5.581068739020936947e-02
5.665579683122395210e-02
5.710015067980309111e-02
5.710015067980309111e-02
5.710015067980309111e-02
5.768207228098552741e-02
5.710015067980309111e-02
5.710015067980309111e-02
5.792197951560543873e-02
5.710015067980309111e-02
5.710015067980309111e-02
4.581621712206906949e-02
5.710015067980309111e-02
5.710015067980309111e-02
5.741934445036732393e-02
4.912851432988733086e-02
5.710015067980309111e-02
5.710015067980309111e-02
4.941311739638292594e-02
5.710015067980309111e-02
5.712126734142815299e-02
4.786953491937842586e-02
5.541947967819094850e-02
5.710015067980309111e-02
5.710015067980309111e-02
5.710015067980309111e-02
2.634424268259335719e-02
5.710015067980309111e-02
5.710015067980309111e-02
5.710015067980309111e-02
3.658308602664600562e-02
4.404620420202418063e-02
5.816763316187652244e-02
5.768207228098552741e-02
5.710015067980309111e-02
4.291649775755411456e-02
5.531364257612662177e-02
5.710015067980309111e-02
5.710015067980309111e-02
5.710015067980309111e-02
5.710015067980309111e-02
2.035275345589684926e-02
4.078793710353327551e-02
5.710015067980309111e-02
5.710015067980309111e-02
5.710015067980309111e-02
5.559297341869543635e-02
5.710015067980309111e-02
5.710015067980309111e-02
5.710015067980309111e-02
4.789741228128963080e-02
5.710015067980309111e-02
5.710015067980309111e-02
5.710015067980309111e-02
5.629504840393460136e-02
4.934242015814705590e-02
5.710015067980309111e-02
5.710015067980309111e-02
5.710015067980309111e-02
5.710015067980309111e-02
5.002259590842454695e-02
5.710015067980309111e-02
2.981209297534902561e-02
5.710015067980309111e-02
1.736932729718850335e-02
5.710015067980309111e-02
5.710015067980309111e-02
5.674371148432399981e-02
5.710015067980309111e-02
5.712126734142815299e-02
5.630747988296110063e-02
5.756099463136921807e-02
5.605951720091369855e-02
5.581068739020936947e-02
5.624823847821196210e-02
5.710015067980309111e-02
4.847534979038697900e-02
5.397025233820582427e-03
5.710015067980309111e-02
5.710015067980309111e-02
5.939462039843871645e-03
5.710015067980309111e-02
5.710015067980309111e-02
5.710015067980309111e-02
5.976647497715586489e-03
5.710015067980309111e-02
3.323438486848914741e-02
5.710015067980309111e-02
5.636973344186674284e-02
5.658014304202608341e-02
5.976771044004706643e-03
5.710015067980309111e-02
5.710015067980309111e-02
5.544034102701436012e-02
4.847534979038697900e-02
5.710015067980309111e-02
5.710015067980309111e-02
3.982384411381730688e-02
5.549036193816047485e-02
7.590501899632274424e-03
5.710015067980309111e-02
5.675514540851962081e-02
5.710015067980309111e-02
5.288297620900143242e-02
5.748685769193307565e-02
5.710015067980309111e-02
5.710015067980309111e-02
5.710015067980309111e-02
5.710015067980309111e-02
5.710015067980309111e-02
5.710015067980309111e-02
3.544823070318560768e-03
3.982384411381730688e-02
5.756099463136921807e-02
4.825487109129822372e-02
5.710015067980309111e-02
5.710015067980309111e-02
5.710015067980309111e-02
5.710015067980309111e-02
5.801051494455921470e-02
5.167321600321185017e-03
5.559297341869543635e-02
5.697347201127463817e-02
1.445207020074401952e-02
1.257696614642134702e-03
5.004235092945562291e-02
5.710015067980309111e-02
3.982384411381730688e-02
1.885564520212096307e-02
5.710015067980309111e-02
3.982384411381730688e-02
5.710015067980309111e-02
5.710015067980309111e-02
3.323438486848914741e-02
5.710015067980309111e-02
5.708107507722975232e-02
5.581068739020936947e-02
5.710015067980309111e-02
2.035275345589684926e-02
5.710015067980309111e-02
-3.598852777588287116e-02
5.710015067980309111e-02
5.710015067980309111e-02
5.710015067980309111e-02
5.710015067980309111e-02
1.589998833624165636e-02
5.710015067980309111e-02
5.710015067980309111e-02
5.710015067980309111e-02
5.640129493432497615e-02
5.710015067980309111e-02
4.797041510203686049e-02
5.797048065601512895e-03
5.710015067980309111e-02
5.744619219422091722e-02
5.792197951560543873e-02
5.710015067980309111e-02
5.710015067980309111e-02
2.453110652129763918e-03
5.710015067980309111e-02
5.743620690853647182e-02
5.692449307149256843e-02
5.710015067980309111e-02
5.710015067980309111e-02
5.710015067980309111e-02
1.589998833624165636e-02
5.664227771172879872e-02
5.710015067980309111e-02
-3.164288705674388885e-02
5.710015067980309111e-02
3.559002259432331866e-02
5.710015067980309111e-02
4.581621712206906949e-02
5.710015067980309111e-02
4.581621712206906949e-02
5.710015067980309111e-02
5.710015067980309111e-02
5.636973344186674284e-02
5.710015067980309111e-02
5.710015067980309111e-02
5.710015067980309111e-02
5.710015067980309111e-02
1.445207020074401952e-02
6.169505040169431624e-03
5.744619219422091722e-02
5.710015067980309111e-02
4.890478296208977671e-03
3.917960692239075803e-03
5.710015067980309111e-02
5.710015067980309111e-02
4.904112688234414652e-02
5.710015067980309111e-02
5.710015067980309111e-02
4.999098044359560206e-02
5.710015067980309111e-02
5.788883601311839433e-02
5.710015067980309111e-02
2.634424268259335719e-02
5.710015067980309111e-02
5.877611090886745299e-02
5.877611090886745299e-02
6.011811394242429218e-02
5.877611090886745299e-02
5.877611090886745299e-02
5.778338770953394404e-02
5.877611090886745299e-02
5.877611090886745299e-02
5.877611090886745299e-02
5.877611090886745299e-02
2.896559571857889107e-02
6.091259619091876631e-02
4.936603111055211379e-02
6.091259619091876631e-02
6.091259619091876631e-02
5.071476970874778251e-02
5.702738240677045212e-02
6.091259619091876631e-02
4.977090392583154166e-02
5.091109743199837001e-02
5.912746242921203266e-02
5.624935429812995963e-02
6.076633679876867339e-02
5.944813138110985329e-02
5.996737918621054819e-02
5.983695780779984402e-02
6.091259619091876631e-02
6.091259619091876631e-02
6.091259619091876631e-02
5.962727160003342824e-02
5.835400581740912695e-02
5.949890187441921052e-02
5.005688815444435391e-02
5.274211251355364477e-02
5.909644496389407364e-02
6.091259619091876631e-02
6.091259619091876631e-02
4.994649659726089347e-02
6.091259619091876631e-02
6.091259619091876631e-02
6.091259619091876631e-02
6.051724512620646618e-02
5.806070998041463344e-02
6.076633679876867339e-02
6.091259619091876631e-02
5.951664773917684365e-02
6.103744889607044116e-02
5.700514514110491260e-02
6.091259619091876631e-02
6.091259619091876631e-02
6.070458395215021230e-02
5.065088730626311070e-02
6.070458395215021230e-02
6.070458395215021230e-02
6.070458395215021230e-02
6.070458395215021230e-02
6.038594464079102137e-02
6.070458395215021230e-02
5.193441781018682396e-02
6.070458395215021230e-02
5.734000696794853968e-02
5.937789596688549526e-02
5.937789596688549526e-02
5.937789596688549526e-02
5.415104330013071482e-02
5.937789596688549526e-02
5.937789596688549526e-02
5.842130736814304948e-02
5.619216053411035805e-02
5.283754705467069712e-02
5.318651493901155325e-02
5.925305928723571813e-02
5.925305928723571813e-02
5.925305928723571813e-02
5.069423360529600603e-02
6.026723482414965416e-02
5.548490115914606752e-02
5.879679545200688917e-02
5.925305928723571813e-02
5.925305928723571813e-02
5.692537385002736233e-02
5.877611090886745299e-02
4.907778627669595606e-02
5.877611090886745299e-02
5.187217902059694519e-02
5.838510732315450869e-02
5.983638784736605015e-02
5.877611090886745299e-02
5.557755030591002288e-02
4.980236732775448344e-02
5.961469581749247182e-02
5.961469581749247182e-02
5.961469581749247182e-02
5.033850270094939600e-02
5.119921055177374669e-02
5.961469581749247182e-02
5.819138936259650452e-02
5.538512708431063414e-02
6.015859019585542006e-02
5.866689042489971889e-02
5.961469581749247182e-02
5.593346205643762170e-02
5.994400162384416059e-02
5.491381175776403195e-02
5.961469581749247182e-02
5.618607423142538831e-02
5.961469581749247182e-02
5.216745897927087955e-02
5.793062126551606905e-02
5.808647562268125231e-02
5.917862652128128703e-02
5.961469581749247182e-02
5.189048289797477259e-02
5.961469581749247182e-02
5.195417257695307545e-02
5.775354040748090223e-02
5.961469581749247182e-02
5.866602035859990599e-02
5.961469581749247182e-02
5.961469581749247182e-02
5.961469581749247182e-02
5.961469581749247182e-02
5.902595595667103207e-02
5.902595595667103207e-02
5.961469581749247182e-02
5.961469581749247182e-02
5.961469581749247182e-02
5.511553147461775715e-02
5.961469581749247182e-02
5.095510797526933700e-02
