2.213016763719461721e+02
1.988144174753976472e+02
1.903887926365998453e+02
1.990537883700451403e+02
2.076160642217231782e+02
2.022362448552894705e+02
2.061873485250288809e+02
2.225057163946682124e+02
2.184610742475905454e+02
2.196424530272570337e+02
2.190386261494981284e+02
2.198722226997833786e+02
2.184237469614085967e+02
2.173007974420819153e+02
2.167984416935211129e+02
2.181924110601094071e+02
2.218780986398034543e+02
2.240494632435327560e+02
2.298800318446403423e+02
2.302977434203770031e+02
2.248845349424049971e+02
2.206861269280688873e+02
2.198109098555232492e+02
2.156872417586222639e+02
2.131882746290692410e+02
2.106624381820617771e+02
2.073089070613736737e+02
2.072532965194679662e+02
2.042888869581203153e+02
2.013034063415075821e+02
2.019850761523664744e+02
2.033098304513776498e+02
2.033770335820170772e+02
2.035941460681686408e+02
2.041586785991144097e+02
2.054273067217186224e+02
2.111099490429624268e+02
2.117693585788276494e+02
2.153503936905542560e+02
2.166060955731408342e+02
2.140161359142016977e+02
2.110803149676767703e+02
2.086740163528116625e+02
2.050614120231914228e+02
2.062376603977076570e+02
2.041422484799252288e+02
2.024986855957221508e+02
2.010330114443931961e+02
2.011377055668714888e+02
2.001575129704578728e+02
1.991345860967458918e+02
2.014639160678099756e+02
2.010443759578446077e+02
2.005656948822507957e+02
2.012310544507934935e+02
2.013952323486346359e+02
2.019262434129859400e+02
2.039450820347532272e+02
2.043235401874121919e+02
2.039153935004711400e+02
2.036270188933634131e+02
2.030811875003389559e+02
2.038753195430614369e+02
2.028036060377407637e+02
2.032843179215154237e+02
2.038218895504770103e+02
2.045374907861602480e+02
2.049550752269737472e+02
2.059385018426484919e+02
2.049394235713582191e+02
2.053107629268241681e+02
2.058347691137186359e+02
2.056052491768305117e+02
2.056651126729386760e+02
2.047497465160617764e+02
2.039191850849960304e+02
2.049743992858711863e+02
2.047211087685119821e+02
2.061381406170275454e+02
2.069857267761793196e+02
2.065318883886565970e+02
2.055760586115204376e+02
2.058280022075644808e+02
2.046418788712183812e+02
2.039430717678792462e+02
2.029261454449823532e+02
2.029319889025537407e+02
2.039016036067294237e+02
2.033768050177733926e+02
2.027849874967780295e+02
2.033302059447659360e+02
2.037960359772502557e+02
2.043253065582433692e+02
2.037737153384542239e+02
2.034237022024677799e+02
2.033575713314878612e+02
2.028939425263252758e+02
2.022153431057057276e+02
2.026695582369996771e+02
2.026850279539782491e+02
2.031157639201687175e+02
2.038968444464343577e+02
2.051693806217529072e+02
2.055375835619664144e+02
2.054751872090972427e+02
2.075218001610742533e+02
2.081808261409683496e+02
2.064563039581144039e+02
2.079685841861447955e+02
2.082605578180895520e+02
2.086512715092151780e+02
2.091641763098604940e+02
2.090305831679055757e+02
2.101094015904075434e+02
2.099607470489325749e+02
2.091841915156586822e+02
2.089154925997824535e+02
2.087716461927591922e+02
2.073929775001506357e+02
2.098907230575332790e+02
2.126125670584579836e+02
2.134630406332749146e+02
2.139802992407102522e+02
2.154707632390125980e+02
2.164756485845765894e+02
2.204154064997527485e+02
2.219525978305356375e+02
2.225228184309807773e+02
2.238506638498516281e+02
2.256660139194627845e+02
2.275089342810407516e+02
2.290651488768779984e+02
2.310053788599587392e+02
2.314692784952000579e+02
2.318464655504139955e+02
2.318477897994596333e+02
2.293218144046377631e+02
2.296006568891138215e+02
2.285549713021418086e+02
2.286300681107752553e+02
2.293923427884668627e+02
2.301437472633635934e+02
2.305234691479669777e+02
2.317613055448288151e+02
2.317639910756850554e+02
2.335261203135892458e+02
2.351784977812996544e+02
2.367279219926266762e+02
2.389055642794706955e+02
2.406156198492332976e+02
2.418404792864389776e+02
2.419192117545181588e+02
2.418937618047543197e+02
2.425572973432337562e+02
2.441037701629997230e+02
2.435798875656277573e+02
2.446760153785277225e+02
2.438844777418434262e+02
2.433666610492052769e+02
2.442566236157587127e+02
2.465236424890559022e+02
2.473073808262349758e+02
2.485626782137055386e+02
2.497362428986820362e+02
2.527610992396408278e+02
2.557107457333676166e+02
2.587680319686286907e+02
2.593888904325000340e+02
2.590312500507769187e+02
2.603160663360524154e+02
2.602171880244204090e+02
2.606195349841752318e+02
2.604807943850910874e+02
2.624646359164374871e+02
2.627188690207410104e+02
2.659305247887646146e+02
2.668304291202791774e+02
2.687126348989453959e+02
2.704985735783550922e+02
2.710389181052948402e+02
2.752954224720679690e+02
2.768597487377923017e+02
2.783463385670582966e+02
2.798728734530326392e+02
2.839762649853561243e+02
2.855438238703682714e+02
2.889087468099290845e+02
2.890450552154406409e+02
2.902016510815171841e+02
2.949161721072658224e+02
2.956846456295564849e+02
2.962172746448724183e+02
2.969583667133283598e+02
2.980519983511267696e+02
3.004873054886502928e+02
3.013333037873121043e+02
3.023890123940645367e+02
3.034776126961494924e+02
3.050182803155070133e+02
3.057227172090742329e+02
3.093943633461299214e+02
3.097502520775299217e+02
3.120839366904190229e+02
3.131636785818567432e+02
3.136380873778054479e+02
3.124612737077883367e+02
3.133720881653621859e+02
3.151615874704979205e+02
3.161792313826500731e+02
3.165169655864665970e+02
3.186268556786612862e+02
3.174921695736435368e+02
3.207709244759756757e+02
3.224576285503521262e+02
3.221850009130334911e+02
3.251774057960458322e+02
3.244236752565125244e+02
3.271058200439322263e+02
3.271107843804940671e+02
3.275217043746582704e+02
3.253581330569392662e+02
3.274814397349958881e+02
3.278626014501806480e+02
3.279384955658622403e+02
3.271861955641948043e+02
3.235527263534936537e+02
3.263196234934432027e+02
3.292170839407948506e+02
3.296408749879432207e+02
3.289357117858520496e+02
3.428784397194926896e+02
3.431077979640070907e+02
3.420019544185416294e+02
3.424574919181221162e+02
3.434307458694104298e+02
3.463752562456591022e+02
3.485080114518394794e+02
3.485486033496766822e+02
3.494104349306350059e+02
3.495286479787591247e+02
3.496212055136400636e+02
3.539426463620987420e+02
3.558523882588849574e+02
3.568463867205864517e+02
3.588516944965832067e+02
3.579131498014539829e+02
3.588548264074863141e+02
3.599072171778965981e+02
3.579014018291186403e+02
3.585467847225123137e+02
3.621512559150849597e+02
3.654398996267548227e+02
3.665973291348452676e+02
3.703037203473564318e+02
3.692269320004304518e+02
3.711392934279405154e+02
3.739098683700034371e+02
3.743068461422844848e+02
3.783552393003848806e+02
3.936969293441218838e+02
3.925905779962543534e+02
3.929936931909241480e+02
3.921084016587200836e+02
4.076419804217181877e+02
4.046413454196379575e+02
4.174240584715813043e+02
4.299291005129076666e+02
4.451489097214214894e+02
4.608284349860593920e+02
4.762035884722606625e+02
4.803709397177241271e+02
4.794805447977356607e+02
4.815515494205974960e+02
4.795056589165077980e+02
4.812216191570366846e+02
4.946836926114624475e+02
4.939345769975258804e+02
5.082101938295410264e+02
5.214575889021189141e+02
5.241927936667219683e+02
5.362440411260803330e+02
5.367774559684838778e+02
5.511759923683861189e+02
5.547798369527652085e+02
5.673840126695678237e+02
5.714296464683246768e+02
5.841303782662268986e+02
5.834343586851167629e+02
5.876354202859462248e+02
5.845854967408515677e+02
5.833315316187332655e+02
5.822540177243380413e+02
5.970927436557860801e+02
5.975681000045059363e+02
5.960905843467413661e+02
5.964281648537179308e+02
6.118986004746581102e+02
6.275460881795171417e+02
6.288655837324718050e+02
6.441389815395560845e+02
6.559235826725905554e+02
6.561319421933594640e+02
6.536352527218622299e+02
6.534082468807973783e+02
6.686275827614334730e+02
6.840144119992423839e+02
6.823361945757706053e+02
6.818012552299802564e+02
6.851250403634982149e+02
6.841815906641065794e+02
6.828044637326867132e+02
6.830281366770693694e+02
6.959825545356831071e+02
6.954988850329909837e+02
6.971844055855240185e+02
7.107175367201962217e+02
7.270114751764567700e+02
7.275471895387017867e+02
7.436925912281028559e+02
7.403887146221089779e+02
7.417637653726021654e+02
7.405668259900470503e+02
7.404679498048956248e+02
7.557331629356126541e+02
7.580886676081365749e+02
7.743272136335929190e+02
7.708111981096841419e+02
7.682403302509912919e+02
7.833558395925682589e+02
7.991884080404508950e+02
7.993284080404509950e+02
8.131490630628921963e+02
8.135641438027454342e+02
8.157814889756701859e+02
8.302475201226552599e+02
8.428433925872321879e+02
8.572097620497961543e+02
8.565908967029089354e+02
8.554568069031198547e+02
8.707477123564223120e+02
8.869687026482833971e+02
8.990587407633264547e+02
9.136931822366520919e+02
9.293241531195933476e+02
9.277266424852211912e+02
9.329897958066816273e+02
9.329839773175181108e+02
9.471506990724614070e+02
9.512219151003092747e+02
9.509166715469823430e+02
9.502404173139315162e+02
9.617604436882616028e+02
9.643545024522696849e+02
9.619632776319468803e+02
9.620991145703351322e+02
9.766463855728981116e+02
9.890130541877683754e+02
1.004617425217417008e+03
1.016964107621538460e+03
1.002033817755647647e+03
1.005412044090243398e+03
1.005649705740827812e+03
1.020868584823642891e+03
1.020938584823642941e+03
1.024053245538498686e+03
1.010373313006253625e+03
9.978183381950631201e+02
9.977183381950630974e+02
9.827479960163294663e+02
9.669117315868865035e+02
9.675445540392238399e+02
9.836722099156254444e+02
9.980291477546386432e+02
9.991076018817183240e+02
9.977858398565892912e+02
9.981558398565891821e+02
1.013263344353487469e+03
1.000815165151667316e+03
1.000805165151667325e+03
1.002186099424253484e+03
9.863896574718023658e+02
1.001260377897039575e+03
9.862326137867864873e+02
9.982502978968883554e+02
9.822227696312604621e+02
9.939147028675039337e+02
9.943447028675039974e+02
1.010561833214402441e+03
1.005827432373386387e+03
1.021201702611450401e+03
1.021294396375927477e+03
1.027169165801772806e+03
1.027339165801772879e+03
1.042525420496273910e+03
1.058162404342317586e+03
1.057788998898182854e+03
1.057848998898182799e+03
1.041814009224480515e+03
1.043067103013040423e+03
1.043257103013040251e+03
1.043387103013040360e+03
1.058798502648817475e+03
1.074203595902517009e+03
1.077356388901535865e+03
1.077546388901535920e+03
1.077786388901535929e+03
1.093825826182105175e+03
1.093014810208782819e+03
1.103590061564372490e+03
1.119971054807560449e+03
1.134957574381940731e+03
1.151325264894401244e+03
1.136524696863495137e+03
1.135391078689933920e+03
1.150279185704057682e+03
1.134310435509414219e+03
1.118425100831527061e+03
1.131011461473816098e+03
1.115951942857047015e+03
1.132064811277900162e+03
1.132037833425559711e+03
1.147375796968970917e+03
1.151135276942408382e+03
1.135186825404477531e+03
1.134028301604260832e+03
1.134228301604260878e+03
1.134395507624796664e+03
1.133740302958174198e+03
1.133890302958174289e+03
1.117919075039445715e+03
1.118029075039445615e+03
1.118489075039445652e+03
1.133614332524352449e+03
1.146639961635494046e+03
1.134750935807224096e+03
1.134790935807224059e+03
1.134940935807224150e+03
1.151118691657739646e+03
1.167122338184180762e+03
1.154633376332675653e+03
1.154643376332675871e+03
1.155003376332675543e+03
1.155463376332675580e+03
1.155343376332675689e+03
1.170532967771430776e+03
1.181597742785398168e+03
1.181116076121979177e+03
1.169876899329937942e+03
1.165790237186003878e+03
1.180408761518712481e+03
1.178546350071610505e+03
1.163546768969613595e+03
1.176298447744882424e+03
1.175719809184154201e+03
1.175824698746744389e+03
1.176364698746744352e+03
1.176034698746744425e+03
1.175894698746744325e+03
1.176074698746744389e+03
1.191414988612635398e+03
1.188179612593370621e+03
1.187310764140403762e+03
1.187450764140403862e+03
1.187800764140403771e+03
1.185503143646521721e+03
1.199333076178766305e+03
1.212098050989956619e+03
1.212568050989956873e+03
1.227888393168690527e+03
1.230015708334822648e+03
1.226233345212006498e+03
1.226433345212006543e+03
1.226443345212006307e+03
1.241596588578781621e+03
1.242574884264626235e+03
1.227219036036061652e+03
1.227519036036061607e+03
1.240387215237881946e+03
1.240637215237882174e+03
1.235465382126669056e+03
1.235379553423499829e+03
1.235359553423499619e+03
1.234396444694608590e+03
1.219398273225402136e+03
1.235535801491030043e+03
1.235285801491029815e+03
1.219730148562357954e+03
1.219730148562357954e+03
1.235784946644571846e+03
1.235494946644571655e+03
1.251853745817285699e+03
1.262571995581186002e+03
1.251634855208107865e+03
1.235603710438921553e+03
1.235563710438921589e+03
1.236015315227896281e+03
1.236095315227896435e+03
1.252320304901598320e+03
1.264015221529688461e+03
1.264285221529688215e+03
1.264205221529688515e+03
1.264265221529688233e+03
1.264265221529688233e+03
1.259834205860511474e+03
1.247609424525170652e+03
1.231583152090399153e+03
1.231603152090399135e+03
1.232784856509299516e+03
1.217450560068291907e+03
1.217550560068291588e+03
1.217850560068291770e+03
1.217790560068291597e+03
1.232731128099197804e+03
1.247795868741664663e+03
1.247665868741664781e+03
1.263924618936307979e+03
1.280269953614195174e+03
1.280329953614195119e+03
1.295529472230964302e+03
1.295699472230964375e+03
1.311086922995776376e+03
1.295864918177864865e+03
1.307460332724364207e+03
1.323868784262294639e+03
1.323900708688682926e+03
1.324090708688682753e+03
1.340474258742088296e+03
1.340315390257819445e+03
1.324352961326881768e+03
1.340484189245610423e+03
1.324410608513989700e+03
1.324090608513989764e+03
1.323920608513989691e+03
1.324130608513989728e+03
1.321079336539557062e+03
1.305154522264557500e+03
1.305114522264557536e+03
1.305134522264557518e+03
1.305214522264557218e+03
1.302831945948031944e+03
1.302911945948031871e+03
1.286687081934318940e+03
1.272327548683939085e+03
1.260408554815145408e+03
1.260528554815145526e+03
1.260738554815145562e+03
1.275583037964761843e+03
1.286992214756802923e+03
1.303004203700364769e+03
1.303274203700364978e+03
1.317773656326627815e+03
1.333233237428624761e+03
1.318196463788061919e+03
1.322615036423184165e+03
1.337823020737844899e+03
1.337563020737844909e+03
1.337963020737845000e+03
1.338013020737844727e+03
1.337963020737845000e+03
1.337763020737844954e+03
1.336809005559890693e+03
1.336802687566387249e+03
1.336842687566387212e+03
1.336642687566387394e+03
1.352050927221704569e+03
1.352040927221704578e+03
1.351990927221704624e+03
1.351750927221704615e+03
1.335591360749512660e+03
1.349590310012823920e+03
1.349894452796240785e+03
1.349854452796241048e+03
1.350224452796240712e+03
1.350234452796240703e+03
1.350528804783096348e+03
1.350678965107532804e+03
1.350758965107532958e+03
1.350538965107532931e+03
1.350708965107532777e+03
1.366794864321125260e+03
1.383287134976745619e+03
1.368263649666580704e+03
1.369252449461487686e+03
1.384260620930693904e+03
1.384290620930693876e+03
1.384350620930694049e+03
1.399666273859366129e+03
1.399456273859365865e+03
1.388226405264185132e+03
1.388246405264185114e+03
1.388046405264185069e+03
1.388116405264184777e+03
1.399353545637263551e+03
1.415334690406449681e+03
1.415354690406449436e+03
1.430342160870087355e+03
1.415318717623900739e+03
1.415638717623900675e+03
1.399643416964369635e+03
1.399753416964369535e+03
1.399863416964369435e+03
1.399843416964369453e+03
1.400223416964369562e+03
1.416340212888236920e+03
1.428904994223577887e+03
1.444951266658349596e+03
1.428955865936304235e+03
1.444007796799413654e+03
1.459702093240421164e+03
1.459522093240421327e+03
1.443267501571622915e+03
1.427318210680364245e+03
1.427338210680364227e+03
1.427358210680364209e+03
1.427578210680364236e+03
1.427698210680364355e+03
1.427468210680364336e+03
1.427448210680364355e+03
1.411378709356832360e+03
1.411378709356832360e+03
1.411258709356832242e+03
1.426280714174743707e+03
1.426500714174743734e+03
1.426330714174743662e+03
1.441597092896953654e+03
1.441517092896953955e+03
1.441327092896953900e+03
1.457476834739861715e+03
1.473549263670799064e+03
1.473569263670799273e+03
1.489722844402419241e+03
1.489842844402419360e+03
1.489932844402419278e+03
1.489792844402419178e+03
1.505023142205122213e+03
1.508259247737731130e+03
1.508309247737731312e+03
1.508389247737731012e+03
1.508359247737730811e+03
1.523350785905761541e+03
1.513396834473362560e+03
1.519538751252947577e+03
1.523430597642305884e+03
1.520420182335359186e+03
1.509341573299444008e+03
1.509231573299443880e+03
1.509361573299443990e+03
1.509351573299443999e+03
1.509441573299443917e+03
1.509331573299444017e+03
1.494281839113138858e+03
1.494071839113138822e+03
1.509138612753701636e+03
1.519898020769881896e+03
1.519948020769881623e+03
1.519988020769881814e+03
1.519698020769881623e+03
1.519728020769881596e+03
1.519788020769881541e+03
1.519878020769881914e+03
1.524164284019730758e+03
1.530337994205836821e+03
1.530347994205836358e+03
1.530427994205836740e+03
1.530177994205836512e+03
1.530217994205836476e+03
1.515256711496095249e+03
1.515296711496095213e+03
1.531376277968287241e+03
1.516305356695928822e+03
1.531059236471064423e+03
1.519578044222509561e+03
1.519308044222509579e+03
1.519348044222509543e+03
1.534396838721034328e+03
1.538070030140339895e+03
1.537930030140340023e+03
1.538040030140339695e+03
1.537760030140339722e+03
1.537770030140340168e+03
1.537480030140340205e+03
1.552613515450505020e+03
1.557302753249160332e+03
1.557402753249160241e+03
1.557422753249160223e+03
1.557492753249159932e+03
1.557822753249160542e+03
1.557752753249160378e+03
1.569062621844341265e+03
1.569442621844341147e+03
1.569492621844341102e+03
1.569252621844341320e+03
1.569292621844341056e+03
1.569402621844340956e+03
1.569462621844341129e+03
1.569602621844341229e+03
1.584706065090528000e+03
1.572976322361409075e+03
1.589031623020940515e+03
1.588781623020940060e+03
1.588861623020940215e+03
1.577201150252843263e+03
1.561845313909091146e+03
1.561885313909091110e+03
1.561655313909091092e+03
1.561715313909090810e+03
1.567116438307247563e+03
1.567126438307247554e+03
1.566816438307247608e+03
1.566846438307247581e+03
1.582901029976046175e+03
1.599030320867304681e+03
1.588726857177678539e+03
1.577814244345475799e+03
1.577764244345475845e+03
1.577554244345475809e+03
1.577564244345475799e+03
1.577524244345475381e+03
1.593653745669007549e+03
1.593703745669007503e+03
1.593703745669007503e+03
1.594023745669007440e+03
1.593973745669007485e+03
1.593943745669007512e+03
1.593963745669007494e+03
1.593963745669007494e+03
1.594263745669007449e+03
1.594333745669007385e+03
1.594333745669007840e+03
1.594403745669007549e+03
1.594393745669007558e+03
1.594753745669007458e+03
1.594733745669007703e+03
1.583205087507544476e+03
1.583145087507544304e+03
1.584052954293170160e+03
1.584082954293170587e+03
1.584082954293170587e+03
1.584182954293170269e+03
1.584252954293170433e+03
1.594286905725569341e+03
1.604289852959697100e+03
1.614577539820718584e+03
1.629586948996458887e+03
1.640685558032374274e+03
1.640665558032374292e+03
1.640625558032374329e+03
1.630099898855929723e+03
1.615058571616940071e+03
1.615038571616940089e+03
1.630118305803245448e+03
1.614986493131556244e+03
1.615006493131556226e+03
1.615006493131556226e+03
1.615006493131556226e+03
1.599930546066826764e+03
1.599930546066826764e+03
1.588712684858772036e+03
1.588712684858772036e+03
1.588642684858771872e+03
1.600493673521446681e+03
1.595269825799860428e+03
1.595269825799860428e+03
1.595239825799860682e+03
1.583719234944245727e+03
1.573726884012268783e+03
1.588698166722010001e+03
1.588678166722010246e+03
1.577961402569103257e+03
1.593022323841461684e+03
1.582658805388525934e+03
1.594249997637080924e+03
1.594299997637080878e+03
1.594239997637080933e+03
1.583163307256580083e+03
1.594575803741402524e+03
1.594565803741402306e+03
1.594585803741402742e+03
1.594575803741402297e+03
1.594555803741402315e+03
1.594575803741402297e+03
1.594575803741402297e+03
1.589971706993312182e+03
1.578398382544860851e+03
1.578428382544861051e+03
1.578668382544860833e+03
1.578368382544860879e+03
1.578428382544861051e+03
1.566919685154381796e+03
1.566629685154381832e+03
1.566629685154381832e+03
1.551579800814481359e+03
1.551279800814481177e+03
1.551179800814481268e+03
1.538840254115849348e+03
1.522767282754201460e+03
1.523107282754201378e+03
1.534567025483319867e+03
1.523573747475099026e+03
1.513406569322013638e+03
1.513326569322013484e+03
1.513407751547242469e+03
1.528473587890994622e+03
1.528383587890994932e+03
1.517002237417643755e+03
1.517012237417643973e+03
1.527686513741532508e+03
1.515713700189566907e+03
1.515613700189566543e+03
1.505248112915364118e+03
1.505248112915364118e+03
1.490477748366979085e+03
1.500851212056605164e+03
1.511843824888808285e+03
1.511823824888808304e+03
1.511803824888808322e+03
1.501818754443296939e+03
1.501888754443296875e+03
1.501898754443296866e+03
1.501898754443296866e+03
1.501898754443297321e+03
1.501668754443297303e+03
1.501908754443297312e+03
1.486853520667235671e+03
1.486893520667236089e+03
1.486913520667236071e+03
1.486583520667235916e+03
1.486543520667235725e+03
1.486523520667235971e+03
1.471419912289485865e+03
1.471439912289485846e+03
1.471109912289485692e+03
1.471109912289485692e+03
1.482648570450948682e+03
1.482708570450948855e+03
1.494739412407713871e+03
1.484693697721442049e+03
1.484663697721441849e+03
1.484633697721442104e+03
1.470188571177123549e+03
1.470138571177123140e+03
1.458308667486121976e+03
1.458358667486121931e+03
1.447182193541857941e+03
1.447162193541857960e+03
1.436323721910936229e+03
1.436343721910936210e+03
1.446949381087380971e+03
1.461980708326370859e+03
1.461950708326370886e+03
1.461930708326370905e+03
1.477072520998059872e+03
1.477082520998059863e+03
1.466679680190861063e+03
1.451600348959842904e+03
1.466686296024572130e+03
1.466686296024572130e+03
1.462843310139275673e+03
1.447827602478864037e+03
1.447907602478864192e+03
1.447887602478864210e+03
1.463340536553123684e+03
1.463370536553123429e+03
1.463370536553123429e+03
1.475221127408737630e+03
1.485183478340714828e+03
1.485283478340714964e+03
1.485263478340714983e+03
1.485501870111884273e+03
1.485541870111884236e+03
1.484787930313035986e+03
1.484807930313035968e+03
1.484857930313035922e+03
1.484947930313035840e+03
1.496054620693536663e+03
1.484882980009108223e+03
1.473411543118337477e+03
1.473421543118337468e+03
1.462158098702242114e+03
1.462208098702242523e+03
1.446813715481639974e+03
1.447243715481640038e+03
1.462710647475312271e+03
1.474003971923763174e+03
1.474083971923763102e+03
1.474233971923763193e+03
1.474683971923763238e+03
1.463953174246464641e+03
1.475811871636943579e+03
1.464021452244812735e+03
1.453223577272667626e+03
1.468713461612568381e+03
1.458493212339291631e+03
1.459013212339292295e+03
1.471772759037924061e+03
1.488245730399572039e+03
1.488015730399572021e+03
1.476997369401071410e+03
1.476308699968063138e+03
1.486895878121148371e+03
1.487385878121148380e+03
1.499155168664016628e+03
1.499515168664016528e+03
1.500015168664016528e+03
1.511816519137367322e+03
1.500536274325914519e+03
1.490349925250519618e+03
1.502692738802485110e+03
1.491386476691396183e+03
1.501872063965598727e+03
1.501962063965598873e+03
1.517112428513984014e+03
1.517542428513983623e+03
1.505659597106163574e+03
1.505839597106163183e+03
1.506279597106163465e+03
1.505769695263455787e+03
1.506199695263456078e+03
1.494436045213511306e+03
1.494536045213511670e+03
1.494976045213511725e+03
1.495386045213511579e+03
1.495606045213511607e+03
1.510681278989573002e+03
1.511141278989572811e+03
1.511581278989572866e+03
1.512061278989572884e+03
1.512061278989572884e+03
1.512491278989572947e+03
1.528024887367323117e+03
1.528414887367322990e+03
1.528824887367323072e+03
1.528734887367322699e+03
1.528624887367323026e+03
1.529054887367323090e+03
1.529534887367323108e+03
1.539520602053594757e+03
1.540010602053594766e+03
1.540430602053594839e+03
1.555325728597913439e+03
1.555805728597913458e+03
1.568075632288914676e+03
1.558173947677560818e+03
1.559196915748285164e+03
1.559686915748285173e+03
1.571015387379207141e+03
1.571455387379207195e+03
1.571845387379207295e+03
1.572325387379207314e+03
1.572815387379207323e+03
1.573285387379207350e+03
1.573175387379207223e+03
1.573595387379207295e+03
1.584458228186406131e+03
1.599977559417424118e+03
1.590176938051905381e+03
1.580117216129065810e+03
1.595618063222417277e+03
1.611053770882828985e+03
1.611503770882828576e+03
1.611983770882828594e+03
1.612133770882828458e+03
1.612603770882828940e+03
1.613053770882828758e+03
1.613163770882828658e+03
1.613703770882828621e+03
1.614073770882828967e+03
1.614543770882828767e+03
1.625012143264566248e+03
1.625462143264566066e+03
1.637039601516350558e+03
1.637449601516350185e+03
1.637869601516350485e+03
1.638289601516350331e+03
1.638699601516350413e+03
1.650271242200778715e+03
1.661712679091549262e+03
1.662142679091549326e+03
1.673826123507644525e+03
1.674286123507644561e+03
1.690060506728247219e+03
1.690100506728247183e+03
1.690190506728247328e+03
1.690490506728247283e+03
1.690800506728247228e+03
1.690810506728247219e+03
1.680072743920116864e+03
1.690793541597415469e+03
1.690913541597415360e+03
1.703143960989546713e+03
1.714411835961691168e+03
1.714001835961691086e+03
1.724702085234967626e+03
1.724732085234967599e+03
1.724802085234967535e+03
1.724332085234967508e+03
1.724272085234967562e+03
1.735710446233468474e+03
1.747872393674697605e+03
1.747872393674697605e+03
