1.188993477546011803e+02
1.062435531746434805e+02
1.155875672469386615e+02
1.046927154041192267e+02
1.063378652155462163e+02
1.103643789576549921e+02
1.185917256927751993e+02
1.040769937998069281e+02
1.135329281415052094e+02
1.107934538210785718e+02
1.207686687069657694e+02
1.200429482494748612e+02
1.193009714329644027e+02
1.201449736376690254e+02
1.206735259718556534e+02
1.205176141534046081e+02
1.251263949248937735e+02
1.227501291932921959e+02
1.222901163782599241e+02
1.227100408760183967e+02
8.978249131479040557e+01
9.110457938581512849e+01
9.517754250021434359e+01
9.152288409675701075e+01
9.252999321407907019e+01
9.034973339135449066e+01
9.220013002341502784e+01
9.762059236181455901e+01
8.824538254763777445e+01
8.982292454763341993e+01
1.222435170478133557e+02
1.233829810363756110e+02
1.205527533762478924e+02
1.124286833469274853e+02
1.223352784651270895e+02
1.248952611500592411e+02
1.154618110500020123e+02
1.158507176041574098e+02
1.133442223639985684e+02
1.099970302172065431e+02
9.384563883614646329e+01
9.873265565047803705e+01
9.414726544715298928e+01
1.043779632618882118e+02
9.674726039275408596e+01
9.906796801775568895e+01
9.754867603639166873e+01
1.006025892918958107e+02
9.504482642362576428e+01
9.645967303681368321e+01
9.602125745976253768e+01
1.059043531871704147e+02
9.935392602002090712e+01
1.021847421389586970e+02
1.086547693306518880e+02
1.210425016729896015e+02
1.120578009905819528e+02
1.028867067178176029e+02
1.226274113041632745e+02
9.716840954827127064e+01
9.818234257826391342e+01
9.855011543955656350e+01
1.253111506191855398e+02
8.647143447974606545e+01
1.128582412803136918e+02
1.238764045432980225e+02
1.251767172341255474e+02
1.115043265631474725e+02
9.927071498557793916e+01
8.639969771476697247e+01
1.204967455349616046e+02
1.014814836465821202e+02
9.475375243595715347e+01
1.105662947373912175e+02
8.675490376458250807e+01
8.583834378680707289e+01
1.058949650575412704e+02
9.599603705941062515e+01
1.030614263661036176e+02
1.138427691283962133e+02
1.036277625678719545e+02
8.827581829940241676e+01
9.830919074704935667e+01
1.017456805411790697e+02
9.075568409780889567e+01
9.207822625781508918e+01
9.799158256655833554e+01
1.138555111899065935e+02
8.942737818312259890e+01
8.498867718718103959e+01
1.038615307824541816e+02
9.151919915340542389e+01
1.122074308696661404e+02
8.915990671767464448e+01
1.054283612849212517e+02
9.452455933127811250e+01
8.416144227692808499e+01
8.636088006943892026e+01
1.247182641103806304e+02
1.082113293857763239e+02
1.264375272990990737e+02
1.254435211205415328e+02
9.544068620868333142e+01
1.018719568495971401e+02
9.541355652263851539e+01
1.034155473873673259e+02
1.116693026343416335e+02
8.357179268032476216e+01
1.006092874525485996e+02
1.259472225238724121e+02
1.252071726484480934e+02
1.128807291942357267e+02
9.742387076871180795e+01
1.056214601487059497e+02
9.624559611893650413e+01
8.385536017684577814e+01
1.253979208327287296e+02
1.161391321156878860e+02
9.514553021744009698e+01
1.088605284320802866e+02
1.172762061513937226e+02
1.217566916108708170e+02
1.252281995003052799e+02
1.011755875989853593e+02
1.253701598076194301e+02
1.079621626881195766e+02
9.318114778604346782e+01
1.018860345171784161e+02
1.254069961127467252e+02
1.144150514734778881e+02
1.123752747924297353e+02
1.050931642895108808e+02
1.166595995161007409e+02
1.257148821635298788e+02
1.261071490172667495e+02
1.249961715917426943e+02
8.369124668744436235e+01
1.264051759853442434e+02
9.507502864270396969e+01
1.115193356356085843e+02
8.133547826742039888e+01
8.510787296980385008e+01
8.544183370111868214e+01
8.264969344642926785e+01
9.938863990907148604e+01
1.122554707469797677e+02
9.807283180839031900e+01
9.982399830138263042e+01
1.150280274006304637e+02
1.107538820754485869e+02
1.270474186131715015e+02
9.963415018841051563e+01
8.233167047367393820e+01
1.241549151723724975e+02
1.048494099302692177e+02
8.419632430072931584e+01
8.996015597829078558e+01
9.776098338451005532e+01
8.255075562221819041e+01
1.268830995626295532e+02
1.044879737181086767e+02
9.871022932093603686e+01
1.050271364090287847e+02
9.707604530680356447e+01
1.110297348609777686e+02
1.112675699769041273e+02
1.068309739152662985e+02
1.124949303543688046e+02
9.808499548085544006e+01
1.264484651379875402e+02
8.933882675415398467e+01
1.283273904358700861e+02
8.247942461875310016e+01
1.141047669980693513e+02
8.443921279275539860e+01
1.063565030209030624e+02
1.165339286752307260e+02
1.015058242637682184e+02
1.106359512539858798e+02
9.947255106448140793e+01
1.193626798849762309e+02
9.807185665251286366e+01
8.861383405151867976e+01
1.258847130551922788e+02
1.137702861724705770e+02
1.273243296499959598e+02
1.068578669391046958e+02
1.104985935390132425e+02
1.011096172188662763e+02
1.127641810293117715e+02
1.061097203302413590e+02
1.133494352775028062e+02
1.150830262957502583e+02
9.912299361378981644e+01
1.116452068650627467e+02
1.281639599768375319e+02
1.263956437905965942e+02
1.023426235965208235e+02
1.110694271900600683e+02
1.274660219291582308e+02
1.121674159702804303e+02
9.816921725334387361e+01
1.081995711032458871e+02
9.856332825021458177e+01
1.283066411936383133e+02
9.665348497543602946e+01
1.004517193324386142e+02
1.118303521154707880e+02
1.064367014331149051e+02
9.483512445161261439e+01
1.055360390950432077e+02
8.331363456843317294e+01
1.048140001427396157e+02
1.093319833804023062e+02
8.323627566656870158e+01
1.096315553774296916e+02
8.590220570262459887e+01
1.041623083887568555e+02
8.025401689400936789e+01
1.057525938575120819e+02
8.275523662964604910e+01
8.977600633726960666e+01
1.290398166521528083e+02
1.277478686928295275e+02
8.215284020905453133e+01
8.644120084262185344e+01
1.036273949797546265e+02
1.072948876613394447e+02
9.762196749558749787e+01
9.426668243350779619e+01
1.158736439338131987e+02
9.323735355279323755e+01
1.288966177524006866e+02
1.302702571593351308e+02
9.386228971919230446e+01
1.111041283352643347e+02
1.140753401280430523e+02
1.268110949637156892e+02
8.852740715832293006e+01
1.284909454669769104e+02
8.040990291861105277e+01
1.193743532978380699e+02
1.113428153755714760e+02
1.272902911705860731e+02
9.078839236368936838e+01
8.077928335427915840e+01
9.221913836860478852e+01
1.135930959224025827e+02
9.068056554664511282e+01
8.847772154295194014e+01
1.173636622163535748e+02
1.117576540753875918e+02
1.292426246072299989e+02
1.061913915947775564e+02
1.284128918436087190e+02
9.117920527279513010e+01
1.164017741241764128e+02
1.279562897035159352e+02
1.205581037160735178e+02
1.147270040088750704e+02
1.302391295009861096e+02
1.288470825710741963e+02
1.290112091718494298e+02
1.115932861681960020e+02
8.615871791161900717e+01
1.105981816692716677e+02
1.103677106469273497e+02
9.956144398428642717e+01
1.128085056481531865e+02
1.158719070479147177e+02
1.047360867477067643e+02
8.057655876401521766e+01
1.116600624499711927e+02
7.961697493854956065e+01
1.141068884912550061e+02
1.072259010117153792e+02
1.300249550310175835e+02
1.193074535804615408e+02
9.737551798747119847e+01
1.035720313203164693e+02
1.158986996292788234e+02
1.106336134880803428e+02
1.043785328273543769e+02
1.104287828663592705e+02
1.036952227604235617e+02
1.069757153196490265e+02
1.068011361691643515e+02
9.219369583170370674e+01
1.074648191244497184e+02
1.147739909730989893e+02
7.961492937190988073e+01
8.083019189746015343e+01
1.044550166177480008e+02
1.309374530549904989e+02
9.132280030868997756e+01
1.315433019152224574e+02
1.099335718762648639e+02
1.116575699776370811e+02
1.247192638002375844e+02
1.157408077435230354e+02
1.070513912149696125e+02
1.310860036422317876e+02
1.284490674630036438e+02
1.117823846767868332e+02
1.156966510923859488e+02
1.170979142966393027e+02
8.535279952029388539e+01
1.289738069131282998e+02
1.035857143242843392e+02
8.010993243187958512e+01
1.113070922586541229e+02
8.107690512460600019e+01
1.043207307075686998e+02
9.108730996826048454e+01
1.152944502137649181e+02
1.028930400221549064e+02
1.094162050133778195e+02
8.941581787795713865e+01
1.045625577940694910e+02
8.033789113565839557e+01
1.309952708752870763e+02
1.310203645658864389e+02
9.986340236329483844e+01
1.135259301726153325e+02
1.140367674470767696e+02
1.148848386834339266e+02
8.010756073941260524e+01
9.958374949023875899e+01
1.129214060338772470e+02
1.079506332937750415e+02
9.965615706532496176e+01
1.125534256363139605e+02
9.738784542638886421e+01
1.026509802714582520e+02
1.123144809867204117e+02
1.142749206529591106e+02
1.033073321123374768e+02
7.937755850515655709e+01
7.803646526441035292e+01
1.034425023693334396e+02
9.855538568668309551e+01
1.112803040414824665e+02
1.189524085391747548e+02
8.143181948748855348e+01
1.299040856124494496e+02
9.408761592847331201e+01
1.150240047300970474e+02
1.102376107189732295e+02
1.031472252077700489e+02
1.123413910343484332e+02
9.402299007960284882e+01
1.093846511634994272e+02
1.019908273118333568e+02
1.084885201998676223e+02
1.297712612274926016e+02
1.137370324895840383e+02
7.505695160992200954e+01
7.947709312442833607e+01
1.009485361695457897e+02
1.309971013410906551e+02
9.614291364824514119e+01
1.312236990769168870e+02
1.057357708278061210e+02
1.047065882529290377e+02
9.898910081787202841e+01
8.905319036626289630e+01
9.800528967347096909e+01
1.070233684883734213e+02
1.307965782126624106e+02
7.816264429443138795e+01
9.466583869459985578e+01
1.112100491248955478e+02
1.022497802868867467e+02
1.311675663322479011e+02
7.981442171225013738e+01
7.858807674959129486e+01
1.080135583744731207e+02
1.204402076581600767e+02
9.814649867515574044e+01
1.055784860347331318e+02
7.786441952451068005e+01
9.967761191210985317e+01
1.312223588974693484e+02
1.016478605502436210e+02
7.867528265627866801e+01
7.617530601446220828e+01
7.530147318352224772e+01
7.496018072382982211e+01
7.804798082213702060e+01
7.571755652209392906e+01
7.868799172713877965e+01
9.969020067439376476e+01
9.534167482292374984e+01
9.532979686977843414e+01
9.309433579782032098e+01
9.333341584892075105e+01
1.071868965741311541e+02
7.934989673702190771e+01
1.058863419020546814e+02
1.024362558740189257e+02
1.026759920507982002e+02
7.734222484981387424e+01
1.004301861555987756e+02
9.604890485707851155e+01
1.000992954020147465e+02
9.950019064388386880e+01
1.007562703735137575e+02
7.913635282009542493e+01
9.555007100410037424e+01
7.957685711921975269e+01
9.811232597305780700e+01
9.754326386306757968e+01
1.137825325814205826e+02
1.317525935753317015e+02
9.943201643968362191e+01
7.828750194643399141e+01
7.805334677887152850e+01
9.698231421124289398e+01
1.306048138323083379e+02
1.113064795432381402e+02
1.000312260352615681e+02
7.826887035427932915e+01
1.023873315989758908e+02
7.908451537930767472e+01
9.901804346706317972e+01
1.034612618396570127e+02
7.843550053405265032e+01
7.700873358638543209e+01
1.002662072810110487e+02
7.881227918728534121e+01
9.688816683396404983e+01
7.698003137377344274e+01
7.639953764117038304e+01
9.612292451440018226e+01
1.094762648530651603e+02
1.152903216831787034e+02
9.788070687865294417e+01
1.009198187883481381e+02
1.049638213252495405e+02
1.200659955474716725e+02
1.030478828581269823e+02
7.895249958426526860e+01
7.727416354710248925e+01
9.903121660852113450e+01
1.044922383278461666e+02
9.861152353812259719e+01
9.925678450044210877e+01
9.101847845956503136e+01
7.781988943561866279e+01
1.043685964085006077e+02
1.142653814541673398e+02
1.309041889800303409e+02
9.614445947207197207e+01
1.315201934869743923e+02
1.308201568533934278e+02
7.829114593996669669e+01
1.008571014721306511e+02
9.896369765656552886e+01
9.202617545774241137e+01
7.596073643265920339e+01
1.316676326542985009e+02
7.746478545275061833e+01
9.693010426551410319e+01
7.703404331592157916e+01
1.318176034468290254e+02
9.947399989307096746e+01
9.651362340728452693e+01
7.511216299380760120e+01
7.893553933379806153e+01
1.169283708394163170e+02
1.323197744144735850e+02
9.508912764946579443e+01
1.029999040546162092e+02
9.825619290434134712e+01
9.808002483751482714e+01
1.310415177143544270e+02
7.737783749678101231e+01
7.709995440611231743e+01
7.872089998487896878e+01
7.775899213592276737e+01
7.872270655620332036e+01
1.001773852554711226e+02
7.840872839144195439e+01
1.321182853079349684e+02
9.563507771066356611e+01
1.021179002923330472e+02
1.297434707132798621e+02
7.664924899627592936e+01
9.809498566028776168e+01
9.859850951233808303e+01
7.681525946140516226e+01
7.317692174207763856e+01
9.540271288062515964e+01
7.751144769186296912e+01
9.922662432145155265e+01
1.323252953636221321e+02
9.748053479007134570e+01
9.729243822691829280e+01
9.531661027617201398e+01
7.675147756134327892e+01
1.073463090727252336e+02
7.764453030396173006e+01
9.905275919392443029e+01
7.806795923867460374e+01
1.024794979685029830e+02
7.776272434771451003e+01
9.830046164884181792e+01
1.000729500128851583e+02
9.518586340551755143e+01
7.776219777605886918e+01
7.508533679923078807e+01
1.030157500302609890e+02
9.752112062081344845e+01
9.873715603763329796e+01
1.097755426351535135e+02
7.844077531026954375e+01
7.599196571435342662e+01
8.081976876039449564e+01
9.876941249899790876e+01
9.925090748240469907e+01
7.703825321246445412e+01
1.321799518208873678e+02
1.077935944266305626e+02
7.628754952265659028e+01
9.749427693786151394e+01
7.920430993913613804e+01
7.613788141999852144e+01
7.859741842907524756e+01
7.732428930937680889e+01
9.825165586859662881e+01
7.813580731620186270e+01
1.041550215092999423e+02
9.778361906733728404e+01
7.650859281236279230e+01
1.310970219729690029e+02
7.844814274999372117e+01
9.825291216876904343e+01
9.839946064009504312e+01
9.564903987630525251e+01
1.326846183196952325e+02
9.745769910720302676e+01
7.794864013712948747e+01
1.171696829087742628e+02
1.030626099201777350e+02
9.524955983166141493e+01
7.677802828065352969e+01
1.004212640632456583e+02
9.648275870342573057e+01
1.010340950944046909e+02
7.761116301558725183e+01
9.990904850750838762e+01
7.577870764174996054e+01
9.927111104231207150e+01
1.075739687401653981e+02
9.837331472938529942e+01
9.498193032186843254e+01
7.567378613288052236e+01
9.572490298727818470e+01
9.872390843326421361e+01
1.030385321723900631e+02
7.787251912524186537e+01
7.752796538778540025e+01
9.725746926629173572e+01
9.848453032140645291e+01
7.509281853091447090e+01
1.000527783779616016e+02
1.032643676133600650e+02
9.624430308804441836e+01
7.759566472191865216e+01
9.590519351697707862e+01
1.152870527782850161e+02
1.033228836862927551e+02
7.775783902876449361e+01
9.784630428712010541e+01
1.329120550147517008e+02
1.325431209587195838e+02
7.797336876132642658e+01
1.047133292436119660e+02
7.339078823486974557e+01
9.588891186489009044e+01
7.925986365336146378e+01
1.320651468983492975e+02
1.314792695576296069e+02
1.038079073766791112e+02
9.725850811658897044e+01
9.896712088577177724e+01
9.778699193910600229e+01
9.413950968421947607e+01
9.533854525131150126e+01
1.005462445139716010e+02
9.884611672075611466e+01
7.604473155042178689e+01
7.390666195603172639e+01
1.030735322264902294e+02
9.926140407674397181e+01
1.037624623647427740e+02
1.322655675381331832e+02
7.630584707802709943e+01
7.715300659531266092e+01
7.623075330373329450e+01
1.012249807894517062e+02
7.425538643549660378e+01
7.673813866198372580e+01
9.623542637889457296e+01
7.508745020254602309e+01
1.000547700257920098e+02
7.745400722045060604e+01
9.497061029883511196e+01
7.655799124775730036e+01
9.767367680255105711e+01
7.714591668798581736e+01
7.749290891258553415e+01
1.011386198052303769e+02
1.007695003432100549e+02
9.369814917201929916e+01
7.328446238059915174e+01
9.737798690252694200e+01
9.610852020284094976e+01
7.809501323531927142e+01
9.987754295956165151e+01
9.537018647062373589e+01
1.053620859176466666e+02
9.238414698978299100e+01
9.590146292960088203e+01
1.016941758429373124e+02
9.830137760536783276e+01
9.588583699479433164e+01
1.012995995493380974e+02
9.942433143536443652e+01
1.034133949030873083e+02
9.614586861620603031e+01
9.854134186055840416e+01
9.332645270030283768e+01
9.710026490846486524e+01
9.492172888712590861e+01
9.480317589415933810e+01
1.034260589602689464e+02
9.479704466016242748e+01
1.041239916668095873e+02
1.042004136081841068e+02
1.112094637969852613e+02
1.108456464929991228e+02
1.157290175358491240e+02
1.331059082425953761e+02
1.134186106880627989e+02
9.384440313171012349e+01
9.483133738390763767e+01
1.045219801388574723e+02
9.629456839102581966e+01
9.646830191071956051e+01
1.322026581369477185e+02
9.593957775310803981e+01
9.776465164876128711e+01
9.657857343151741247e+01
9.698382642506572893e+01
9.386697328302101084e+01
9.572694576952018508e+01
9.623132751359698034e+01
9.657477123950236830e+01
9.513188021983569342e+01
1.107784162098427601e+02
1.120543235254987735e+02
9.996648029154825110e+01
9.522670763848857689e+01
9.583533971261266515e+01
1.006934215774661823e+02
1.327871729025883383e+02
9.552954832333580271e+01
9.928175560973130587e+01
1.323907872764152103e+02
1.013190278557931663e+02
1.148033642255069253e+02
1.012718630965566859e+02
9.620998278035722251e+01
9.582623357812587983e+01
1.122887521734766523e+02
9.405459530895558373e+01
9.635007475638117569e+01
9.850594209926657641e+01
9.933100135824248866e+01
9.741465257960317103e+01
9.541341642937207723e+01
1.175345907677560575e+02
9.891643360654656192e+01
9.978501479302576627e+01
9.464509482592599454e+01
7.570063899534936525e+01
1.041941276122188640e+02
9.659643693716807888e+01
7.460401499013852344e+01
9.439534026875000450e+01
9.528507993589654745e+01
7.470354445916454722e+01
9.474447056003361922e+01
9.540903363827210626e+01
9.609107033802564501e+01
9.662777563293107619e+01
1.104767910317579833e+02
9.511432476832483474e+01
9.546365203143221834e+01
9.544286887880372205e+01
1.116770262335131605e+02
1.006705745167450630e+02
9.347295566776141129e+01
9.367412669254099455e+01
9.860041365787134282e+01
1.154570556631918379e+02
9.590697210004618967e+01
9.535756277679409720e+01
1.005458661413695722e+02
9.606518473588710094e+01
9.269850321058152076e+01
1.125218355459301875e+02
1.133802659094996699e+02
1.012999555685687483e+02
9.555117722107189593e+01
9.995687834203772582e+01
1.029318113065545504e+02
9.605246355176014106e+01
9.566652438581662921e+01
9.512532747281764500e+01
7.718733005490557275e+01
9.528807185346769870e+01
1.009188619589422444e+02
1.011417674586252247e+02
9.584817770143199311e+01
7.402215256574999103e+01
9.354198924851425545e+01
9.611554749473746995e+01
9.617693214923383493e+01
9.575210873992543270e+01
7.410563389305139026e+01
9.696756978368961200e+01
1.110410599316805502e+02
1.024284297230043137e+02
1.072282030204746377e+02
9.878520229156858079e+01
9.565447790201258726e+01
9.435789420156048379e+01
9.768941533215976847e+01
9.506429697795395839e+01
9.648322769739070282e+01
1.022294481215757429e+02
9.795547851523205907e+01
9.577430189518345571e+01
9.578876959267665825e+01
9.996910412497769016e+01
1.158247854395317518e+02
1.327867276101019627e+02
9.591323779119686321e+01
1.013054665387303714e+02
1.320818732831103546e+02
9.984318060797102135e+01
9.639297328461348968e+01
9.543763424624239633e+01
1.328405293527058291e+02
9.541549807878851652e+01
1.125337133641926499e+02
9.749766787216896091e+01
1.040238022099949262e+02
9.454676184513941450e+01
1.319706592574061403e+02
1.019103117389154534e+02
9.736195778311319771e+01
1.126660203960176716e+02
1.174006416971688793e+02
1.057970038035396101e+02
9.902126440351047165e+01
1.150664005584355323e+02
1.005084795407870644e+02
1.071225648066834566e+02
9.519398564828441067e+01
9.792842647962497438e+01
1.044225771412174169e+02
1.140304703269572570e+02
9.467400424186838848e+01
9.538878258784211539e+01
9.521259438289499144e+01
9.891694806770063053e+01
1.010708534827252123e+02
9.507791065034399480e+01
9.533978127140275660e+01
1.323306800632797717e+02
1.122889970246291966e+02
9.442359499553859337e+01
7.612674643549868847e+01
9.892060926503202722e+01
9.596290326429539164e+01
1.143876725775677414e+02
9.360328463537986465e+01
9.817982147742513632e+01
1.329011566009954777e+02
9.647134778545762401e+01
1.058455634603141249e+02
1.054175895817183317e+02
7.712971361648078528e+01
7.463362143515493585e+01
9.501222556050909418e+01
1.134157179547547543e+02
1.121695402754888704e+02
1.045196322784528746e+02
1.118839131611625959e+02
9.592073999773765536e+01
1.042010582865101611e+02
1.117740310062828115e+02
9.551455578465990470e+01
9.738702116888747184e+01
1.121532487696520377e+02
1.007382718345269126e+02
1.126486613896102540e+02
9.587448245955509663e+01
1.185478001642716350e+02
9.521462079944184609e+01
9.551021740095113444e+01
1.038149668434513018e+02
9.878645999840738057e+01
1.116831161474543990e+02
9.557227736841304022e+01
9.891393981629293819e+01
9.591121780784580153e+01
9.780460119768684990e+01
9.747381324246818224e+01
7.675176910528139729e+01
1.324476622393885350e+02
9.569335016929977655e+01
9.648363720244925901e+01
9.862232454285691574e+01
9.880563668882341233e+01
9.879893633526732799e+01
1.323639162224975223e+02
9.558867217333553867e+01
9.617515139441766792e+01
9.520777544930557212e+01
9.557606936854972446e+01
9.573821195164828168e+01
9.782006487350047053e+01
1.116540670767133605e+02
1.001545761680893065e+02
9.727935159153274469e+01
1.209701111297869289e+02
1.004812255732732211e+02
1.109621080381776750e+02
9.692463215347896721e+01
1.130480858144730973e+02
1.015856865592970735e+02
1.141937899554719706e+02
9.757955468542898814e+01
9.730094624865432706e+01
9.685198992201941337e+01
9.709409191035669551e+01
1.024242945959946098e+02
9.462428608143109443e+01
9.521469923378830913e+01
1.102921685959196765e+02
1.326066876898176758e+02
9.390164146410373291e+01
9.761887614739409003e+01
1.327915290664843155e+02
1.331429233958857026e+02
9.578748735630941269e+01
9.743328698772883456e+01
7.435558068784763464e+01
9.664629951493310500e+01
9.768114576323857534e+01
7.408487887471595457e+01
1.033551736268735652e+02
9.479455086827735499e+01
1.010212201493261546e+02
1.128887268327963369e+02
9.542349336681478178e+01
1.131117447127991795e+02
9.650820755483626101e+01
9.399966869104700606e+01
9.492832704029426338e+01
9.340987383076483752e+01
1.130953191792352754e+02
1.108417721391550401e+02
9.648955091647609095e+01
1.110243329590007164e+02
9.675062330437280878e+01
9.405827582209180093e+01
6.908478582914642629e+01
6.520510492421814774e+01
1.017263090608511362e+02
8.326990883826994150e+01
6.406353549520522961e+01
6.669919099973583343e+01
1.065238046142549848e+02
6.610912852433447995e+01
1.047767196120630757e+02
1.068202231840660090e+02
6.581243349585309943e+01
1.092496246251410099e+02
6.946878662165264018e+01
6.985882967788211317e+01
6.976200877645219123e+01
8.229197937110237149e+01
1.061549796790397266e+02
1.049327629786769336e+02
6.961215101587025345e+01
7.014310614124531185e+01
7.089190687513811895e+01
6.531974280134943456e+01
6.434007165431449948e+01
6.850118428083271738e+01
1.041719595686613218e+02
1.092113109625369276e+02
6.524089327195898136e+01
1.039714723592427248e+02
8.246637322334109399e+01
8.314719887377388829e+01
7.019426579905371000e+01
6.756790331882559997e+01
1.053434150981713202e+02
8.121154038411602016e+01
6.923829518172426845e+01
1.080069737134165280e+02
6.668710746414672030e+01
1.057050756732441101e+02
8.385535424554328188e+01
6.960032778044548252e+01
6.853661799570933510e+01
6.913370251147551926e+01
8.947894616634582121e+01
6.683076384573378448e+01
6.914783565209214089e+01
6.637068862601377361e+01
8.929667150709329349e+01
6.835937411549474518e+01
7.208629637798296130e+01
7.688785060400557825e+01
7.672226644239320592e+01
9.803201823565377993e+01
9.895160853612384244e+01
7.196196578714760506e+01
6.730957593319632792e+01
9.695081183798826885e+01
6.866365388321716523e+01
7.512281073684501109e+01
6.879419150190581433e+01
7.077677550342902180e+01
6.977001960213040377e+01
1.117007559761370885e+02
1.129823673648372022e+02
6.818612112008823090e+01
6.642817526084087376e+01
7.310522605531798490e+01
8.076643277678073218e+01
6.993709037877013657e+01
7.028296623820742184e+01
7.659341347982025638e+01
9.916830949284286589e+01
6.872661211636689416e+01
7.006642211629485928e+01
6.951884092368207746e+01
1.187748101958515434e+02
1.137740625465502120e+02
7.286775792721299183e+01
7.555518051477667996e+01
6.765843457644925252e+01
6.908866675151526238e+01
7.074961855831050173e+01
6.941057679946239034e+01
6.797214935686851334e+01
6.854072895965373391e+01
7.010691540319039916e+01
7.932443033072952687e+01
7.320165330735217424e+01
9.420807138879310116e+01
7.182906500865463784e+01
7.825617968582272965e+01
7.355295463360882025e+01
6.998871072862208109e+01
7.246274069579656896e+01
7.321219989171592601e+01
7.570064481042946625e+01
9.481634834333885919e+01
6.951707896038432466e+01
7.720080911951637859e+01
6.909808792647631037e+01
8.043619238578556008e+01
6.982018650040711805e+01
6.869405816146023369e+01
9.238318616711775633e+01
7.096606702264321598e+01
7.689695800845133533e+01
1.121429626188882054e+02
9.460191347265467243e+01
7.069249795416291704e+01
7.124645461612009001e+01
6.984154675269971335e+01
9.295240621982861740e+01
7.089811629589341635e+01
7.221722571295566695e+01
6.728436424846890418e+01
9.646905492080090028e+01
9.209888166995499148e+01
7.348405988200401850e+01
6.861604559725620334e+01
6.902361307667135293e+01
