2.213016763719461721e+02
1.763271585788491507e+02
1.735375429590041847e+02
2.250487755703810819e+02
2.418651676284353300e+02
1.753371480231209318e+02
2.298939705434653433e+02
3.367342914821435329e+02
1.861039370709693799e+02
2.302748620442554568e+02
2.130003573719092174e+02
2.290417847529212168e+02
2.010420381009111850e+02
2.027024536908352843e+02
2.097654612136697665e+02
2.391019515589331377e+02
2.808490999149081517e+02
2.609626615069311697e+02
3.348302666645768682e+02
2.382342633593736991e+02
1.166203653829650619e+02
1.325195586270098715e+02
2.005561342595188137e+02
1.208428755299002688e+02
1.532130635197959521e+02
1.475165270068751227e+02
1.201170979234833709e+02
2.057518118880136626e+02
1.212854192403867302e+02
1.147244684597383610e+02
2.224351704781331023e+02
2.443772137207242281e+02
2.055275337624790950e+02
2.107588581111705821e+02
2.233527846512706390e+02
2.498292910128660935e+02
4.156850726077393574e+02
2.361675114058404290e+02
3.514297279361650794e+02
2.655784689940169301e+02
1.104177495566362666e+02
9.071165616015484545e+01
1.076094745284766248e+02
4.971942584952122957e+01
2.579925888764211663e+02
1.098487121797177650e+02
1.268947929223787554e+02
1.321463263319332100e+02
2.061630234458290261e+02
1.521280757461896940e+02
1.479882424111478656e+02
3.202597445920785049e+02
1.792282902396457587e+02
1.751955978757782475e+02
2.371604711521000866e+02
2.104250167298968108e+02
2.316628630166595997e+02
3.190188834754882237e+02
2.262741130416318356e+02
1.798347389709489619e+02
1.863245424669008514e+02
1.697854725258459041e+02
2.531115061918552840e+02
1.352856552025395445e+02
2.340498784830940338e+02
2.387640454329801685e+02
2.517671723412549909e+02
2.329332327614777682e+02
2.728115117085307020e+02
1.360030228523299058e+02
2.313045178094400285e+02
2.430392083832261392e+02
1.890798137208836351e+02
2.100351478888356951e+02
1.370126509071710075e+02
1.416270777550667503e+02
2.851706785523814460e+02
1.852177389318529492e+02
3.166666248012400047e+02
2.739450333491732295e+02
1.702248173868407548e+02
1.281538466634902420e+02
2.264873770831775346e+02
1.061936419544908006e+02
1.452432750873918792e+02
1.164874079987450415e+02
2.034345262536939458e+02
2.882580828700089342e+02
1.571945291896461470e+02
1.501132281281891778e+02
2.523998662636757615e+02
2.461865689333239686e+02
2.530182000096094157e+02
1.524757318980633727e+02
1.705224674197399963e+02
1.970751385884030356e+02
1.583855772307196048e+02
1.363911993056107121e+02
2.471826411038067022e+02
2.042165299348548899e+02
2.643752729909909363e+02
2.544352112054153565e+02
3.007911604908509844e+02
2.618690695917379117e+02
2.356255323415117573e+02
3.799984432208218550e+02
2.957965685328730387e+02
1.642820731967524353e+02
3.373319598740137621e+02
2.594722252387238655e+02
2.520717264844806209e+02
2.803322648174457754e+02
1.876827239054179870e+02
3.105842959410364870e+02
1.949000070661728614e+02
1.614463982315416501e+02
2.539792083272867274e+02
2.465780208046040229e+02
1.969633974037190569e+02
4.880088190976392184e+02
3.888047654754362270e+02
2.175669161087079999e+02
2.522819950030517191e+02
2.698892753601375034e+02
2.537015980761949550e+02
5.414923185244927026e+02
2.738362310017698178e+02
2.627738719325267880e+02
2.540699611274671099e+02
2.962594754208545282e+02
4.067272066359299743e+02
3.999986733044482321e+02
3.995505320705565850e+02
2.571488216352986456e+02
2.610714901726681774e+02
2.499617159174265737e+02
1.630875331255565186e+02
2.640517598534424906e+02
2.468611692389692962e+02
2.730881498573564841e+02
1.866452173257954712e+02
1.658521036498275691e+02
1.455816629888128091e+02
1.735030655357074920e+02
2.582611419620431548e+02
2.860616359701390934e+02
2.921325396934217906e+02
2.870887474646336841e+02
4.239272521302353312e+02
3.231336327224486240e+02
2.704741861317153848e+02
3.281329913999953192e+02
1.766832952632609022e+02
2.415491517237254300e+02
3.918077531286926387e+02
1.580367569927070122e+02
3.412756443066558063e+02
2.398651198070515420e+02
1.744924437778181527e+02
2.688309956262956462e+02
4.130264297966174922e+02
2.481593062437530079e+02
3.786412449389082440e+02
2.526421237001880797e+02
5.365355125789768636e+02
5.337286948056613483e+02
5.574957958673646772e+02
2.950190791486137414e+02
2.370474735362148522e+02
2.644846513798747765e+02
2.214166866462474559e+02
2.832739043587014294e+02
1.752057538124684584e+02
4.084193010234829444e+02
1.624359613375192453e+02
4.627926545574309785e+02
3.751611117038324323e+02
3.734383167984788088e+02
4.952604927422112837e+02
3.279794860431439361e+02
5.958752540641614814e+02
2.845864732359194704e+02
3.751463600097779931e+02
2.588471305519228167e+02
5.555824283197374598e+02
2.732432964999600244e+02
5.399268202097775884e+02
3.018889234211621897e+02
2.728541157972925930e+02
6.215653307030613632e+02
3.292472184927402168e+02
2.994494704649160894e+02
3.271274068552068002e+02
2.618388956779041337e+02
4.140531811720941846e+02
2.816749684545778791e+02
2.639564379059672774e+02
2.452512295141065124e+02
4.012494030395574214e+02
2.746602192915816545e+02
6.315398866965532534e+02
2.900240843454231481e+02
5.341596217797558666e+02
3.698432587355137571e+02
2.830664119363830764e+02
2.623170762191107883e+02
3.868780142902548960e+02
3.432320037103231130e+02
4.390963510892308364e+02
2.932456456203732955e+02
4.630607357039505700e+02
1.668636543156682421e+02
5.155582141386366857e+02
4.792547033786779025e+02
1.676372433343129273e+02
4.606868865327761000e+02
1.786061543739531317e+02
5.147924995465726852e+02
1.974598310599062074e+02
5.291008185140559590e+02
1.724476337035392248e+02
4.298975839143724897e+02
2.903981665215281396e+02
2.774786869282947350e+02
1.784715979094548288e+02
1.781453974543692595e+02
5.505259449967309138e+02
5.525199166676874256e+02
2.964490658423060836e+02
2.257431552117345746e+02
1.801000000000000000e+03
4.229344977558866390e+02
2.889661775240070369e+02
3.027025715933505126e+02
3.583968853015054492e+02
5.444127535422895789e+02
3.763630537436005170e+02
2.681109496371580576e+02
3.330443273347958666e+02
2.849094546697687065e+02
1.959009708138889891e+02
5.979961884956956055e+02
3.365558526674374775e+02
2.729029117058590828e+02
4.587919195617215564e+02
1.922071664572087286e+02
3.863002002966499617e+02
3.923278245056608853e+02
2.233457172524404086e+02
3.876719220618161330e+02
6.309213053889747016e+02
6.569973625669978219e+02
2.924262460723005006e+02
6.121882729748481324e+02
2.841289184360870763e+02
3.492728997437176872e+02
6.183331385129504270e+02
2.795628970351590397e+02
5.793317595878475004e+02
1.803000000000000000e+03
3.023912950098608690e+02
2.884708257107420764e+02
2.901120917184937866e+02
1.806000000000000000e+03
2.364720123709511483e+02
1.812000000000000000e+03
1.808000000000000000e+03
1.817000000000000000e+03
1.805000000000000000e+03
1.802000000000000000e+03
6.381518111926012580e+02
1.942344123598480223e+02
3.823062160986686990e+02
2.038302506145045356e+02
3.340319853904060210e+02
1.809000000000000000e+03
3.002495503101757208e+02
1.801000000000000000e+03
1.820000000000000000e+03
6.014999625034437258e+02
1.801000000000000000e+03
3.379279574762791754e+02
1.815000000000000000e+03
6.192315889898333126e+02
1.816000000000000000e+03
6.778066763756432920e+02
1.810000000000000000e+03
2.322869653101477923e+02
6.929602758802424205e+02
3.165729761935991178e+02
2.038507062809011927e+02
1.916980810253981815e+02
1.811000000000000000e+03
3.093745305499051597e+02
2.663016153956352241e+02
3.154330191522245173e+02
1.811000000000000000e+03
1.810000000000000000e+03
5.331989583350284647e+02
1.802000000000000000e+03
1.810000000000000000e+03
3.108600364223178190e+02
2.844906746300362670e+02
3.471426746290269989e+02
1.805000000000000000e+03
1.801000000000000000e+03
2.190562719430731988e+02
2.897380691312829981e+02
7.714748644410342422e+02
1.989006756812045182e+02
3.253480425619628136e+02
1.892309487539396287e+02
1.811000000000000000e+03
4.308877531094437359e+02
3.361892985876368130e+02
1.814000000000000000e+03
1.808000000000000000e+03
5.683639357710884497e+02
1.812000000000000000e+03
1.987131579146597460e+02
3.099527087528709899e+02
3.102036456588647866e+02
2.805105480063757568e+02
1.804000000000000000e+03
4.140220651618507759e+02
1.802000000000000000e+03
1.989243926058738339e+02
2.954331307983960073e+02
1.808000000000000000e+03
1.809000000000000000e+03
1.815000000000000000e+03
1.805000000000000000e+03
3.304742515093187194e+02
5.244370888858398985e+02
1.805000000000000000e+03
1.804000000000000000e+03
1.813000000000000000e+03
2.062244149484345712e+02
2.196353473558963572e+02
1.814000000000000000e+03
1.818000000000000000e+03
1.807000000000000000e+03
1.800000000000000000e+03
1.836000000000000000e+03
2.990408561244942121e+02
7.185224986032612833e+02
3.857183513802918924e+02
1.809000000000000000e+03
6.304673200372268411e+02
3.571475667291343825e+02
5.632958820838788370e+02
1.809000000000000000e+03
5.518321224731095072e+02
3.730657909425648313e+02
2.977126122749258457e+02
1.804000000000000000e+03
1.855000000000000000e+03
1.840000000000000000e+03
1.814000000000000000e+03
3.099710134109059823e+02
6.402139284694630987e+02
3.122369907691688127e+02
1.812000000000000000e+03
1.813000000000000000e+03
5.479380838565050453e+02
4.440067467755215489e+02
5.525025188809592009e+02
1.807000000000000000e+03
3.079657821266243332e+02
2.183735570556864047e+02
7.014340564263441138e+02
1.807000000000000000e+03
1.818000000000000000e+03
3.116756633224785560e+02
2.018557828774987115e+02
1.846000000000000000e+03
1.811000000000000000e+03
5.561820798179651320e+02
1.819000000000000000e+03
7.395933897620706148e+02
2.213558047548931711e+02
1.825000000000000000e+03
3.122235889746931434e+02
1.821000000000000000e+03
2.132471734372131777e+02
1.847000000000000000e+03
1.853000000000000000e+03
1.854000000000000000e+03
2.195201917786302204e+02
1.854000000000000000e+03
2.131200827286127719e+02
7.791750236099469475e+02
1.828000000000000000e+03
1.828000000000000000e+03
1.830000000000000000e+03
2.780924747387524576e+02
1.817000000000000000e+03
2.065010326297809513e+02
6.585083371910077403e+02
1.821000000000000000e+03
1.823000000000000000e+03
1.852000000000000000e+03
1.825000000000000000e+03
6.624219745309203518e+02
1.824000000000000000e+03
1.825000000000000000e+03
1.823000000000000000e+03
2.086364717990454096e+02
1.829000000000000000e+03
1.837000000000000000e+03
1.824000000000000000e+03
1.826000000000000000e+03
3.309431969093880639e+02
3.175259357533166167e+02
1.825000000000000000e+03
2.171249805356606259e+02
2.194665322112845445e+02
1.827000000000000000e+03
3.060481383230834922e+02
1.810000000000000000e+03
3.072549235188153602e+02
1.844000000000000000e+03
6.564585453500850463e+02
2.091548462069232812e+02
2.981696851401732715e+02
1.822000000000000000e+03
2.156449946594736389e+02
2.299126641361450538e+02
1.823000000000000000e+03
2.118772081271463037e+02
1.826000000000000000e+03
1.851000000000000000e+03
1.843000000000000000e+03
1.827000000000000000e+03
6.160974171729998261e+02
1.808000000000000000e+03
1.828000000000000000e+03
1.824000000000000000e+03
1.820000000000000000e+03
5.651038148494984625e+02
1.819000000000000000e+03
1.843000000000000000e+03
1.846000000000000000e+03
1.824000000000000000e+03
1.818000000000000000e+03
1.825000000000000000e+03
3.375516850383810947e+02
6.850823207958707144e+02
2.218011056438134574e+02
1.819000000000000000e+03
3.770547373737088606e+02
3.090418898003039203e+02
1.827000000000000000e+03
3.152019348697442069e+02
3.082015685339339370e+02
1.858000000000000000e+03
1.822000000000000000e+03
1.826000000000000000e+03
1.832000000000000000e+03
1.844000000000000000e+03
3.166763265429854641e+02
2.253521454724939588e+02
1.826000000000000000e+03
1.848000000000000000e+03
3.181760344682892878e+02
1.827000000000000000e+03
1.829000000000000000e+03
1.854000000000000000e+03
1.840000000000000000e+03
4.311050736688757183e+02
3.231977441447357933e+02
1.827000000000000000e+03
1.819000000000000000e+03
1.827000000000000000e+03
2.996853514619597831e+02
3.104151771435442697e+02
1.841000000000000000e+03
1.843000000000000000e+03
1.844000000000000000e+03
2.224100786407721557e+02
2.127729344379665122e+02
1.823000000000000000e+03
2.159127160855808825e+02
3.211828530793492860e+02
1.827000000000000000e+03
1.822000000000000000e+03
2.974347071327981666e+02
1.854000000000000000e+03
1.825000000000000000e+03
1.825000000000000000e+03
1.849000000000000000e+03
1.851000000000000000e+03
7.342859626921755307e+02
2.248855230813701951e+02
1.826000000000000000e+03
3.232529536362223439e+02
1.825000000000000000e+03
1.829000000000000000e+03
1.828000000000000000e+03
1.848000000000000000e+03
1.815000000000000000e+03
1.858000000000000000e+03
1.825000000000000000e+03
2.193204076132533373e+02
6.015218664658955277e+02
2.223727565228547860e+02
1.825000000000000000e+03
3.268069136890678692e+02
2.955703558992307762e+02
1.847000000000000000e+03
1.854000000000000000e+03
1.820000000000000000e+03
1.825000000000000000e+03
1.824000000000000000e+03
1.812000000000000000e+03
1.843000000000000000e+03
1.854000000000000000e+03
1.833000000000000000e+03
1.826000000000000000e+03
1.827000000000000000e+03
1.846000000000000000e+03
3.217995182088740762e+02
1.816000000000000000e+03
1.850000000000000000e+03
3.013621277789746955e+02
1.841000000000000000e+03
1.854000000000000000e+03
2.140258157092474107e+02
2.267571069062315985e+02
1.825000000000000000e+03
2.186419268379816572e+02
1.819000000000000000e+03
1.826000000000000000e+03
1.848000000000000000e+03
3.109702197296903137e+02
2.155185725000624188e+02
1.824000000000000000e+03
1.826000000000000000e+03
1.828000000000000000e+03
3.268461831969527225e+02
1.827000000000000000e+03
2.205135986287056937e+02
4.100466749620110249e+02
6.321006131206344207e+02
1.830000000000000000e+03
1.846000000000000000e+03
1.822000000000000000e+03
1.826000000000000000e+03
1.823000000000000000e+03
1.846000000000000000e+03
1.827000000000000000e+03
1.855000000000000000e+03
3.233226359437002770e+02
7.570591983820020232e+02
1.829000000000000000e+03
1.832000000000000000e+03
1.862000000000000000e+03
1.831000000000000000e+03
1.827000000000000000e+03
1.824000000000000000e+03
2.212748087475815737e+02
2.247203461221458554e+02
1.830000000000000000e+03
1.828000000000000000e+03
1.859000000000000000e+03
1.826000000000000000e+03
1.824000000000000000e+03
1.830000000000000000e+03
2.240433527808139331e+02
1.831000000000000000e+03
3.536120224864245074e+02
1.823000000000000000e+03
1.856000000000000000e+03
1.828000000000000000e+03
3.291205501475170081e+02
3.254312095871958377e+02
1.849000000000000000e+03
1.821000000000000000e+03
1.861000000000000000e+03
1.831000000000000000e+03
1.862000000000000000e+03
3.206514689834922365e+02
3.147926955762960688e+02
1.822000000000000000e+03
1.830000000000000000e+03
1.828000000000000000e+03
1.829000000000000000e+03
1.833000000000000000e+03
7.020131404819044292e+02
1.827000000000000000e+03
1.829000000000000000e+03
1.858000000000000000e+03
1.858000000000000000e+03
1.823000000000000000e+03
1.828000000000000000e+03
1.822000000000000000e+03
3.226556753813329692e+02
1.861000000000000000e+03
2.284699340468730497e+02
1.859000000000000000e+03
1.826000000000000000e+03
1.856000000000000000e+03
1.863000000000000000e+03
1.831000000000000000e+03
1.858000000000000000e+03
1.827000000000000000e+03
2.254599277954940817e+02
1.832000000000000000e+03
1.865000000000000000e+03
1.829000000000000000e+03
2.285408331201422811e+02
2.250709108741446869e+02
1.827000000000000000e+03
1.826000000000000000e+03
1.834000000000000000e+03
1.855000000000000000e+03
1.831000000000000000e+03
1.831000000000000000e+03
2.190498676468077122e+02
1.827000000000000000e+03
1.834000000000000000e+03
1.824000000000000000e+03
1.838000000000000000e+03
1.833000000000000000e+03
1.828000000000000000e+03
1.833000000000000000e+03
1.835000000000000000e+03
1.829000000000000000e+03
1.834000000000000000e+03
1.827000000000000000e+03
1.834000000000000000e+03
1.831000000000000000e+03
1.835000000000000000e+03
1.834000000000000000e+03
1.834000000000000000e+03
5.391291257609278773e+02
1.829000000000000000e+03
1.834000000000000000e+03
1.825000000000000000e+03
1.826000000000000000e+03
8.316048567600994375e+02
8.347052765872340387e+02
7.992313138978435063e+02
3.310590824259533065e+02
7.221390964084743018e+02
1.835000000000000000e+03
1.835000000000000000e+03
1.825000000000000000e+03
1.832000000000000000e+03
1.835000000000000000e+03
3.220265813694772987e+02
1.834000000000000000e+03
1.830000000000000000e+03
1.833000000000000000e+03
1.834000000000000000e+03
1.836000000000000000e+03
1.833000000000000000e+03
1.834000000000000000e+03
1.833000000000000000e+03
1.833000000000000000e+03
6.499011337324991473e+02
8.420913647327068929e+02
1.831000000000000000e+03
1.836000000000000000e+03
1.834000000000000000e+03
1.830000000000000000e+03
3.278717290258832122e+02
1.834000000000000000e+03
1.832000000000000000e+03
3.239078727641522164e+02
1.829000000000000000e+03
6.748807751444956011e+02
1.829000000000000000e+03
1.832000000000000000e+03
1.834000000000000000e+03
6.927503515177638747e+02
1.835000000000000000e+03
1.832000000000000000e+03
1.833000000000000000e+03
1.832000000000000000e+03
1.833000000000000000e+03
1.834000000000000000e+03
7.837164754418278108e+02
1.832000000000000000e+03
1.832000000000000000e+03
1.835000000000000000e+03
1.862000000000000000e+03
1.826000000000000000e+03
1.833000000000000000e+03
1.865000000000000000e+03
1.834000000000000000e+03
1.834000000000000000e+03
1.862000000000000000e+03
1.834000000000000000e+03
1.834000000000000000e+03
1.836000000000000000e+03
1.833000000000000000e+03
6.880257270881089653e+02
1.834000000000000000e+03
1.834000000000000000e+03
1.834000000000000000e+03
6.899527231902798121e+02
3.274163656247731069e+02
1.835000000000000000e+03
1.835000000000000000e+03
1.833000000000000000e+03
7.655723676111578015e+02
1.833000000000000000e+03
1.834000000000000000e+03
1.832000000000000000e+03
1.834000000000000000e+03
1.838000000000000000e+03
7.966536310373870720e+02
7.347387167797076017e+02
1.829000000000000000e+03
1.834000000000000000e+03
1.832000000000000000e+03
1.827000000000000000e+03
1.832000000000000000e+03
1.832000000000000000e+03
1.834000000000000000e+03
1.856000000000000000e+03
1.833000000000000000e+03
1.830000000000000000e+03
1.830000000000000000e+03
1.833000000000000000e+03
1.865000000000000000e+03
1.836000000000000000e+03
1.834000000000000000e+03
1.834000000000000000e+03
1.833000000000000000e+03
1.867000000000000000e+03
1.833000000000000000e+03
6.811341838536968680e+02
1.828000000000000000e+03
6.299158043235131572e+02
1.832000000000000000e+03
1.834000000000000000e+03
1.835000000000000000e+03
1.833000000000000000e+03
1.835000000000000000e+03
1.835000000000000000e+03
1.828000000000000000e+03
1.832000000000000000e+03
1.832000000000000000e+03
1.833000000000000000e+03
1.831000000000000000e+03
7.724340823555411362e+02
3.278672761010199110e+02
1.833000000000000000e+03
1.830000000000000000e+03
3.208187328311043416e+02
1.832000000000000000e+03
1.833000000000000000e+03
1.834000000000000000e+03
3.284052935270583475e+02
1.833000000000000000e+03
7.122138791945158118e+02
1.833000000000000000e+03
1.826000000000000000e+03
1.835000000000000000e+03
3.197065925740616308e+02
1.831000000000000000e+03
1.833000000000000000e+03
6.819409144385467698e+02
8.307649068022940355e+02
1.825000000000000000e+03
1.832000000000000000e+03
7.603235847093263828e+02
1.830000000000000000e+03
7.926481547064038296e+02
1.834000000000000000e+03
1.834000000000000000e+03
1.826000000000000000e+03
7.263309619499142400e+02
1.834000000000000000e+03
1.834000000000000000e+03
1.834000000000000000e+03
1.832000000000000000e+03
1.830000000000000000e+03
1.835000000000000000e+03
1.834000000000000000e+03
3.233068006327980584e+02
6.746675551548900103e+02
1.835000000000000000e+03
1.859000000000000000e+03
1.832000000000000000e+03
1.832000000000000000e+03
6.821302609520841997e+02
1.836000000000000000e+03
1.834000000000000000e+03
3.290115660099540946e+02
1.832000000000000000e+03
1.824000000000000000e+03
6.000453301367961103e+02
2.287028638351925167e+02
1.867000000000000000e+03
1.834000000000000000e+03
7.346721991778725851e+02
8.172821846914656589e+02
1.826000000000000000e+03
6.980709457131760018e+02
1.834000000000000000e+03
1.826000000000000000e+03
6.968649526649030577e+02
1.834000000000000000e+03
1.833000000000000000e+03
6.357186448034440218e+02
1.824000000000000000e+03
7.954412725797576513e+02
1.834000000000000000e+03
3.609635451615091029e+02
1.834000000000000000e+03
1.834000000000000000e+03
1.827000000000000000e+03
1.832000000000000000e+03
8.334929554488724079e+02
1.834000000000000000e+03
1.833000000000000000e+03
1.832000000000000000e+03
1.834000000000000000e+03
1.833000000000000000e+03
1.857000000000000000e+03
3.244766223938866005e+02
1.834000000000000000e+03
1.835000000000000000e+03
1.832000000000000000e+03
1.832000000000000000e+03
1.832000000000000000e+03
3.236391622249746547e+02
1.835000000000000000e+03
1.834000000000000000e+03
1.833000000000000000e+03
1.835000000000000000e+03
1.834000000000000000e+03
1.833000000000000000e+03
8.274285313728272513e+02
1.831000000000000000e+03
1.832000000000000000e+03
3.884873455681338328e+02
1.830000000000000000e+03
6.520096308998768109e+02
1.833000000000000000e+03
7.143526055736145963e+02
1.830000000000000000e+03
7.491528369078207561e+02
1.833000000000000000e+03
1.833000000000000000e+03
1.831000000000000000e+03
1.830000000000000000e+03
1.828000000000000000e+03
1.835000000000000000e+03
1.833000000000000000e+03
7.927159192801275367e+02
3.260668768981764174e+02
1.837000000000000000e+03
1.833000000000000000e+03
3.279152906648428711e+02
3.314292339588564573e+02
1.834000000000000000e+03
1.833000000000000000e+03
1.865000000000000000e+03
1.834000000000000000e+03
1.833000000000000000e+03
1.867000000000000000e+03
1.827000000000000000e+03
1.835000000000000000e+03
1.830000000000000000e+03
7.841627618262509714e+02
1.834000000000000000e+03
7.172541748215794541e+02
1.836000000000000000e+03
1.839000000000000000e+03
1.835000000000000000e+03
1.837000000000000000e+03
7.168359315571520938e+02
6.868563109229510246e+02
1.835000000000000000e+03
7.056555583904680589e+02
1.835000000000000000e+03
2.955616779397442997e+02
1.877000000000000000e+03
1.870000000000000000e+03
1.804000000000000000e+03
1.843000000000000000e+03
1.874000000000000000e+03
1.877000000000000000e+03
7.589202322701480625e+02
1.868000000000000000e+03
6.569580607868987272e+02
7.542125027855084909e+02
1.878000000000000000e+03
8.099750726723626713e+02
1.876000000000000000e+03
1.876000000000000000e+03
1.876000000000000000e+03
1.844000000000000000e+03
7.321639001499170263e+02
6.658052558770586984e+02
1.876000000000000000e+03
1.875000000000000000e+03
1.875000000000000000e+03
1.870000000000000000e+03
1.876000000000000000e+03
1.877000000000000000e+03
7.059755188547175067e+02
8.143650924604830834e+02
1.870000000000000000e+03
6.933737888911369964e+02
1.844000000000000000e+03
1.843000000000000000e+03
1.876000000000000000e+03
1.877000000000000000e+03
6.457168592179717734e+02
1.845000000000000000e+03
1.876000000000000000e+03
7.825027711781093558e+02
1.877000000000000000e+03
6.566349950055634963e+02
1.842000000000000000e+03
1.878000000000000000e+03
1.874000000000000000e+03
1.879000000000000000e+03
1.832000000000000000e+03
1.880000000000000000e+03
1.879000000000000000e+03
1.880000000000000000e+03
1.832000000000000000e+03
1.875000000000000000e+03
1.877000000000000000e+03
1.874000000000000000e+03
1.875000000000000000e+03
1.824000000000000000e+03
1.824000000000000000e+03
1.877000000000000000e+03
1.881000000000000000e+03
1.826000000000000000e+03
1.880000000000000000e+03
1.874000000000000000e+03
1.878000000000000000e+03
1.878000000000000000e+03
1.879000000000000000e+03
8.428315388646195743e+02
8.166494126460838743e+02
1.879000000000000000e+03
1.882000000000000000e+03
1.877000000000000000e+03
1.872000000000000000e+03
1.879000000000000000e+03
1.879000000000000000e+03
1.875000000000000000e+03
1.824000000000000000e+03
1.875000000000000000e+03
1.879000000000000000e+03
1.878000000000000000e+03
8.569378634481098516e+02
8.270278077160367047e+02
1.878000000000000000e+03
1.875000000000000000e+03
1.879000000000000000e+03
1.881000000000000000e+03
1.880000000000000000e+03
1.881000000000000000e+03
1.878000000000000000e+03
1.878000000000000000e+03
1.881000000000000000e+03
1.872000000000000000e+03
1.877000000000000000e+03
1.831000000000000000e+03
1.879000000000000000e+03
1.875000000000000000e+03
1.877000000000000000e+03
1.881000000000000000e+03
1.877000000000000000e+03
1.878000000000000000e+03
1.874000000000000000e+03
1.831000000000000000e+03
1.878000000000000000e+03
1.874000000000000000e+03
1.881000000000000000e+03
1.873000000000000000e+03
1.881000000000000000e+03
1.879000000000000000e+03
1.834000000000000000e+03
1.874000000000000000e+03
1.875000000000000000e+03
8.032237191869508024e+02
1.831000000000000000e+03
1.880000000000000000e+03
1.880000000000000000e+03
1.881000000000000000e+03
1.837000000000000000e+03
1.880000000000000000e+03
1.879000000000000000e+03
1.883000000000000000e+03
1.829000000000000000e+03
1.838000000000000000e+03
1.876000000000000000e+03
1.882000000000000000e+03
1.876000000000000000e+03
