1.293059365110428738e+00
1.229346584411539656e+00
1.038201797893647971e+00
1.267123290570917993e+00
1.808812907721121022e+00
1.252754286414020868e+00
1.548889340457430430e+00
2.608232643826299491e+00
9.632363469779213760e-01
1.738204253159947976e+00
1.069227821095387165e+00
1.378865512061171916e+00
1.046487527085411928e+00
9.203356157862698783e-01
1.097945957857058730e+00
1.543877148456755499e+00
1.979640092404581386e+00
1.690810035650556875e+00
2.335763176975480082e+00
1.126280524275739214e+00
7.609814103075488445e-01
7.321184693788493902e-01
1.753550239615871975e+00
1.019961674017415776e+00
1.433223557203151755e+00
1.204567092240216519e+00
8.055537662174184765e-01
1.325070337849800772e+00
5.828941671810737857e-01
5.461080426956128608e-01
6.830772422531393717e-01
1.266451494499663655e+00
6.979685432005882095e-01
1.300724160847198663e+00
3.933250916213673065e-01
1.236402077362819707e+00
3.038130364544086692e+00
1.650121882180676014e+00
2.309499359754385583e+00
1.965236775572691830e+00
3.656891076348497971e-01
4.364047527001039817e-01
5.004857731951931621e-01
4.540916719407120938e-01
1.691769580643761373e+00
6.558463930723842372e-01
6.950617483036760635e-01
7.134701776652687677e-01
1.527284964038663873e+00
1.001259453862175075e+00
7.688590668547267137e-01
1.951341062029812390e+00
9.428302664215679751e-01
8.253476768392116192e-01
1.254186014510608516e+00
7.293870158552536731e-01
1.094532229486870678e+00
2.099670270878533529e+00
5.878064984746746990e-01
6.797875366630240501e-01
9.453369387143620850e-01
8.560698678516041049e-01
9.611632479218991110e-01
3.434428181661601243e-01
1.306604007056967776e+00
1.095746031066205939e+00
9.666538417852517107e-01
1.212370313605573457e+00
1.740447881096008675e+00
5.356202051391699692e-01
6.314274962145142167e-01
1.399205977525322719e+00
8.467819157254234952e-01
6.497391799113509947e-01
8.659492652359420672e-01
6.119494203555517764e-01
1.670474105362717232e+00
7.801381831039253534e-01
1.878960799591734787e+00
1.500400623491897845e+00
6.470524481285699903e-01
4.782348305817381573e-01
1.109667017840879844e+00
6.017620797527554188e-01
5.733931401708382003e-01
4.089791771579308621e-01
9.897618178834621805e-01
1.354033539692755861e+00
6.084606658771851695e-01
3.745575608782895083e-01
1.754041384493025602e+00
1.787273665703122072e+00
1.159443189616631953e+00
6.378084578351664868e-01
8.749422733964974386e-01
1.147634119539653996e+00
4.173576159231757732e-01
3.136415809826465506e-01
4.259337407557061694e-01
7.251510225120874065e-01
6.108812868435347099e-01
1.082380370075563425e+00
1.934815236235418290e+00
1.495889337103241568e+00
1.481282490333775570e+00
2.189899368375192612e+00
1.951474133138252576e+00
5.088471528867862803e-01
2.072161492371726865e+00
1.076071813413131961e+00
8.071485719353149735e-01
1.582234298321178123e+00
6.831540118504649817e-01
1.702565375846443185e+00
9.066508439949472198e-01
2.982309316992429737e-01
6.075909764649799483e-01
9.931479914944035814e-01
7.331100328840879365e-01
2.650315900839595784e+00
2.266894047054845540e+00
6.558194990008546776e-01
9.575244871546678693e-01
1.268008071993634189e+00
9.833114554965891596e-01
3.065745248094291497e+00
1.412709105345079763e+00
1.248850189838907498e+00
2.990215463261934881e-01
1.690826962028562086e+00
2.219924034734841012e+00
2.427370751765207224e+00
2.508776489345808436e+00
5.294122585764181599e-01
3.580167414112578328e-01
5.305559705403104509e-01
3.738157643625397153e-01
1.022181332230831963e+00
1.243018166467263041e+00
1.562344225622580796e+00
7.139630309815299114e-01
7.500051314147503367e-01
4.891672985312641719e-01
2.556951753664910565e-01
1.437455746480341245e+00
1.380775370702933991e+00
1.747965364193750704e+00
1.394593154804300017e+00
2.376761199523748314e+00
1.540828440538724031e+00
3.811828927500074959e-01
1.969286006706695069e+00
6.601841480017953678e-01
3.154179365944098090e-01
2.224276809248100228e+00
3.600210530061205838e-01
1.683127484912564364e+00
1.171880752445429108e+00
4.144568645624705505e-01
7.547367528593768027e-01
2.264443214188069486e+00
1.277787151326857717e+00
2.145244376749688708e+00
1.117731330219771113e+00
3.012908122116076282e+00
2.911388669558065079e+00
3.062393133696402092e+00
1.649026137230934275e+00
1.359838788341309446e+00
6.308790695514858715e-01
8.137215365239712783e-01
5.818893504656945659e-01
5.450042607241331050e-01
2.232251712245069797e+00
6.635424901303158540e-01
2.575949772858857401e+00
2.345468121027566522e+00
2.301380807817304586e+00
2.864440357195060294e+00
2.082614616639749450e+00
3.396646777891284330e+00
1.299273600631918546e+00
2.417327881704296022e+00
4.650170905536574750e-01
3.007545727251620615e+00
7.982777242399217155e-01
2.968583361718525548e+00
1.355489087885826560e+00
1.406301633237926563e+00
3.353421087718023053e+00
1.875102707849205741e+00
1.424233901454222684e+00
1.865613029638401477e+00
1.222073243478229321e+00
2.623860776809797901e+00
9.699635518215581342e-01
6.288707837958632529e-01
1.228594216119165194e+00
2.608436102419266600e+00
5.430071570190938557e-01
3.727552016067986251e+00
1.708973853478338967e+00
2.861100264044923680e+00
2.357431251234293867e+00
9.157356995004787281e-01
1.219646886398893626e+00
2.495452362043364403e+00
2.041987100990215076e+00
2.472031061654725193e+00
1.570290269338639355e+00
2.578918272182495919e+00
2.684527423530324586e-01
2.825192058074833756e+00
2.703999908769722627e+00
4.093181700072432427e-01
2.537594104900881220e+00
5.273047648187831893e-01
2.870886487960884637e+00
6.796438819022727618e-01
3.167589384324284385e+00
5.069149579843723608e-01
2.412037963571492138e+00
6.165970559225408820e-01
5.608535000286253291e-01
1.958188973269608391e-01
8.614808847538091285e-01
2.955143508230286375e+00
3.269730441709637780e+00
1.623894744031310733e+00
8.724483909854435781e-01
3.703587979294179267e+00
2.631199488703174882e+00
5.938925616464634238e-01
1.062716276733647325e+00
1.725065996853913264e+00
3.064024176923912268e+00
2.029855845536503445e+00
3.558844828795650894e-01
1.806865306704188212e+00
6.098795208070716400e-01
3.874359327370874295e-01
3.374328295276204592e+00
1.706135723503509949e+00
4.212663745469086840e-01
2.837804760448904950e+00
2.687170521937522483e-01
2.257127211577144354e+00
2.112054765326501382e+00
8.343463379929612067e-01
1.692554445156317700e+00
3.558678589055187302e+00
3.655158855937969076e+00
8.448321555170419384e-01
3.369700855645548998e+00
8.399924197425823191e-01
1.458123358827855487e+00
3.585069848922767921e+00
3.831074034477129353e-01
3.290223630247413933e+00
3.631790902429446799e+00
6.597697415138898958e-01
3.664463281624228963e-01
9.902212427025895991e-01
3.694415731850841933e+00
7.218052221389567036e-01
3.713533078242017726e+00
3.601950347543407815e+00
4.011999212784882474e+00
3.486644663100502139e+00
3.617653077907376780e+00
3.352589866361266768e+00
2.902029825305947885e-01
1.950949148623892349e+00
3.237788748482323675e-01
1.167009850498299306e+00
3.894518941990335659e+00
8.719980369282995802e-01
3.396113283152494500e+00
3.999653987424591772e+00
3.228407873983974774e+00
3.582474980869188030e+00
1.666491756665478885e+00
3.560443187769690709e+00
3.747818136795266764e+00
3.770241516749992083e+00
3.585660190629043509e+00
3.889142778326354577e+00
6.389873631843757673e-01
3.727160322944705673e+00
1.318004030256796577e+00
1.531537141225462473e-01
1.952601230688928990e-01
3.925552940683556535e+00
9.333071475217442625e-01
8.825105819826631892e-01
8.926766451778378464e-01
3.646561349906668248e+00
3.632071331353918353e+00
3.076533035117824610e+00
3.724033867288155886e+00
3.859085935068562900e+00
3.584703808273665415e-01
6.115119841282347091e-01
1.316154401360128734e+00
3.335234148492840500e+00
3.636256746948272944e+00
8.470286301038895127e-01
6.365787383793626297e-01
3.660278092751266588e+00
1.829503472847878454e-01
1.798407324554153197e+00
4.259877994139328328e-01
3.989810049203456721e+00
2.599036225065607386e+00
1.543640049716421769e+00
3.822828007302308428e+00
3.781059243185438845e+00
3.157263241730344561e+00
3.750554567321259025e+00
5.110421336558632621e-01
9.400440509264985645e-01
5.456528891740137777e-01
1.104372264690569150e+00
3.775770269496016240e+00
2.310934997495768695e+00
3.874212228721307660e+00
4.585514883238879791e-01
1.024179076596636317e+00
3.597173690051810979e+00
3.633314852686193586e+00
4.037016534781479926e+00
3.775353324635277730e+00
1.667213586734719977e+00
2.936043643236492695e+00
3.575105782032524715e+00
3.651426274719312470e+00
3.984153518200063804e+00
3.235681472356208843e-01
5.111672653417389522e-01
3.974321377554624224e+00
3.883465574425285727e+00
3.786739743320078233e+00
3.442831789153830702e+00
2.267157661418474746e+00
6.466483644654615892e-01
3.550562580596402729e+00
2.182076379052888537e+00
3.705776456719417133e+00
3.415344456426377739e+00
1.796702803556036843e+00
3.227832932513763797e+00
3.793232479143530789e+00
3.008736780181177295e+00
1.733550589884054860e+00
4.037780169073172942e-01
3.570400761241161458e+00
2.372552779170055803e+00
2.289200707597974116e+00
4.040813695592395227e+00
6.916741600116627087e-01
3.312227298896825545e+00
7.920565044877700966e-01
3.801826616036048989e+00
3.792465817624563140e+00
3.041087971679690138e+00
2.625371402777292307e+00
3.132604050898750714e+00
3.804162690306274630e+00
7.866410258907897690e-01
4.029626540422669989e-01
3.460494395327235573e+00
3.628508152554073884e+00
3.979535964235670686e+00
5.638913910172915767e-01
2.271374763547584497e-01
2.405197503062540321e+00
3.600489363061219805e+00
3.205188223794627422e+00
3.976544295209101243e+00
4.574459422424686394e+00
7.281772562970920126e-02
3.856506095586075933e+00
5.980290616575332230e-01
3.592297124304993705e+00
2.766930386989005508e-01
2.314246466840739203e+00
2.372603883607880437e+00
2.419486442627555522e+00
6.494066115578555065e-01
2.499061204570448336e+00
3.254899557438512558e-01
3.917278548477630462e+00
4.085333920887624259e+00
4.104656350030389866e+00
3.720107820062882542e+00
7.276773541341488016e-01
3.542948530805769103e+00
1.609810500627008034e-01
3.592822994160028482e+00
3.697271634340772106e+00
3.645591927947710253e+00
2.431429671266407411e+00
3.613335889820797675e+00
3.540354275600306355e+00
3.811382922113679683e+00
3.734019896616912693e+00
3.588260093259450390e+00
2.197910819445434150e-01
4.061366685037451241e+00
2.208089064498466758e+00
3.754198340521718080e+00
3.877108878460423735e+00
1.500766669951166810e+00
6.183565435803336507e-01
3.624366460653984934e+00
2.783037875625803403e-01
2.930311189371271885e-01
3.929008702228009575e+00
4.794597306106005985e-01
3.477547041369045466e+00
1.195305457369806534e+00
2.216841672546279174e+00
3.547088910516211335e+00
3.971574640100818399e-01
1.249088706549477346e+00
3.610857881713563255e+00
4.636933893533621842e-01
5.070928010141225739e-01
3.705860414192421626e+00
4.590954591950365260e-01
4.006048429884545570e+00
2.455225721942307704e+00
2.260121533304578989e+00
3.788998217186063222e+00
3.607430206948852192e+00
3.356742822211121524e+00
3.771922228677363265e+00
3.663982685860167177e+00
3.550007713095765016e+00
3.431501226509353852e+00
3.703676260506278961e+00
2.330368758810451357e+00
2.416440284647724202e+00
3.794350512522558727e+00
3.677652238772437521e+00
3.781253678311430555e+00
1.733709144908111899e+00
3.269107708741779472e+00
3.707519621202013949e-01
3.700365162158458343e+00
1.927855423593620277e+00
5.767782193552379866e-01
3.908008568809392180e+00
4.472191208716811972e-01
6.001692447134301389e-01
2.654817338313553154e+00
3.799328101430378357e+00
3.922677830615997063e+00
4.073979717196143824e+00
2.121047466403579218e+00
3.970481640564589854e-01
5.491767255272675952e-01
3.874636503865963366e+00
2.334256470632392499e+00
6.899146909602198452e-01
3.747024614638288842e+00
3.906445980240653260e+00
2.295363931646370759e+00
2.215733909401929491e+00
2.277512045984683819e+00
7.240221221286463615e-01
4.051684797484403688e+00
3.727335982342460330e+00
3.647138022450330030e+00
1.161973939440624992e+00
6.038261432544935747e-01
2.159984048289611991e+00
2.327181773564927614e+00
2.376055454765984010e+00
3.658935218505259823e-01
2.304077900513768484e-01
3.884758736898783038e+00
5.153333715637752332e-01
6.778220376969567029e-01
4.115909006974646012e+00
3.686360317741117054e+00
4.871847940187742920e-01
2.453888053961755134e+00
3.849849878595288821e+00
4.007592502681403879e+00
2.328329524634563885e+00
2.297067177768119972e+00
3.794614420519964781e+00
3.752320037194978863e-01
3.673941005181990516e+00
6.269228646309980002e-01
3.991920182394289807e+00
3.852864896638927839e+00
3.957270482018550695e+00
2.355066456265708652e+00
3.581408390996458468e+00
2.649866949591412002e+00
3.779772356345637352e+00
3.230124712865194425e-01
3.322854566364177309e+00
3.508964279124657804e-01
3.811909859999627503e+00
1.468947866859644735e+00
9.897660425423310260e-01
2.473991909358705943e+00
2.296836064457406845e+00
3.657258524973800551e+00
4.151687284766271802e+00
4.086506241435553299e+00
3.443804375502982129e+00
2.304375715152299442e+00
2.290583849303398978e+00
2.222826483990473889e+00
3.899064923212306244e+00
3.698102009875842366e+00
2.191846533040621381e+00
6.739747940057477793e-01
3.530111082428015745e+00
2.302063996265729440e+00
1.196490280312883403e+00
2.402784462140184818e+00
2.551394340141929451e+00
3.488309763502456251e-01
1.477402940791299191e-01
3.847135047543649655e+00
4.384098477324588350e-01
3.671673743265912560e+00
3.752156238686092049e+00
2.370609520838859563e+00
5.245392811503942765e-01
4.375754693000965534e-01
4.059292082217726971e+00
3.939561779393720986e+00
3.897453724872169456e+00
7.143171413945508252e-01
4.014996606312693395e+00
2.218944859698821215e-01
2.185700389938722399e+00
3.525294905412862612e+00
3.858306172587196325e+00
2.296755505325618785e+00
3.862060589960639501e+00
4.095280500877803043e+00
3.842118646529020243e+00
2.313628841387483259e+00
3.712739110769938122e+00
2.300441185020234869e+00
1.503417876680558374e+00
3.891898448768519092e+00
3.696683892267729199e+00
3.963872303863796631e+00
2.587848419461423966e+00
3.972649983755800029e+00
3.894820223224325417e+00
3.537302822921161827e+00
4.511703052739113318e-01
3.527774701400410162e-01
3.840540534438834808e+00
3.973178053572328672e+00
2.399788951175094276e+00
3.769028636589421222e+00
3.584274243662050718e+00
4.158886358660578431e+00
3.056221371764007433e-01
4.029045361615364307e+00
1.693639057794468439e+00
3.592820664820465915e+00
2.438261781294660757e+00
3.962978234469602068e+00
6.893610683113751136e-01
6.776725153874654239e-01
2.348263697601557176e+00
3.522117934656716187e+00
2.306996186298333029e+00
4.184910066296972708e+00
2.652170022916041425e+00
4.557759093312945264e-01
4.336338764700737314e-01
3.573928814592220782e+00
3.813679586361182317e+00
3.827035537757597528e+00
3.888750509740205086e+00
4.170960707715541282e+00
3.658125996763746723e+00
3.714977674673644259e+00
3.781429103040258699e+00
2.376994794339034822e+00
2.174576607021694308e+00
3.651029730683727159e+00
3.826620275112690095e+00
3.544885654580972822e+00
7.282331161852829693e-01
2.469918564305075837e+00
2.672391470419995252e-01
2.460218132425452175e+00
3.643129162280235533e+00
2.344285294743417847e+00
2.550222599531489553e+00
3.855957303753513532e+00
2.375295887050856258e+00
3.679936473275573050e+00
1.904601650431969606e-01
4.142507964810374865e+00
2.536860488245557654e+00
4.001659157311472370e+00
2.388236083909967555e-01
1.049398748877025528e-01
3.730878038824505527e+00
3.710313021227714003e+00
4.003604585336524302e+00
2.330304338797092534e+00
3.852300783209295698e+00
3.864869731544179565e+00
1.558244895996446500e-01
3.869531076208283960e+00
4.073202623703586767e+00
3.583169074778941976e+00
4.206425319613478209e+00
4.383548914682751985e+00
3.782625585008289715e+00
3.583163631405746674e+00
3.950990544617736244e+00
3.679820859822858115e+00
3.494147708698726706e+00
3.690507431436110597e+00
3.913077697088616969e+00
3.794839466551977569e+00
4.433930060815150398e+00
3.805215897912174849e+00
4.223689561342154342e+00
2.234888374741213823e+00
3.496947329136033122e+00
4.348572235534017061e+00
3.633125601366190782e+00
3.567773807328735725e+00
4.026307384587541449e+00
3.994799621540766843e+00
4.180009367328057834e+00
7.267774850834446410e-01
3.948795517362449825e+00
4.135572059589470051e+00
4.001405172239709707e+00
3.567505695355549733e+00
4.415736631601888007e+00
3.982024375202457112e+00
5.651797028955737323e-01
3.979610380271310532e+00
3.958164064399269488e+00
3.975452181270733742e+00
3.713128207333888042e+00
4.041768789732765654e+00
4.185634796674863267e+00
3.929380273799525813e+00
3.880897330845776594e+00
4.231103487039341360e+00
3.661615479941446427e+00
4.065119383122735464e+00
3.607414013685756871e+00
3.730136630000383313e+00
4.186788528562175316e+00
3.545853052901879909e+00
6.112666014207601695e-01
4.188279136038015160e+00
3.586956240981046040e+00
6.465177583715037146e-01
3.650163195586738851e+00
4.136400699474030773e+00
3.658200760145755126e+00
4.496374874769632157e+00
4.003246483035661996e+00
4.593475039523698733e+00
4.257438139637183205e+00
4.436714966351335221e+00
3.613002175169130581e+00
3.678006042219747140e+00
3.889779209519662828e+00
4.217907516543076163e+00
4.296170097535864763e+00
3.765547130549198318e+00
3.559921267353181928e+00
3.942282095791449503e+00
2.370453064646769636e+00
3.566106949137277216e+00
4.138762622391348067e+00
2.381007993644710385e+00
4.407665583871853698e+00
4.160474186052162793e+00
2.276405626577354457e+00
4.218289660394211715e+00
4.219140313159546629e+00
3.911838542422859888e+00
4.166970881419304717e+00
3.708826179991916216e+00
4.293406578488141001e+00
4.088194956328251806e+00
4.209414786887418103e+00
3.759190093884396067e+00
1.184867560689418786e+00
4.390842320177337221e+00
4.347105847825371683e+00
3.640968413246616020e+00
4.142777624375125534e+00
4.047399010914610074e+00
4.042997206870516003e+00
3.596872493390395054e+00
3.941780710252665632e+00
4.244029285435082066e+00
3.990573589921746045e+00
3.950395346381143646e+00
3.578434694004891448e+00
4.067219107759798113e+00
3.737755013135305227e+00
3.616272430066922894e+00
4.378054822474108043e+00
4.394292615207154640e+00
4.290802349031624274e+00
2.298960346353377648e+00
4.390055869211870743e+00
3.610195518818912763e+00
3.621789623212554154e+00
4.293961856953798062e+00
2.340878110985046501e+00
4.100911863542382463e+00
3.943819849494817564e+00
3.936990727626769271e+00
4.162270840537353855e+00
2.403117168797384462e+00
3.957464074954778255e+00
3.715681961659383692e+00
3.628826360141571339e+00
3.503210934982023961e+00
3.798262365476980928e+00
4.042168156723621841e+00
4.186252210320684064e+00
3.836913095501194970e+00
3.958774544118553340e+00
3.766596268597614205e+00
3.598987074297518074e+00
3.881543264684474526e+00
4.414144564562304751e+00
4.205676199805875370e+00
3.718836890696658681e+00
4.178021658534890825e+00
6.709862162865697366e-01
4.246889481066319583e+00
3.594556978647633461e+00
7.269062613856405175e-01
3.762750722152220284e+00
3.983676783855222947e+00
4.210951510799017861e+00
7.611127700622930536e-01
4.360357887646078012e+00
3.858553584784615520e+00
3.874358968734985975e+00
3.639631032346806183e+00
4.203990631577080528e+00
6.366808535927562795e-01
3.534291240230027942e+00
3.899336796905878533e+00
4.147756577194067873e+00
4.318326708985857465e+00
3.527732107286948970e+00
3.737748733913651922e+00
4.088396072633181610e+00
3.633397246367016109e+00
3.932942067435714506e+00
4.273604447160375130e+00
3.762439817809125842e+00
3.506360668546536719e+00
4.171996089150283638e+00
4.353909232246143901e+00
4.108131606426322691e+00
4.268636016989009185e+00
3.765414490967031291e+00
3.624513219876522641e+00
3.992167171369824352e+00
4.120732766130404734e+00
5.876194281047543155e-01
3.795803171922195407e+00
4.095332067528725695e+00
2.323950559292355056e+00
3.722992616797440313e+00
4.458752734870852663e+00
4.298041385529337788e+00
4.119720566078430402e+00
3.791853589318915141e+00
6.557462446771018527e-01
4.275278535570225635e+00
3.512351195903694823e+00
3.371732793015771890e+00
1.567188138558270327e-01
2.429915296471104824e+00
4.322786502818625642e+00
3.944961763370425700e+00
3.991225188473014995e+00
3.532127489653858365e+00
3.855804198991635179e+00
4.069914501352776881e+00
3.561132490829645558e+00
3.771156299211167795e+00
4.075673121944675792e+00
3.853952543200606762e+00
3.963070020119677128e+00
4.892674677761466029e+00
3.998281556204646758e+00
4.316699354874092620e+00
1.901888529914187664e+00
4.268089120314819240e+00
4.076683489206506472e+00
3.571408816376120843e+00
3.780625652563240902e+00
4.017198741739126611e+00
4.062239050221391423e+00
3.753235864351719187e+00
4.342493959145219407e+00
3.650639938083461100e+00
3.878836627626905731e+00
2.301160840860354551e+00
6.038380167242397567e-01
3.968163308682662205e+00
3.767743482618888251e+00
3.776681179931399956e+00
3.793309157611153282e+00
3.794938795908321616e+00
6.046372982981298438e-01
3.902648572824318318e+00
4.088646323648076120e+00
4.310405433842405820e+00
3.920401827179953891e+00
4.023048025506770209e+00
3.809790551149463855e+00
4.020360596141088649e+00
3.704291193419812611e+00
3.906743229989277921e+00
2.080925360943416624e+00
3.696985800500949271e+00
3.646676642296515780e+00
3.901589735519572777e+00
3.955607258811216109e+00
3.604467104100876451e+00
4.080281832884868010e+00
3.858691561995449604e+00
3.840255375078572619e+00
4.491462449041591753e+00
4.507990863117544933e+00
3.631708043722336576e+00
4.221579367193523780e+00
4.405216011413632060e+00
3.957103115971996043e+00
7.455783028836154847e-01
3.858782312150028648e+00
3.850999344325825469e+00
6.758066991997709883e-01
7.486134194786630003e-01
4.011849167069006405e+00
3.886357113681084385e+00
2.355869259475501742e+00
3.848554676857208978e+00
3.838584022303736187e+00
2.401056013911214482e+00
3.630273302407516223e+00
4.192042410557599297e+00
3.659246364186835354e+00
3.964727696064956231e+00
4.215043214733926291e+00
4.945109013373206963e+00
3.835502966402142722e+00
3.744073568733872204e+00
4.402490571676105802e+00
4.087322500155059046e+00
4.934398824077347534e+00
4.801066112435380617e+00
3.729131450553946348e+00
4.940087161632797041e+00
3.671807979039801939e+00
8.153879205408918196e-01
3.153172144682637956e+00
2.380431450683724748e+00
5.075814582937297814e+00
4.183705374430482848e+00
2.445697102568407111e+00
2.863004551410307297e+00
4.944983180400541301e+00
2.377610857843099446e+00
3.945980014796470314e+00
4.945761987999899745e+00
2.809797926469054907e+00
4.827058264567693158e+00
3.052698675025722785e+00
3.087458936517208041e+00
3.080621756373141285e+00
4.237828873627452531e+00
4.851969146528891663e+00
4.513982868568121809e+00
3.069854765072506542e+00
3.079916670102065712e+00
3.109522216798506378e+00
2.395949408997481100e+00
2.571103408274486579e+00
3.002549732198494858e+00
4.910365656573558724e+00
5.011182980502848494e+00
2.385457509678631904e+00
4.831945833060049544e+00
4.208901110152044822e+00
4.202612624743180092e+00
3.111079539864672228e+00
2.934440248204222890e+00
4.219220603403928571e+00
4.115380833090083179e+00
3.055617073150042717e+00
4.951342025967273131e+00
2.861787494305946034e+00
4.319571010089983787e+00
4.301988077080658890e+00
3.051338223545795092e+00
2.287826057297740689e+00
3.008964147442639181e+00
4.493625616915698728e+00
3.108926154191924418e+00
3.011489046367077371e+00
3.098519897856711225e+00
4.576903347605961514e+00
2.278212276590025009e+00
2.950007430258409613e+00
2.720365716676148793e+00
2.889607417183015947e+00
5.024928029599187163e+00
5.048066939102746176e+00
2.535409977886859512e+00
3.113587852375613085e+00
4.942658168435468014e+00
3.079541154087135357e+00
2.738484872903955480e+00
2.515304614128455185e+00
2.485790592962753731e+00
3.096349005435410362e+00
5.327761191412490049e+00
5.129562888343390803e+00
2.368131852451752284e+00
3.118471651650041476e+00
2.619773534065207521e+00
2.859094761431707710e+00
3.048379897259060112e+00
3.044503110393302681e+00
2.729576805165797371e+00
5.090815186277296789e+00
2.254962696732746519e+00
3.088378487461916233e+00
2.427479049321983773e+00
4.802104970735615375e+00
5.145215344887072995e+00
3.010906759727540738e+00
2.683659454240132192e+00
2.280155435319796808e+00
3.069092639358827146e+00
3.014533397447056284e+00
3.047205002979824329e+00
2.284933812939238251e+00
2.329311796621822861e+00
3.031129856634642739e+00
2.839799762045825293e+00
2.605481143276572986e+00
4.912021447622199943e+00
2.978030117070070926e+00
2.912761832022459974e+00
2.632916764130268206e+00
3.032070659856703099e+00
2.582822508539520001e+00
2.981261765187545265e+00
2.678114456528119636e+00
4.861912838526956548e+00
2.408008764901700793e+00
2.794012848772048585e+00
3.058211415753344209e+00
2.856930475200146091e+00
3.019563350281949443e+00
2.371993085944109847e+00
4.616648702332439846e+00
2.392607173074366322e+00
2.765823826688899256e+00
5.205084148694145263e+00
4.809422768565204009e+00
3.066576255650497185e+00
2.995018652409581428e+00
3.041601367399143108e+00
3.669264823772143469e+00
2.993403318677608560e+00
2.960965803512503491e+00
3.094804575442432704e+00
4.974163199368220489e+00
3.629700494222761531e+00
2.606197053786796669e+00
3.087605654797666688e+00
2.376871546679262259e+00
