3.145115493722005340e+02
2.939266786776743174e+02
3.388930946037179410e+02
2.547409584400406857e+02
3.144174205521129011e+02
2.373757515460707737e+02
2.889013469446719569e+02
2.696401522012940859e+02
2.600889512626728788e+02
2.302990393479556417e+02
3.382205088457311035e+02
7.846650325435471984e+01
4.753037393607846184e+01
4.527724428064049533e+01
7.223947095317274147e+01
1.310932708692924962e+02
1.072274698737709144e+02
4.950926606673961317e+01
2.585561916779743683e+02
2.102006864885031234e+02
3.449210705236415038e+02
3.471651119353420540e+02
3.425440830316554184e+02
3.437005390524276436e+02
2.412076783618937554e+02
3.447077790160317363e+02
2.373442431690672549e+02
2.339465131622575029e+02
2.818279627792114184e+02
1.787802097287832055e+02
1.796214698822060427e+02
2.160998595675163472e+02
2.301299884462948171e+02
1.927426550117219222e+02
2.074764958045730907e+02
2.369542221670088793e+02
2.399228734071220401e+02
2.674877314057005719e+02
2.317438628719237954e+02
1.731517836548867422e+02
4.804497616242493052e+01
1.035206223958004443e+02
1.379635708332109232e+02
2.557939574576890607e+02
2.318094938702909360e+02
1.520491981723414483e+02
1.511634402712725773e+02
1.788828387764300487e+02
2.348400388516418502e+02
2.026594340015916487e+02
2.295693552042612851e+02
1.838463607802995909e+02
2.129992549940473339e+02
1.878783954299196921e+02
2.267983663103957497e+02
2.397339874238184905e+02
2.902565448182186287e+02
1.511963404652574638e+02
1.921007107369210871e+02
3.254200051131531382e+02
5.259130835989715536e+01
2.374456676627371507e+02
2.337965501557015102e+02
3.362108411457440411e+02
2.384891266095582978e+02
3.339949074633090618e+02
3.448470270432108009e+02
3.321330970849389814e+02
2.672698798127839837e+02
2.326703327615497585e+02
3.356049982346453930e+02
2.356834514023090890e+02
2.396084723091450712e+02
2.373741779651041952e+02
3.411281670397784751e+02
2.345321361707791539e+02
3.562334829286376703e+02
3.359944664321834580e+02
3.410283410114508911e+02
3.521286308008732817e+02
2.377133464722782321e+02
2.339613940932775904e+02
2.341384050525667533e+02
2.377589743269650739e+02
2.331127933450366640e+02
2.388608760195557181e+02
3.312841178560492494e+02
3.531736701829345293e+02
3.426464188490711535e+02
3.366913813935977373e+02
3.319422415572191198e+02
2.362916172502433483e+02
3.390543402861000004e+02
3.673228717280788942e+02
3.373804649477651765e+02
3.629048957682445575e+02
2.298028732586892602e+02
2.322870671489272922e+02
3.730347447598217627e+02
3.297326469922269325e+02
3.415937259570978881e+02
3.478851528583219874e+02
3.318865016292222663e+02
3.488917038609833412e+02
3.454375975457454615e+02
2.298990685226895323e+02
3.629980927107278035e+02
2.356954238295593598e+02
3.495600324196062729e+02
3.426666662770419407e+02
2.308964896302695706e+02
2.305557964183702495e+02
4.927266931623489654e+01
2.601001713101624091e+02
2.869260239329228170e+02
3.370669115225632595e+02
3.359369924438468615e+02
3.695481662771073843e+02
3.364016358256055241e+02
3.355146235889467903e+02
3.304042316269417938e+02
3.671837852391502111e+02
2.309603580130910245e+02
3.517475749078482181e+02
3.613895467731817348e+02
3.338098240054828807e+02
3.347599909928724742e+02
2.352729526422575361e+02
3.333550679528213436e+02
3.376173637356903328e+02
3.675554858684665192e+02
3.483194218624822156e+02
2.292394321962308652e+02
3.362961048124888066e+02
3.765002380261935286e+02
3.415582539493944978e+02
3.954264205100004119e+02
3.711816874725142270e+02
3.349741434247162033e+02
3.253666667191949955e+02
2.317855065703635944e+02
3.486588837022719076e+02
3.746428647687312719e+02
3.308855511749937932e+02
3.173064950903265640e+02
3.441929099312299059e+02
3.617367172197581340e+02
3.975967481354280721e+02
3.439569372344983549e+02
3.324477290379201122e+02
3.357021725883861905e+02
3.354132948288084890e+02
3.489144904454635707e+02
2.337971023541206819e+02
4.238862993273359052e+02
2.331421720425452691e+02
2.313371061821639216e+02
4.544492879616437335e+02
3.622036347245938259e+02
3.699063101236793045e+02
2.318040211904724970e+02
2.299262968407992105e+02
3.720998798064921971e+02
3.310622597890968564e+02
3.533945592341169117e+02
3.570869176275925838e+02
2.318928505788216228e+02
3.872549008312109891e+02
2.293837406940937456e+02
4.375302267052339857e+02
2.352332129479105731e+02
3.569569974558507397e+02
2.292084025634471516e+02
3.302672577886673935e+02
3.468362468962412208e+02
3.407853901391682143e+02
3.329145045667078762e+02
3.335220811917952233e+02
3.496591355993293746e+02
3.449124337893267125e+02
2.288102710476761388e+02
2.294781437772708728e+02
3.336376479671766901e+02
4.764418553969946970e+02
3.426047117687997456e+02
3.384738945129305421e+02
4.636060189532796016e+02
4.456792501004178462e+02
5.499341071806913988e+02
2.289504043928426142e+02
4.831370786575091074e+02
3.371065868196984638e+02
2.303502699529306597e+02
4.738447213167102632e+02
2.330122159045925230e+02
3.307530072859252641e+02
3.382395412406758624e+02
3.985697063520159986e+02
3.298017214261403751e+02
3.295844293411247463e+02
3.520747783934425570e+02
2.298118204124245949e+02
3.361476486552885490e+02
2.316051536823755157e+02
3.496406104551587077e+02
5.570329302187690246e+02
2.338851598041740090e+02
3.386995111796786091e+02
3.484996367883708217e+02
2.347134367933994668e+02
3.300124441994456674e+02
3.460011940675852884e+02
3.511701516517437653e+02
2.286696790584699954e+02
3.324314513188249975e+02
3.360786201626829097e+02
4.864549070769322157e+02
2.327790559386014593e+02
2.308190056922632039e+02
3.360137567588552656e+02
3.498349861172915780e+02
2.329650716559137891e+02
2.315863797971181555e+02
3.330805621529911491e+02
3.329710277111769301e+02
4.392258168153468318e+02
3.405710167092528309e+02
5.929240862655049114e+02
5.618527407615545144e+02
6.219230183983665938e+02
2.290061791868572527e+02
3.319646074632024693e+02
6.375195068726090994e+02
3.375073738809541624e+02
3.310444437530754271e+02
3.450675559496292522e+02
3.310120714029980036e+02
6.115610163967298831e+02
5.904598087986341852e+02
3.409578165903134277e+02
3.499813853326733692e+02
5.279245659817459000e+02
3.470992821022506405e+02
2.378666451717044197e+02
5.002704239882131674e+02
5.541916918100876046e+02
2.316012596327936421e+02
2.287397394717078782e+02
3.304120006144062245e+02
2.348263080897596069e+02
