1.057603883458770391e-02
1.871602650536713375e-02
7.276124326630301065e-03
1.639688464291701175e-02
1.050083486747910647e-02
-1.665350387159579559e-02
6.426556419306892962e-03
1.079055645765404289e-02
1.366765103620582941e-02
9.363826353441108419e-03
1.897157236249587264e-02
8.670495430046838703e-03
1.273717691172419203e-02
8.778604439427052653e-03
7.075879324111408047e-03
1.494594481256727482e-02
7.107630133235591161e-03
8.561865090752955598e-03
8.486262012868377863e-03
1.017941658238629039e-02
-4.574597630419160142e-05
1.743659759414028024e-02
1.153225711291952678e-02
-3.269685074022612298e-04
-6.307505567357870463e-03
-4.558766194116653861e-03
8.376937320330722983e-03
9.527028570887854236e-03
1.718307633805808265e-03
7.393632669963552326e-03
1.827308751307505849e-02
-3.044796294489535843e-03
9.983400367261942993e-03
-2.836848188254002985e-03
5.790406817546603011e-03
1.238403442308593644e-02
1.170988596398265559e-02
5.810889260149845748e-03
1.224958253712864903e-02
9.399809574602520368e-03
9.945248901686833121e-03
-3.133938853073300543e-03
1.466210146926483562e-02
5.420479215953145739e-03
5.792319114370264761e-03
8.850614773258406662e-03
-4.689823231652393530e-03
6.347298335487552151e-03
4.932769464856250757e-03
7.235065064340143182e-03
7.937004996073320287e-03
4.359048888027649594e-03
7.760636342788717994e-03
2.237696187674879933e-03
-1.130479279382810929e-03
4.367914129949299236e-03
-1.546874771268930658e-02
1.413203348049001801e-02
7.233114050850541349e-03
6.960265722703997543e-03
1.373673220096643119e-03
1.486092812731709331e-02
1.273621906398722005e-02
3.025716142187735019e-03
8.089100141617391534e-03
7.364465995234064158e-03
1.247140530807019920e-02
8.882390191922082817e-03
-1.531747864141132925e-02
5.184599871773389393e-03
3.503599922545715204e-03
7.905324496581277866e-03
8.435994982535503089e-03
-2.367125962637856885e-03
3.100418409561118277e-03
3.021741445848419045e-03
1.754605412340369108e-03
4.986230533569074690e-03
4.465412720649841218e-03
2.044462606715534078e-03
1.467599061928673634e-02
8.478138208758883090e-03
1.172571134387527872e-02
1.816163757559579803e-02
4.402657907043470639e-03
-1.122308923808201624e-02
1.393383068848925987e-02
9.007656249784430288e-03
9.066076989546995729e-03
1.841560621625501493e-02
4.455609371592100972e-03
9.010463542572589093e-03
6.791926825625387715e-03
6.619137204492112243e-04
1.439932986678803262e-02
3.836766459197580702e-03
9.393218082488902915e-03
1.384817450693133847e-02
-2.120502212167491365e-02
1.215299099051515667e-02
-1.190478637987956584e-02
-8.765281610505975401e-03
-1.443078359274603539e-02
1.023878479649270937e-02
1.886439748855124957e-02
-3.147857707383300806e-03
2.546779794359723195e-02
2.004702816705525997e-02
1.054363047419966913e-02
1.256598506911696909e-02
2.311522988772328480e-02
2.798530696102502491e-02
1.078105612780740248e-02
1.129428921400564556e-02
7.279176045015490516e-03
8.761530159994805611e-03
1.663694230193962786e-02
1.091713345103308662e-02
1.333252664933604580e-02
2.346250333187545681e-02
8.088715184764259242e-03
1.013567529030978860e-02
9.722580872136198094e-03
1.198973775202196064e-02
1.557611179750100633e-02
6.070102667880369895e-03
-2.835972650011578736e-02
-2.571656378048234673e-02
-1.453268102490607762e-02
1.406188519909208276e-02
5.052006313481475532e-03
9.600801742896531571e-03
4.565660975586881276e-03
1.165479594441828914e-02
-1.170182126684750010e-02
8.321821082784173693e-03
5.109753107692883121e-03
1.010073576374520381e-02
-2.041924362178317715e-02
8.435766427936888107e-03
1.013585511905689546e-02
1.053226558141099126e-02
3.631984806487565959e-03
9.716325732684331223e-03
1.080920651082208951e-02
1.543097583717109242e-02
9.636218065766422036e-03
2.870513184442528842e-03
2.296226239446468899e-04
1.298811991205601687e-02
-2.706782851866162271e-02
1.012917546440866672e-02
8.621885248213511516e-03
-1.044267791714348186e-02
2.191091005888927065e-02
-2.102190246609911967e-02
1.602015695758527911e-02
-3.852648739721565435e-03
2.681216058378090017e-02
8.478080552016707336e-03
1.228933489037388124e-02
1.588372141533677534e-02
-2.774889928066925568e-02
6.955449602888049213e-03
1.838351748056392745e-02
1.468067743612949672e-02
2.434353153022959793e-02
2.174604373614122399e-03
1.325718034556347749e-02
1.701016136191004294e-02
1.247515371446416589e-02
1.344563428430392907e-02
-3.218698605598448864e-03
9.051280707685615060e-03
1.859368493783567552e-03
2.253559232174968518e-03
2.132656477868107633e-04
-2.356069322409685973e-02
9.267013056930182083e-03
7.695569949917814741e-04
-2.053626103556715349e-02
1.209272376512925996e-02
1.257123083072806541e-02
5.346855388358428933e-03
-2.177160222576707271e-02
2.902112400518231522e-02
1.174529582303437611e-02
9.975586702906356212e-03
1.417267882604337191e-02
2.864453987864249221e-02
6.140971860206345667e-03
1.837913191224668785e-02
-1.783466310214581324e-02
8.184014711870139097e-03
-1.250251863936386806e-03
3.595199717446390109e-02
1.488773431288986822e-02
3.234294755248981468e-02
7.070230255633429620e-03
9.932808129393636432e-04
6.501864455433613126e-03
1.772173357514676348e-02
7.809535914743711595e-03
5.408332553197685647e-03
9.392337476174170141e-03
1.189858830231148822e-02
-2.556767524287879151e-02
2.109772147530659253e-02
-3.033286909207044343e-02
1.474972258381393279e-02
4.254372116237228885e-02
1.157415228657151553e-02
3.379133221041242044e-04
8.544158798591947393e-03
1.012467576904359104e-03
2.026768667224250475e-02
-2.463741967977363737e-02
1.948953423893466999e-02
7.709895046321346528e-03
1.040273622068555066e-02
8.437656790485012492e-03
6.928592008416568568e-03
3.904323633750731055e-03
9.935257169706524297e-03
8.152465227333136055e-03
4.626010676212533035e-02
2.860998429091020367e-02
2.388598478385965847e-03
3.802938133133838827e-02
1.221049813161040505e-02
7.445501824470963058e-03
3.174327376202622925e-02
-6.234834852941414408e-04
1.219874450832917484e-02
3.500402291841679669e-02
9.104865895168276491e-03
9.582819471807788383e-03
7.102896388829479934e-03
3.619603700133289248e-02
2.285254364168009394e-02
4.093205743485805320e-02
1.589998833624165636e-02
9.505589222794879820e-03
4.375238593727437397e-02
4.597374921723120650e-02
1.846961801921807519e-02
4.849343813252303403e-02
3.398370841801497122e-02
6.023528564333522836e-03
1.241896040835368219e-03
