7.041089738623483640e+01
1.025904220106718299e+02
9.551528125852165374e+01
1.021473929660594706e+02
1.125296701111255970e+02
1.293911778882011845e+02
1.467039256974909165e+02
1.543186575932207916e+02
1.640848957432126554e+02
1.730013042347275984e+02
1.777127912803424579e+02
1.705255727742406577e+02
1.665469687501216356e+02
1.619405594959758332e+02
1.589673006195696132e+02
1.596758082270429782e+02
1.580173855356306660e+02
1.559898865940622272e+02
1.565101456573653991e+02
1.564994113168049239e+02
1.534519522373511791e+02
1.551133322742408893e+02
1.586612504429614887e+02
1.604259641904799594e+02
1.567496008568959667e+02
1.567105848171035518e+02
1.579546922617934115e+02
1.571896808511143604e+02
1.578893272979465792e+02
1.577081006210683540e+02
1.605378284678475609e+02
1.606630017726545248e+02
1.599372232273327938e+02
1.597298300111063156e+02
1.596631590588517042e+02
1.590285001801075566e+02
1.586770857104439472e+02
1.585808306494072326e+02
1.581526097534199948e+02
1.578626789495002356e+02
1.575244221115186178e+02
1.575855899996465155e+02
1.587061157237478994e+02
1.597668461538971485e+02
1.595973241374048257e+02
1.596471961156620409e+02
1.593582024829224224e+02
1.592508455975014385e+02
1.591228554757284996e+02
1.591631070126782959e+02
1.590315270995916705e+02
1.593281643808463173e+02
1.592802379010289826e+02
1.597421187663381943e+02
1.598150290161865712e+02
1.600583546271609521e+02
1.600097347225151054e+02
1.603272790396368919e+02
1.601980942736605016e+02
1.602138742368190947e+02
1.608185624241692437e+02
1.618047251055556899e+02
1.625513039165010696e+02
1.638370167118543463e+02
1.648924988940839285e+02
1.657180086170923232e+02
1.659718637666301504e+02
1.669382579574087515e+02
1.674085710455714491e+02
1.679546144976188771e+02
1.669660645986832606e+02
1.673639331346279278e+02
1.671158661508430328e+02
1.661211177613034806e+02
1.648088196980765190e+02
1.634904548466022050e+02
1.622394570801514817e+02
1.618000950613270845e+02
1.615786124501914287e+02
1.604489612940478480e+02
1.615618074464331642e+02
1.625626995461323929e+02
1.638503374590616204e+02
1.651956106933030526e+02
1.663899329010524468e+02
1.672366485796423774e+02
1.676359781501994064e+02
1.685728623533734947e+02
1.696119782012395660e+02
1.716370692883864137e+02
1.724328082866244358e+02
1.729528899934051651e+02
1.738077343282982383e+02
1.744181015591044570e+02
1.755252921484625972e+02
1.763811558120542315e+02
1.770160964692399261e+02
1.778112548019054202e+02
1.787688629459034075e+02
1.792626139099943998e+02
1.825183734112844149e+02
1.837871361452434087e+02
1.857433646079626044e+02
1.871683236865303570e+02
1.892751105174751274e+02
1.895133214481131745e+02
1.901645820132835070e+02
1.911185950580353108e+02
1.911351889457018558e+02
1.914044333805014446e+02
1.925320743550916802e+02
1.956938343044779742e+02
1.970663105454197250e+02
1.984621246206069429e+02
1.997035251973363472e+02
2.005385958174570362e+02
2.018815204851897533e+02
2.031864083300916661e+02
2.044679313957005320e+02
2.064253171038984931e+02
2.080126526752738698e+02
2.086729800098360954e+02
2.089530232245760715e+02
2.096636891907853339e+02
2.118886298553105689e+02
2.130410292082806336e+02
2.145729441281642096e+02
2.168022936618953054e+02
2.178602549812017912e+02
2.192390201372491276e+02
2.196054508890207444e+02
2.207714496647890314e+02
2.219255605398722366e+02
2.226072647267189950e+02
2.241393569883007046e+02
2.259330491816639324e+02
2.271126216088129866e+02
2.287761814098024615e+02
2.305443250244651665e+02
2.317164186154838035e+02
2.325370904677523072e+02
2.335275874667144933e+02
2.341254074460171353e+02
2.346864839848953181e+02
2.356084475940658365e+02
2.366850098990341280e+02
2.379118959618805889e+02
2.389537602741624767e+02
2.400143377091836498e+02
2.412081985256113228e+02
2.429485691248411285e+02
2.439598511576848239e+02
2.450967397714387630e+02
2.463629308010166028e+02
2.483044348346243453e+02
2.500535322784654397e+02
2.512674737892153871e+02
2.521282830296972293e+02
2.548399480644315247e+02
2.562948062079863121e+02
2.572190934014219579e+02
2.573211918660720698e+02
2.587513664921746113e+02
2.589540285755354603e+02
2.594037961021061847e+02
2.601943842276021996e+02
2.624064174113750596e+02
2.631438988586339178e+02
2.638620081887657420e+02
2.649492214379671964e+02
2.664267199141016818e+02
2.672198362282620678e+02
2.675135220784067656e+02
2.692405251791387286e+02
2.719392880911358361e+02
2.738053578202015501e+02
2.752864092318077951e+02
2.773113838364458843e+02
2.785202575144602974e+02
2.809682411130763171e+02
2.817963880389956444e+02
2.821969627933228821e+02
2.825049567534809967e+02
2.814538763348223256e+02
2.818904451554640218e+02
2.836310002492190279e+02
2.845114260588381399e+02
2.849902054149457058e+02
2.850182624036859806e+02
2.858415335811580462e+02
2.860365279175662181e+02
2.862156705329815622e+02
2.854313851666312303e+02
2.862625897178983223e+02
2.853553835060017718e+02
2.879704946895014928e+02
2.875540281576688812e+02
2.892715479718740994e+02
2.885024759772649645e+02
2.883930889600489991e+02
2.873181090513700724e+02
2.873788411010221466e+02
2.875486647884196714e+02
2.877085019907094647e+02
2.868149054720727236e+02
2.872419635929326773e+02
2.880595414930553488e+02
2.886911243926174961e+02
2.902036775002663376e+02
2.903203341756436657e+02
2.926651842864188211e+02
2.915702892527289123e+02
2.913771666632222264e+02
2.917894634755439824e+02
2.922308419489704647e+02
2.918431905995250872e+02
2.923461771352208416e+02
2.952451583408708871e+02
2.949632216971023695e+02
2.944101694643975975e+02
2.945027400427723592e+02
2.946164966679618260e+02
2.947530023850780481e+02
2.950360003724453577e+02
2.948451025243808203e+02
2.979041108671120810e+02
2.977090696832217418e+02
2.970106266237161776e+02
2.985262688248042764e+02
2.985040243870545282e+02
3.002629172906113126e+02
3.015270039824044375e+02
3.031407271784236741e+02
3.037688433665207981e+02
3.051841963460738612e+02
3.048118154866240275e+02
3.051123050364155347e+02
3.050299245340207221e+02
3.070910913717956419e+02
3.100633542559722855e+02
3.130572300548981843e+02
3.157386939135808461e+02
3.159805219491044568e+02
3.197397964920024833e+02
3.238744951539333101e+02
3.238795042469824921e+02
3.392119732303669934e+02
3.413021606718120893e+02
3.417757715841555068e+02
3.438023185681632299e+02
