1.046578430689176287e+02
9.771612003485668652e+01
9.496462516722762359e+01
9.732883710198537131e+01
1.139150239422829998e+02
1.130895039520447227e+02
1.206708547030157774e+02
1.207621780863330514e+02
1.217465513284719094e+02
1.232216479694388624e+02
9.399284012408072897e+01
9.248966522801016765e+01
9.118287422867264524e+01
9.111344594530365271e+01
8.836618719147004697e+01
8.844570649269013529e+01
8.780552060632493294e+01
9.125573122768808787e+01
8.986705237909956168e+01
8.996582316889718811e+01
1.086905000183640340e+02
1.135764887070137092e+02
1.146091184815574593e+02
1.104067604697041958e+02
9.710538367492456757e+01
1.049326002880817867e+02
1.119615425053091968e+02
1.074791493960976965e+02
1.085045508707767397e+02
9.961306517268008065e+01
9.441942970655593115e+01
1.164543374221671002e+02
1.083935503802271967e+02
1.152885853875633870e+02
1.157396346682194235e+02
1.061302046907577932e+02
9.416046708261332299e+01
1.155019393391050073e+02
1.030504948044862914e+02
1.141004804283827383e+02
1.136362527512082750e+02
1.160093473412890290e+02
1.084719324909197695e+02
1.041213580741428473e+02
1.152138355411742765e+02
1.126175868135116502e+02
1.143900169166419829e+02
1.154205071982713804e+02
1.152979329630626637e+02
1.161135432323218879e+02
1.054209034172760795e+02
1.174456665724833897e+02
1.156788060950529058e+02
1.184221804627726868e+02
1.163752182507997617e+02
1.173441263230753435e+02
1.014538222103420395e+02
1.056385134882289663e+02
1.151004103622306474e+02
1.160943252627239133e+02
1.197099853665178415e+02
1.037812895958260242e+02
1.090596178975793009e+02
1.244836922819112743e+02
1.230138884520686844e+02
1.217792336013742016e+02
9.675706946234043926e+01
1.228566584223078024e+02
1.079807731342262258e+02
1.205631612688891465e+02
1.097767571673188485e+02
1.080538397272136706e+02
1.053198085406206417e+02
1.093504485324916544e+02
1.063217302829332453e+02
1.062148587516215628e+02
1.065415574512005747e+02
1.127969219611847507e+02
1.118015917009832378e+02
1.071206519958708583e+02
1.246204334442242754e+02
1.243634959621772396e+02
1.269436646319257704e+02
1.066614404842247268e+02
1.261201465807198332e+02
1.125303558577175238e+02
1.027715017694752930e+02
1.250081788029515764e+02
1.258166966990270481e+02
1.084868806928640623e+02
1.244049318128043922e+02
1.219422973184976229e+02
1.252453413138462963e+02
1.231182254024083846e+02
1.273180238441423597e+02
1.257688203853261939e+02
1.237873667314547390e+02
1.236414197123262397e+02
9.545218731145742197e+01
1.223536188997861842e+02
1.013372072400344592e+02
1.005571613872651398e+02
9.762200445413417071e+01
1.261075452994508339e+02
1.100578361354198478e+02
1.237519809837385338e+02
1.112978960214063591e+02
1.126163081628273090e+02
1.243285014014171708e+02
1.275701399494761858e+02
1.110748321096695008e+02
1.097157230086414614e+02
1.256051344554867200e+02
1.237932486074624308e+02
1.241481734022823389e+02
1.253810484351207890e+02
1.104533729922208494e+02
1.252011189077586550e+02
1.123575731332714724e+02
1.111275447108944263e+02
1.250400764313633317e+02
1.256035046505149495e+02
1.264719771628810463e+02
1.266167234200538871e+02
1.263066794632826628e+02
1.270975119119299137e+02
1.141377503312869806e+02
1.174141116146659840e+02
1.219517594421551649e+02
1.285839599541920961e+02
1.257631576524089638e+02
1.271849425926891826e+02
1.252123397285356390e+02
1.221056272560308571e+02
1.221255206257248176e+02
1.240128026125065190e+02
1.263983407517463178e+02
1.258982845862597912e+02
1.195183930276811424e+02
1.263764736698491760e+02
1.219813825763035311e+02
1.259143173309104640e+02
1.253876817306088753e+02
1.260950685152461546e+02
1.242568353515613921e+02
1.252698969733546619e+02
1.230152074769592758e+02
1.252683666065958761e+02
1.225354737776478231e+02
1.277887234495722169e+02
1.151157428791111954e+02
1.275584869009202862e+02
1.270476922325919560e+02
1.246351889714705834e+02
1.106878518492153631e+02
1.110110514738042440e+02
1.263729882476390003e+02
1.264508229163763247e+02
1.140581878340395718e+02
1.302405865378260330e+02
1.289528573008742001e+02
9.744277724358370563e+01
1.142019962030776128e+02
1.265103131155199350e+02
1.138486088844440189e+02
1.281096469180824329e+02
1.150616337017495283e+02
1.302288756469749273e+02
1.271200794053817162e+02
1.295527085475447109e+02
1.130320460078944365e+02
1.274716408156877918e+02
8.213763716671989812e+01
1.265803222329126072e+02
1.008596603792689024e+02
1.251220063892604060e+02
9.013769746128433269e+01
9.327316641058169466e+01
1.265190336583055171e+02
1.033494144665439620e+02
1.152657851631743000e+02
1.283692435054499299e+02
1.300236042335063757e+02
8.282547527305175095e+01
1.148475663819126993e+02
1.088153479642726040e+02
1.290020902180018538e+02
1.297959723640269942e+02
9.480528745221715781e+01
1.068803822479341932e+02
1.263548751768862815e+02
9.799944979071044315e+01
1.046269607396098849e+02
1.132788366374235380e+02
1.177540810484573939e+02
1.064198506235185846e+02
1.021604948857311115e+02
1.193160409888915581e+02
1.195684316538986280e+02
1.096533572280691686e+02
1.288488856647340413e+02
9.776857292154113566e+01
1.289085963042743685e+02
1.280523356174427363e+02
1.274208942599013170e+02
1.280225621923383699e+02
1.131705469683990515e+02
1.147992663011453374e+02
1.121252400264174156e+02
1.286060468638623604e+02
1.192715111891328519e+02
1.298152660776760570e+02
9.246781523714645346e+01
1.282868327942976236e+02
1.285619581365472470e+02
1.006232818320326885e+02
1.134736385208457108e+02
1.135906083335157746e+02
1.265833450980862125e+02
1.296728806395471736e+02
1.260493385623292255e+02
1.267410709024090210e+02
1.278370343340428974e+02
1.300380775741073478e+02
1.271921162496950188e+02
1.199705303582783102e+02
9.719081108956285675e+01
1.289625020185332573e+02
1.107738256759991771e+02
1.288104598821365414e+02
1.135937800558978523e+02
1.167626843309885487e+02
1.070733240886982287e+02
1.283867891370020402e+02
1.107433564977528704e+02
1.278946572815396507e+02
1.294032362496616884e+02
1.313137323250512623e+02
1.061066634137347222e+02
1.183774034435643188e+02
1.155950044762602005e+02
1.076215896949306057e+02
1.289732997618629611e+02
1.157132092995893089e+02
1.153939902228494816e+02
1.015222274442274824e+02
1.128555555884053661e+02
1.067035828763591780e+02
1.306398164367091681e+02
9.820933267810528378e+01
