7.041089738623483640e+01
1.347699466351088233e+02
8.136499975422130149e+01
1.220437280886729354e+02
1.540587786913900459e+02
2.136987167735790933e+02
2.505804125532293085e+02
2.076217808633301445e+02
2.422148009431474520e+02
2.532489806583622283e+02
2.248276617364908248e+02
9.146616920712112631e+01
1.188037204606933699e+02
1.020572391920806865e+02
1.173416763498824622e+02
1.703034223391425996e+02
1.314826224730337856e+02
1.215224045873989240e+02
1.658748087968224354e+02
1.562954588461555261e+02
9.250277064827673712e+01
1.900023130489249468e+02
2.367154501548142207e+02
2.010143803834048413e+02
6.851688085088032665e+01
1.557351838222932372e+02
1.903014858237298768e+02
1.365343727627795545e+02
1.774794278092485627e+02
1.524525269916000809e+02
2.454296638712243919e+02
1.645433742216705753e+02
1.367123097770369782e+02
1.528858538756330461e+02
1.573963466821938937e+02
1.368154394240631007e+02
1.460261648025535521e+02
1.550193933910499027e+02
1.418802157059046749e+02
1.465553775966296541e+02
1.439941485922537083e+02
1.600934734128907451e+02
2.057681961360053720e+02
2.053782546503144317e+02
1.521383554117426797e+02
1.618914351372368117e+02
1.460644953769007373e+02
1.542050719827139460e+02
1.529793296306271486e+02
1.611354323232189643e+02
1.524525314452591545e+02
1.744566657248333570e+02
1.567880609505284042e+02
1.842218046277263852e+02
1.637521825079982705e+02
1.734412632307528952e+02
1.572870200623479207e+02
1.784273051155796566e+02
1.527053778470285863e+02
1.611448920631761439e+02
1.970998536651788413e+02
2.219606486701290748e+02
2.088391901951136731e+02
2.448369228191124876e+02
2.324433585567774401e+02
2.193761406126379541e+02
1.827263036361268860e+02
2.316866687395755946e+02
1.993898610406344289e+02
2.056316126888916074e+02
9.776757167318828579e+01
1.956125991866998959e+02
1.492550433183288590e+02
9.350448532491618892e+01
6.769876301928147200e+01
6.461309098602717427e+01
6.716362682989627331e+01
1.279692196118477057e+02
1.443029687816107867e+02
7.120651995870827022e+01
2.505894996372580579e+02
2.436349596217721398e+02
2.694366463192573065e+02
2.768532891353408445e+02
2.667129983520028418e+02
2.392074812597857090e+02
2.019783212181050942e+02
2.500817880295155078e+02
2.610541728134537607e+02
3.518701760444558317e+02
2.440493181280444617e+02
2.202803253104516159e+02
2.524534131384629347e+02
2.311822540240829653e+02
2.796012075481270927e+02
2.576882038532620527e+02
2.379703995590629120e+02
2.549416130704596242e+02
2.726144610577061371e+02
2.281439593550018401e+02
3.959868475152381393e+02
2.616462200310080561e+02
2.769878460261402324e+02
2.645396359454496178e+02
3.647374617858667989e+02
2.375198098373858784e+02
3.157064690702584357e+02
3.030230853385132832e+02
2.438741897097973776e+02
2.801734241383275616e+02
3.375917591955097237e+02
4.076421641457511669e+02
2.560513445548667733e+02
2.416386467108055740e+02
2.414817340228231615e+02
2.538104843512078332e+02
2.657750892463120067e+02
2.520111890775862378e+02
2.940271153577101586e+02
3.520340296659487649e+02
2.512363277858149786e+02
2.560350465051491824e+02
2.647197716288096672e+02
2.720809770043342155e+02
2.910109473034042367e+02
2.709751191192995066e+02
3.434929778120880428e+02
3.594693261358912650e+02
2.832755597398918326e+02
2.903290425963400594e+02
2.820727390483877457e+02
2.811432517984969195e+02
2.521233972853559351e+02
2.210562725603089120e+02
3.106055728403677563e+02
3.161846587603828311e+02
2.639834075174631494e+02
3.213753734899951837e+02
3.186945771721755136e+02
2.637647366984921860e+02
2.260613338191024582e+02
2.591431733091045544e+02
2.655501940662723541e+02
2.614859085381327759e+02
2.443347163287970147e+02
2.695476656340633212e+02
2.687531016615491808e+02
2.583915032109036360e+02
2.590370731327468548e+02
2.805215139659846955e+02
3.264895913682363471e+02
2.755848690092031461e+02
2.704769223259205546e+02
3.108409075855091146e+02
3.579025858687746791e+02
3.483510076148581334e+02
2.786811711373475760e+02
2.645082291637625076e+02
4.238718813204566800e+02
3.066307064186580646e+02
2.895285730087420006e+02
2.321704951351403849e+02
3.518566528053698903e+02
2.651031311552001171e+02
2.774201112138421763e+02
2.984349531622425502e+02
4.039296220134157238e+02
3.054348134654563864e+02
2.712007940538171624e+02
3.143529376090412484e+02
2.455174192866310534e+02
2.749242306027398399e+02
1.786236283328015020e+02
2.662047953981169712e+02
3.375750542189875887e+02
2.512200638926041734e+02
2.152687679905178584e+02
3.304666800756530165e+02
2.651903365830553980e+02
3.160048798203082470e+02
3.334041922291883111e+02
2.836924350544987874e+02
3.002360423350640417e+02
1.717452472694824905e+02
3.103698804161697353e+02
4.132629906352860871e+02
2.900209021800186520e+02
2.979597236402700560e+02
2.638598716874843717e+02
4.341972937916596607e+02
2.635487517688627008e+02
2.381945868519821943e+02
1.740248765034314147e+02
3.143027091507885871e+02
1.888805863584694293e+02
5.191993222032376707e+02
1.963237463758001411e+02
4.266935944909859586e+02
1.957072615967904028e+02
2.172052576334062621e+02
2.884888566473410378e+02
2.677194249962205959e+02
2.939702147658904892e+02
2.805233561744271356e+02
2.753778099221920570e+02
2.802256219233832439e+02
3.974642590825281445e+02
3.661813752947278431e+02
3.951295004746806967e+02
2.918390916760628784e+02
5.720767702730219071e+02
2.981526607767604560e+02
2.367390856042049734e+02
2.828683279429757818e+02
2.856195813654725839e+02
2.150453494066693452e+02
3.160737428158932403e+02
5.419093096425813201e+02
2.658334509808618691e+02
2.967288063954717927e+02
2.604933856232924541e+02
2.674107090240900106e+02
2.783703433404298266e+02
3.003807757410739896e+02
2.719211624969503873e+02
5.768759533924313700e+02
3.239888594230483250e+02
2.896250201853328008e+02
4.348397798487004025e+02
2.881045988213658120e+02
4.579620294040677209e+02
4.075519209778103118e+02
4.134957168872752504e+02
2.838678913700203452e+02
4.521408707956802004e+02
2.789465728153958821e+02
2.940323624966164857e+02
3.131373232505134183e+02
5.248112609496728282e+02
5.609910251161488759e+02
5.254489137116964912e+02
5.272895591773715296e+02
2.897329976186299518e+02
6.374133628279347477e+02
6.578045825218845266e+02
2.700485749389814600e+02
1.802000000000000000e+03
4.674102473554063408e+02
3.063981643670920221e+02
4.831762123667600690e+02
