6.291709987821522132e-01
1.184521341550048179e+00
6.931523416110934033e-01
1.134056279538329770e+00
8.404626818726812498e-01
1.764781069796774071e+00
1.636365825662931206e+00
7.364683511496046275e-01
1.532625456458462265e+00
1.529804484909201623e+00
1.841281076668604078e+00
5.135704254934825297e-01
9.103509471790552920e-01
7.047991569743088380e-01
4.367568015178766028e-01
1.083546632248585162e+00
7.104340699114938262e-01
8.152992301141769316e-01
1.130540256820985912e+00
1.209273172635610294e+00
4.259499855110737143e-01
1.064014402838103335e+00
7.179990259675747000e-01
1.145332086400350446e+00
4.447226374516535796e-01
6.873748681587509290e-01
8.620678278050696308e-01
5.784230118309321433e-01
7.731757432101068472e-01
6.611050197031195230e-01
1.796818925127555255e+00
2.801507894029870438e-01
8.275115178481886602e-01
4.486539459086880677e-01
3.865857287112875462e-01
9.318836586667560429e-01
7.423967916522405952e-01
4.915756924099372593e-01
9.612278110524801189e-01
8.972412075774102158e-01
4.933778996362752634e-01
2.041440882537604862e-01
1.791865802088717263e+00
1.514651300205644535e+00
3.630943095509592267e-01
7.393148080506226627e-01
1.101826552990439190e+00
5.221883907710725969e-01
5.287030884440618861e-01
5.412535213093602193e-01
7.641703582166996522e-01
3.520708340733544883e-01
6.743083259271832608e-01
3.111117479517439000e-01
4.794871210762787772e-01
3.861065624560897636e-01
1.104725551808913186e+00
1.017677521387174044e+00
9.775102322664388499e-01
7.875409591560378342e-01
3.007432083371102682e-01
1.365956806920775257e+00
1.112357172329950572e+00
9.083346047524152311e-01
7.812613978873693688e-01
9.379630956949656095e-01
9.659847691393028679e-01
1.194466404804397142e+00
1.077702475015355876e+00
4.719301260934062880e-01
1.830395994100846857e-01
6.312004361846219602e-01
5.502490411591169917e-01
1.533941889949474724e-01
2.664225585270305618e-01
2.648337501941951944e-01
2.139767178205954634e-01
2.005729088664597870e-01
3.141420244210851309e-01
1.779439723097414605e-01
1.214930351394796659e+00
8.065491388935336348e-01
1.145485048552567386e+00
1.665556351350043540e+00
1.064289720887184432e+00
1.546755580384973516e+00
1.252570151335361315e+00
8.896369786751546771e-01
1.024360840355752034e+00
2.293133533668641810e+00
4.022852090009800263e-01
8.303042876335130495e-01
5.148039648164519644e-01
6.419265324688154806e-01
1.535625866560620167e+00
3.139862164415347379e-01
1.050891106871421066e+00
1.263600351967535840e+00
1.516944651880318018e+00
1.125178873468082763e+00
2.498078765195757889e+00
1.491796569839601849e+00
1.718559957679914207e+00
1.195843138816173656e+00
2.069340571763505388e+00
5.379605697494463934e-01
1.957557244822496267e+00
1.881681142133657225e+00
1.086707986044323393e+00
1.226840795464159140e+00
2.128274702995531342e+00
2.456987192532351205e+00
6.180452964473774902e-01
1.189700111143763284e+00
6.631458792527803459e-01
8.351379431074520410e-01
1.475648330833833954e+00
8.934278681584543191e-01
1.800761482700091509e+00
2.130083081973798809e+00
8.610466734732403760e-01
1.020201668395124717e+00
9.129653347160759935e-01
1.380963830775344459e+00
1.744602030433687334e+00
5.569489854513881566e-01
2.346762701408787510e+00
2.505770012481167264e+00
1.877395155802552340e+00
1.414700376204202525e+00
1.576990414096727244e+00
1.355307859381896574e+00
3.941343294734398484e-01
9.756589496579087806e-01
2.136034239453291406e+00
1.933525779352333496e+00
3.978298583849773085e-01
1.920603691776667343e+00
2.266608703910032219e+00
7.301818990786008712e-01
7.474454895846536218e-01
8.829781724895179318e-01
1.369347684327340220e+00
7.608203197730665224e-01
1.166012281068734113e+00
1.339665558035602055e+00
1.516942104174292982e+00
1.241516418823387147e+00
1.409460924809025517e+00
1.295682828067040937e+00
2.231482512891234116e+00
1.296346803717819407e+00
8.007815136010613122e-01
2.082840556848703173e+00
2.147396094407919342e+00
2.442535320080914563e+00
1.481047636900198139e+00
6.711930165215284072e-01
2.510431427998669474e+00
1.444086843387531127e+00
1.214211141509623504e+00
6.553890497859601316e-01
2.288585252623566824e+00
9.905318359092046832e-01
1.793155288006575976e+00
1.537882593121509212e+00
2.400088150124854991e+00
1.531523969098239624e+00
1.261480804873242212e+00
1.835074813036650987e+00
1.246213706400226773e+00
1.292418001007883621e+00
2.639649598026937438e-01
1.020021002652299336e+00
1.872444617177980497e+00
3.710414183904853780e-01
6.872784113219040369e-01
1.909868992802240317e+00
1.068551338640722159e+00
1.734430977610306179e+00
2.171607697366065626e+00
1.165887353972294482e+00
1.413866061941550178e+00
4.289235405516201305e-01
1.814380515551013318e+00
2.421020331684173854e+00
1.143632095560608075e+00
1.192169031603802498e+00
7.772517701100367660e-01
2.539594996349644695e+00
5.774457179167764576e-01
8.471757716927899029e-01
1.016212593542151765e+00
1.672307762771678252e+00
7.560838721338883905e-01
3.087566581508335517e+00
9.676045573779428199e-01
2.362846639756718936e+00
6.252501966980933412e-01
1.081316836319807351e+00
6.444609822345753747e-01
1.133028530684136781e+00
1.220004619935802559e+00
6.496857915273148709e-01
9.159035792687746369e-01
9.621475210971142111e-01
2.800885082215755162e+00
2.084830603120323644e+00
2.826560692543892195e+00
1.527286096797202175e+00
3.453068546877150258e+00
1.218281363793674688e+00
7.722590784438756462e-01
8.884019802874075777e-01
5.837496162484701046e-01
1.045561996606663380e+00
1.831594903412808062e+00
2.742420895338623765e+00
7.689376015993344415e-01
1.163889410151048853e+00
9.347938136663558328e-01
4.516801002212976757e-01
3.218683074518357001e-01
1.016224711719829088e+00
7.937787485109767394e-01
3.485057812376175512e+00
1.611603709375797999e+00
1.115903360822960044e+00
2.559397466680768396e+00
1.181626990186620096e+00
2.277135357668513826e+00
2.439226235535503218e+00
2.244310871235118743e+00
1.124643989366768793e+00
2.567707445799456867e+00
9.955023445043886809e-01
9.291035100446736195e-01
1.359887994395977628e+00
2.992244057821926706e+00
2.738900315800604890e+00
3.101942273820250673e+00
2.774649755018536279e+00
9.348450021382700426e-01
3.764306758493726424e+00
3.643906198035386623e+00
9.680116022950340238e-01
3.972318838344562675e+00
2.586400842097256181e+00
6.585494244579656042e-01
2.834658420488993524e+00
