1.144750292404234102e+02
1.743371116540960770e+02
8.769772468640528018e+01
6.706300341079698057e+01
7.911377262173023439e+01
1.346589068398109532e+02
2.094446808300576492e+02
2.734599306285161902e+02
7.657477326939232398e+01
1.366003484475763514e+02
1.725865664163566748e+02
9.104136690989022895e+01
8.986797331230730990e+00
1.333017637009261023e+02
2.479101013356599879e+02
4.161034274217021789e+01
5.510648926764057620e+01
9.527992616602030296e+01
2.185241234767611047e+02
9.169757454007005038e+01
1.395987871937552995e+02
1.391919096119514450e+02
2.845838630924658474e+01
3.280666912078964970e+01
1.214591729423883351e+02
3.215701563521431439e+01
3.726124727516421320e+00
5.361899183864492358e+01
4.222377709246364219e+01
5.385911480053778888e+01
3.287938185639578847e+01
2.544301473220357082e+02
3.097429640934383954e+01
3.553648899483800960e+02
4.230085772978538898e+02
1.929835205276515069e+02
1.048904659576965344e+02
5.548369885664479284e+01
4.578485960035248468e+02
3.050450326139131789e+02
4.211778328232046533e+02
2.345743510014330582e+02
2.996377541885167943e+02
6.012138614985720864e+01
3.140330213292766075e+02
4.577937391197287980e+02
2.259015460755632034e+02
4.232859520790048009e+02
2.490281484841579029e+01
4.426333382350819647e+02
6.522524416984120421e+01
3.137021827425807032e+02
2.792389501537285810e+02
8.185024965150251575e+00
1.718088347764111035e+01
4.019753144765072648e+02
3.541556308875152013e+02
5.340239347665850573e+02
5.046873221085172077e+02
4.943165633562114749e+02
4.243530277533452022e+02
4.010772769996812031e+02
1.337273273279171235e+02
7.380683466420732941e+01
4.959273354554725870e+02
5.886082766219775522e+02
5.367529758871986587e+02
5.426054274471371173e+02
5.710247300021337651e+02
2.869730685659061464e+02
2.577872086381009922e+02
4.300476767260180964e+02
3.515779678624697908e+02
4.095170602287363693e+01
3.639704441416862437e+02
2.584051111338856188e+01
7.887787501843794757e+01
4.394566297111535391e+02
1.705217919393912780e+02
1.926203486478597142e+02
2.066482477723483271e+02
4.130687814347547260e+01
3.032868168592681855e+02
4.773252994847006647e+01
7.288086938648743285e+01
1.591365450844758698e+02
2.054280229419914150e+01
1.603684585969472565e+01
1.931472244365023414e+02
2.798194726600940641e+01
2.935183682629110535e+02
4.442157875323177336e+02
2.760146703909022747e+01
1.703241115695063570e+02
2.979472818528351468e+02
8.264874531311137673e+01
3.766384390930414270e+02
9.082034450044673690e+01
4.121628746150198026e+02
3.400996639751028283e+02
1.946259257363331017e+02
1.950248760898703324e+02
5.069321026105569103e+02
4.627912139635964763e+02
8.805098415705199955e+01
4.401997727851625086e+02
3.944205196623908591e+02
3.240596211794116925e+02
9.222156821496774626e+01
2.992678026995055802e+02
9.920636362485825543e+01
1.698581376260316489e+01
1.804270237971066990e+02
3.673821103644845039e+02
3.279997050500779210e+01
1.737846586676850222e+02
3.476069888876219807e+02
2.324683114354995155e+02
3.585835025750547516e+02
4.812599652721511347e+02
4.506303240140495632e+02
3.057377490550896937e+02
3.991714662566072889e+02
4.416624546541410155e+02
4.762250494601038895e+02
2.699247580294364752e+02
3.324144528563639369e+02
3.243516776900609102e+02
4.377611151310803166e+02
3.992963183440583066e+02
2.429810895877120345e+02
2.200187354576509051e+02
2.966614676517945099e+02
2.638010614592671459e+02
2.428793582826114914e+02
2.246421635331349478e+02
2.891178395874214289e+02
3.623544914708529063e+02
4.280461128231651173e+02
6.849611679555923160e+01
3.880063932953000858e+02
3.880993284894429962e+01
3.602102320106232582e+02
2.008479615277641415e+02
8.090685882900648096e+01
3.043395293167679370e+02
3.069907617979720271e+02
2.227784083497758729e+02
4.626689015742711604e+02
1.789398664686413269e+02
3.013313806230096361e+02
2.802664928553381856e+02
4.643882219660242185e+02
2.690215218234804979e+02
3.875141513316530109e+02
7.067362962839733598e+01
4.484173463268259638e+02
2.511822418082209651e+02
2.790104537612676836e+02
3.935455153216024087e+02
4.263446878637065538e+02
4.010377750033133566e+02
3.806374448295483148e+02
2.768796537817852368e+02
3.809820965202895309e+02
3.320919800701121858e+02
4.045380281932665412e+02
3.893734776693443678e+02
3.341974020644490793e+02
3.831143122375980283e+02
3.712650345027914796e+02
3.967370868093761942e+02
3.765877074420686199e+02
3.828871419910149712e+02
4.002273373624579449e+02
3.608656680348362897e+02
3.522007441182104799e+02
2.780824766930266492e+02
4.260364837193272365e+02
1.881115160320184998e+02
3.886905159828512524e+02
4.336620242269121377e+02
4.603107780647376899e+02
4.301657283953642263e+02
4.350704309229881233e+02
3.951645288825189368e+02
3.746842527975244366e+02
4.606663385285828554e+02
4.194649504380215035e+02
4.013610502655962478e+02
3.746342214708273559e+02
3.810459222973483406e+02
3.563592358233751725e+02
3.856528169356523108e+02
3.437928455808248600e+02
1.964742327737855589e+02
3.189595064089797916e+02
3.534285436069569073e+02
4.044060298681973222e+02
3.594290994968891368e+02
4.473520774262283339e+02
3.720875988576744362e+02
3.665437678132455517e+02
4.273519421325515282e+02
4.589348161651535634e+02
4.496219434803988975e+02
3.748088311830634893e+02
4.474283250321271908e+02
3.748926180552615506e+02
4.359219869126065987e+02
4.314973086515320801e+02
3.664271392118658355e+02
3.500650742863561504e+02
3.658284294990913281e+02
1.809545361110542103e+02
3.919061483862216733e+02
3.957214538056606443e+02
4.120657778637186652e+02
1.792089829672194696e+02
4.412447623992150625e+02
4.216633524783035227e+02
2.971622545733613379e+02
2.621122635433482984e+01
1.969258407342923078e+02
1.909988072941894188e+02
1.879195898390810271e+02
1.926592127390097460e+02
3.809835269446814436e+02
4.238434493569714050e+02
1.835086757349029085e+02
3.862418843688162724e+02
2.445648396041912918e+02
3.875947479059964849e+02
3.460832792707324188e+02
4.129418992673112712e+02
4.185106247123685534e+02
4.433181661222822640e+02
4.214769414720469740e+02
3.933703813397140152e+02
4.359250529695436853e+02
3.824073606494554838e+02
3.692052590015677538e+02
3.776091096107080602e+02
1.794778074229040783e+02
3.391317641389290429e+02
1.942868456791801179e+02
1.924879709449332950e+02
4.948698035262852386e+02
3.727383146508892651e+02
4.174569487006871213e+02
3.812351976253066255e+02
4.027208589913799415e+02
3.680202927821287062e+02
4.233884480555755090e+02
3.296892662427104597e+02
3.597329177174916595e+02
3.876850975215591575e+02
2.801546860767340945e+02
4.191815171670359064e+02
4.489417778735727893e+02
4.209605574691726133e+02
4.097431366991649497e+02
4.198998272333435580e+02
4.906142774604165879e+02
3.423304507932690512e+02
4.686859793561249603e+02
3.838878811981634271e+02
3.621503110587917718e+02
4.167865504520741524e+02
4.055097668704830198e+02
3.829580252587134623e+02
5.687273025963761484e+02
4.151805375626712475e+02
4.319636376619617408e+02
4.204680838712876607e+02
3.246216603518077477e+02
4.344891644684762468e+02
4.107881181938494137e+02
3.906378591749928546e+02
5.225537777426651473e+02
4.167505804879763787e+02
3.803943914332790541e+02
3.748756904588644829e+02
4.008212152857179262e+02
4.219052664597112994e+02
3.780429991137980892e+02
4.011110751775609060e+02
4.464888596937631746e+02
5.071240962682123836e+02
4.964392860385410131e+02
2.997777736587997310e+02
4.064914005670576671e+02
5.004496513093404246e+02
3.888301862712621073e+02
4.265794205543502926e+02
4.269475751350103678e+02
3.974289033272937104e+02
4.264529756230569433e+02
4.483949041908920776e+02
4.146540967879728896e+02
4.411074281602696487e+02
5.556217332144949950e+00
3.534988786705285975e+02
4.779531974959668332e+02
2.840405581003607836e+02
2.612197608502689263e+02
4.551148331550157309e+02
4.117505569582060616e+02
3.966259608529082357e+02
4.247556789256259435e+02
3.652640659578297004e+02
4.865914213130719190e+02
3.395917369788200517e+02
5.499418356553060505e+01
2.494432956626709768e+02
4.279796141756658017e+02
2.642099042865004321e+02
2.374560414392560403e+02
3.809221772472600946e+02
3.502679198938828904e+02
3.987265989489570757e+02
3.594908316772178409e+02
4.067580341505012029e+02
3.555875286293205022e+02
3.574182107065257128e+02
3.944719259568871053e+02
4.035830965194717805e+02
2.896635954374776816e+02
1.875957619314860665e+02
1.786808061156521603e+02
3.915173714497921651e+02
3.228559760398135268e+02
2.556412918674604953e+02
4.246545974480299606e+02
2.709746695088818456e+02
2.822632207295800413e+02
3.939340532547653879e+02
2.917406280124649243e+02
1.862222928703235993e+02
4.327635038014736892e+02
1.898103425539034106e+02
4.677924455072495107e+02
1.905311020716980579e+02
2.830762097902334062e+02
3.109266180142557801e+02
3.587865746836927201e+02
1.804991229587836301e+02
4.016145629688714962e+02
2.860574922149720010e+02
4.416132593009691618e+02
4.344823778362955977e+02
3.855968609865900589e+02
4.040748957380955630e+02
3.217474579784653770e+02
2.599615343395286118e+02
1.925060864610911437e+02
3.802503895689590081e+02
3.335189478296744028e+02
3.600671720392475663e+02
4.469562430904999815e+02
4.235724371489654914e+02
3.833415657944331656e+02
4.186111199447689160e+02
3.362547688793732732e+02
3.416351431651615940e+02
3.611188588298769560e+02
3.886715739990361271e+02
3.452615567649578452e+02
4.676921095576833523e+02
3.590279265597884546e+02
3.893433610034842332e+02
3.157143653860729842e+02
3.912214198900327915e+02
2.630134847868296788e+02
3.544352631714999120e+02
3.158750882784441387e+02
3.954849381681699469e+02
4.293073308534065404e+02
2.980985595299040369e+02
3.221694898067143527e+02
3.147686031986427793e+02
4.027934463549456723e+02
1.790021491482773968e+02
3.588566069788530513e+02
3.603982075175262025e+02
4.036931841917411248e+02
3.334390198568772803e+02
3.529160592316903831e+02
3.719889843768235096e+02
3.819964158583027825e+02
4.669361761813685234e+02
3.204936877930208539e+02
4.027386000967286463e+02
2.940195933154683416e+02
5.096555038597275455e+01
4.378297296878439511e+02
3.994815603691963588e+02
4.428416361618852761e+02
4.022297426601666643e+02
4.482783600838400275e+02
1.810227933402454710e+02
3.197281900326243544e+02
1.749291796533294132e+02
1.288374121076695999e+01
3.856920633509279810e+02
4.727565333182242284e+02
3.795008177403707919e+02
4.617151551467591162e+02
2.495202795981410588e+02
3.564684530377670626e+02
3.670870780931018089e+02
5.794069595173700904e+00
4.566996921786104053e+02
3.937068337899212906e+02
3.884416289740269121e+02
4.687163174719368044e+02
4.305935798548377988e+02
2.547806311570569164e+02
3.808447894999915206e+02
3.898315775361060673e+02
4.406695227639850714e+02
4.326633439058811064e+02
1.857481066859683381e+02
3.862046493685014070e+02
3.895354548837534594e+02
3.762480929967385350e+02
4.064908741980553373e+02
3.660162450608824543e+02
2.885507881741701226e+02
3.750765190541665106e+02
4.782420589298527602e+02
2.807414334513447329e+02
4.211494929090035839e+02
2.193124018418180299e+02
3.198216387380116998e+02
3.878419120349658442e+02
3.597482458224567949e+02
4.569025038250744615e+02
3.856442303403292726e+02
2.823587345624077329e+02
4.111736185754425037e+02
3.564763870374926000e+02
4.245426787080544386e+02
1.860918753502661502e+02
4.549092646550835184e+02
1.864611241367498167e+02
2.942146711219739927e+02
2.709093690160747769e+02
3.905670490153989931e+02
3.382118355339405298e+02
3.358703221992938666e+02
1.936769841203737315e+02
3.937887909513337945e+02
1.928867017046268302e+02
4.744583133903880139e+02
3.737704026882768176e+02
3.670082117172887592e+02
4.179980328081558127e+02
3.682377749361928068e+02
3.847992887041281733e+02
4.053683327976244186e+02
1.186234208029769555e+01
3.117916851586787743e+02
3.480786049679882126e+02
4.257514656490824336e+02
3.336596943192845970e+02
4.149232500818626477e+02
4.107323328220713847e+02
2.059451450106519488e+01
4.466188178012277490e+02
2.876139972306108916e+02
3.324044683740775099e+02
3.875637069315476992e+02
4.117317980216007527e+02
4.100910520738318041e+02
3.345131419979742304e+02
3.327726741847038738e+02
4.069598769697504395e+02
2.626355955997584033e+02
4.056220591297410465e+02
3.803767943516576224e+02
1.886799531034530162e+02
4.733137766565255333e+01
4.199279171650319995e+02
1.465728190705365250e+02
4.259163239874779379e+02
3.566820582890443347e+02
1.561529126010277650e+02
3.652810398022133995e+02
3.842237141075663658e+02
3.150442304398932833e+02
3.628876460956813048e+02
3.451277484565654845e+02
4.624328049308214190e+02
1.888358796124822163e+02
3.614013130377883272e+02
3.957283399615221242e+02
4.011172226030280967e+02
4.031834742459702170e+02
3.863583429632917046e+02
