0.000000000000000000e+00
0.000000000000000000e+00
0.000000000000000000e+00
0.000000000000000000e+00
0.000000000000000000e+00
0.000000000000000000e+00
0.000000000000000000e+00
0.000000000000000000e+00
0.000000000000000000e+00
0.000000000000000000e+00
0.000000000000000000e+00
0.000000000000000000e+00
0.000000000000000000e+00
0.000000000000000000e+00
0.000000000000000000e+00
0.000000000000000000e+00
0.000000000000000000e+00
0.000000000000000000e+00
0.000000000000000000e+00
0.000000000000000000e+00
0.000000000000000000e+00
0.000000000000000000e+00
0.000000000000000000e+00
0.000000000000000000e+00
0.000000000000000000e+00
0.000000000000000000e+00
0.000000000000000000e+00
0.000000000000000000e+00
0.000000000000000000e+00
0.000000000000000000e+00
0.000000000000000000e+00
0.000000000000000000e+00
0.000000000000000000e+00
0.000000000000000000e+00
0.000000000000000000e+00
0.000000000000000000e+00
0.000000000000000000e+00
0.000000000000000000e+00
0.000000000000000000e+00
0.000000000000000000e+00
7.006750304413911223e-02
8.317161233232063522e-02
1.868173455441294040e-01
0.000000000000000000e+00
0.000000000000000000e+00
1.112379182078052503e-01
1.845391853302317808e-01
0.000000000000000000e+00
0.000000000000000000e+00
2.277937714808184536e-02
0.000000000000000000e+00
9.470694056047675169e-02
2.499143662893517637e-01
4.954492521395432725e-01
0.000000000000000000e+00
2.983558309155629473e-01
1.459412720935919505e-01
3.951453186274488383e-01
1.932016011846536541e-01
3.781130004363594116e-02
7.582678176108774426e-02
4.980268890838670526e-01
5.598178258454354628e-02
1.842936614138143137e-01
0.000000000000000000e+00
0.000000000000000000e+00
4.897837907996240858e-01
3.335827185644065218e-01
6.949181934604090061e-02
0.000000000000000000e+00
2.997236130700032808e-01
0.000000000000000000e+00
2.871798541600655008e-02
2.876225420498869090e-01
0.000000000000000000e+00
0.000000000000000000e+00
3.575410147471944078e-01
1.523896107727735760e-01
1.967145700255412133e-01
3.912711316298517206e-01
0.000000000000000000e+00
4.830371885264491683e-01
4.949801750416825130e-01
5.530198515315122576e-02
0.000000000000000000e+00
1.865877517780311634e-01
0.000000000000000000e+00
4.909285772949047444e-01
4.780600985416225829e-02
2.681811159978014780e-01
1.039538656193702282e-01
0.000000000000000000e+00
2.816934687604496501e-01
2.902026373479270616e-01
4.994486206230294711e-01
0.000000000000000000e+00
3.408363968947353828e-01
3.469666844104602466e-01
0.000000000000000000e+00
4.103408221347212836e-01
2.156301827355462664e-01
0.000000000000000000e+00
0.000000000000000000e+00
0.000000000000000000e+00
0.000000000000000000e+00
3.008577505550614761e-01
2.988656306777968674e-01
4.866776090402508692e-01
0.000000000000000000e+00
4.905715714276409622e-01
4.748239715791104931e-01
2.008399527596362033e-01
4.717254093292290729e-01
4.984942749789281757e-01
0.000000000000000000e+00
4.842778172524765945e-01
3.606002993227919173e-01
4.844693169560780333e-01
4.384647028189111451e-01
4.994128215266855353e-01
4.923726469286549556e-01
4.776676325705397352e-01
4.765071459024993739e-01
4.929357635851807640e-01
4.990846522817317110e-01
4.954582795601470413e-01
4.800155118854523284e-01
4.591635158437034070e-01
4.921286691710803352e-01
4.921817407185345439e-01
4.913497459179750892e-01
4.915649003977380915e-01
4.949787021598628378e-01
4.658718132161377423e-01
4.982353713014835428e-01
4.982503573971445721e-01
4.741155639397691135e-01
4.964110119775562713e-01
4.899364498787712741e-01
4.942128667012048449e-01
4.955387802466393321e-01
4.969390927319544127e-01
4.728405336348100452e-01
4.676719781816599530e-01
4.909943691074312166e-01
4.937295054223442836e-01
4.608492069854065454e-01
4.954863949528200417e-01
4.801554741754083255e-01
0.000000000000000000e+00
4.800190236313525705e-01
4.813373972756794239e-01
4.757021118488237166e-01
4.968001689185152503e-01
4.602213140591410179e-01
4.785273446792421281e-01
4.736870315728995418e-01
4.867012269691002313e-01
4.965579904161861458e-01
4.985687675169794830e-01
4.913913435540592789e-01
4.694288966300061983e-01
4.913432703469660656e-01
4.770373360170364618e-01
4.720883964014042644e-01
4.708966690907274710e-01
4.897041597618962960e-01
4.701834766073192395e-01
4.676451787361310952e-01
4.755562859093431238e-01
4.872563782343883321e-01
4.935840389796587457e-01
4.549784113490349946e-01
4.920025742294901749e-01
4.908900387396248899e-01
4.690597417550503301e-01
4.985274317110236497e-01
4.653724728951512679e-01
4.848844539556333988e-01
4.652740031093460238e-01
4.622330828686544435e-01
4.656359588904659952e-01
4.688862949420542492e-01
4.964140675890038601e-01
4.632598484963387775e-01
4.967398037295296942e-01
4.990703750137321926e-01
4.678770685639543903e-01
4.884348204078023947e-01
4.640111201315993417e-01
4.617656749177735387e-01
4.605985472456502472e-01
4.780559377244546493e-01
4.807876870369979794e-01
4.973052251283098801e-01
4.636859515600399440e-01
4.959634644679724036e-01
4.923235414741604088e-01
4.872235965862143914e-01
4.662023327048421262e-01
4.922911369891656008e-01
4.789965503362901278e-01
4.921464584435689682e-01
4.648457548188726363e-01
4.727649184100267687e-01
4.718052678655508814e-01
4.860200774827533321e-01
4.710951930998751869e-01
4.823497035906557096e-01
4.658114453886231243e-01
4.928749513876997668e-01
4.712915294005270983e-01
4.638575587061428140e-01
4.566256176144018464e-01
4.728716475632252503e-01
4.832688292205472025e-01
4.635874208203249469e-01
4.891970551902973807e-01
4.700517405109324587e-01
4.731041994085320446e-01
4.608277870988934932e-01
4.548598198726707675e-01
4.592799924156639735e-01
4.817445533595864360e-01
4.920142218346303387e-01
4.659562956246622312e-01
4.816897648438860369e-01
4.828934745451430310e-01
4.863068936509321039e-01
4.989718964742365648e-01
4.949667825508261010e-01
4.807670821188166355e-01
4.608853892161523524e-01
4.789693520164360896e-01
4.588847848899511028e-01
4.692327779485442329e-01
4.570744683303346045e-01
4.906683664063904438e-01
4.991147396657569235e-01
4.924699644319070480e-01
4.996272945198072524e-01
4.716474948371830456e-01
4.765447284854864018e-01
4.698718451861123024e-01
4.656739539356209434e-01
4.899386958551634197e-01
4.656379569608565805e-01
4.937272908686761719e-01
4.656640533258289971e-01
4.825001479216810552e-01
4.774986580286735283e-01
4.652965848717315334e-01
4.801627907261232231e-01
4.782460172640844442e-01
4.545441600883868283e-01
4.973058821221228998e-01
4.982724530079105096e-01
4.935344720488420989e-01
4.669845746188667213e-01
4.906108787963518458e-01
4.977660710465228733e-01
4.579982287468730706e-01
4.930465398955978795e-01
4.562337718377014184e-01
4.827004799016074155e-01
4.727585432964687695e-01
4.637890850040214952e-01
4.557212399491296639e-01
4.878584694565184510e-01
4.680742580423679078e-01
4.674027107549095783e-01
4.573229982657102122e-01
4.698718451861123024e-01
4.745139753868526378e-01
4.786943029449073905e-01
4.840843835526840722e-01
4.685811180281749255e-01
4.659082215423694939e-01
4.589938454681784519e-01
4.681128865282167539e-01
4.743401854116316985e-01
4.990793770379029493e-01
4.771215226354243444e-01
4.898091376181161749e-01
4.860562919447959929e-01
4.951964014121499891e-01
4.924996145791900592e-01
4.908144104714526890e-01
4.932647940295542544e-01
4.951761721665441929e-01
4.978231925215627629e-01
4.982460444643529995e-01
4.560806564062959700e-01
4.931657619332435183e-01
4.664878724529386012e-01
4.747401046633932253e-01
4.866211800706161106e-01
4.658601885578645962e-01
4.869495403025202451e-01
4.983916200414061914e-01
4.863455274125250694e-01
4.661184642210267071e-01
4.547616749828433114e-01
4.999559100203824213e-01
4.552322932386994592e-01
4.891245301193677397e-01
4.642993988102649405e-01
4.695169838514531291e-01
4.933066299341511418e-01
4.570029227014512085e-01
4.921746237276831692e-01
4.861062028303430038e-01
4.846309707056011273e-01
4.908690672499861907e-01
4.900652896308980155e-01
4.768266598256631350e-01
4.691220480180179342e-01
4.559903299449218350e-01
4.614184731906582626e-01
4.975682144593614464e-01
4.766739159701686157e-01
4.877354822100639642e-01
4.865594505774322176e-01
4.534561007723310611e-01
4.890226662603666119e-01
4.919067904207720665e-01
4.535625070307600093e-01
4.531915233031167389e-01
4.648873302613141245e-01
4.838723999392981479e-01
4.869007238355065881e-01
4.869007238355065881e-01
4.832252946601442445e-01
4.727585432964687695e-01
4.758844157214036086e-01
4.986865463071060711e-01
4.714291143317658195e-01
4.892925188104221834e-01
4.823415597784264097e-01
4.869007238355065881e-01
4.864340808311353181e-01
4.791296490822371523e-01
4.954392090664417325e-01
4.791209859284334960e-01
4.877424898967365197e-01
4.716474948371830456e-01
4.686421884619063616e-01
4.767308761526791172e-01
4.820370976241708516e-01
4.986749319348493525e-01
4.559903299449218350e-01
4.582954020537546858e-01
4.994580540511895927e-01
4.897505229200777022e-01
4.775724178089718053e-01
4.749710577850325688e-01
4.674030144116942398e-01
4.657304237518076762e-01
4.872774923938257841e-01
4.828934745451430310e-01
4.542138456904121213e-01
4.676541168125797343e-01
4.981865823403132665e-01
4.797399781305580757e-01
4.885958892608480153e-01
4.808013035537956892e-01
4.661967065551696487e-01
4.969135635632967452e-01
4.953884171818249693e-01
4.722325347910391047e-01
4.780604821256900783e-01
4.704444683801071725e-01
4.715668429763464342e-01
4.732316774125622239e-01
4.998649253218486188e-01
4.926045394447094994e-01
4.828489827235397658e-01
4.564702692585589361e-01
4.591388311394375421e-01
4.623019658737478332e-01
4.969459540651164353e-01
4.994744904438733757e-01
4.687530661125511866e-01
4.619993233404520727e-01
4.801243240667752987e-01
4.649696404126639204e-01
4.869007238355065881e-01
4.971868762228149330e-01
4.869007238355065881e-01
4.928308507117510340e-01
4.838723999392981479e-01
4.869007238355065881e-01
4.766364498882757483e-01
4.676500427758771283e-01
4.710577782058567586e-01
4.717349727082010280e-01
4.544702692585589343e-01
4.813846181352018916e-01
4.806793855219758660e-01
4.662393292135126877e-01
4.752784650109593834e-01
4.962156291666289798e-01
4.869007238355065881e-01
4.969271225110626355e-01
4.869007238355065881e-01
3.860326436282959239e-01
4.869007238355065881e-01
4.847383183521806194e-01
4.641096013765093065e-01
4.987368870951995881e-01
4.869007238355065881e-01
4.711147624128493860e-01
4.691220480180179342e-01
4.958321704509123795e-01
4.676500427758771283e-01
4.859007238355065872e-01
4.869007238355065881e-01
4.752194517596694534e-01
4.956327314674542905e-01
4.960089442152808004e-01
4.915884552963344922e-01
4.741212491489424918e-01
4.552551075464622565e-01
4.885210481935942650e-01
4.869007238355065881e-01
4.869007238355065881e-01
4.857068632799225738e-01
4.983819607541910002e-01
4.942529717467436523e-01
4.960590683178319749e-01
4.939995947542472621e-01
4.564090701068280742e-01
4.809035496587577008e-01
4.651077697838683633e-01
4.999472986811384634e-01
4.669064059816723233e-01
4.784882385281606920e-01
4.879873019843087301e-01
4.965315712911184121e-01
4.842975308992450434e-01
4.839540696695874833e-01
4.699631314857690700e-01
4.727679721196708096e-01
4.678770685639543903e-01
4.838723999392981479e-01
4.869007238355065881e-01
4.869007238355065881e-01
4.859007238355065872e-01
4.795654686915561959e-01
4.851815307813523992e-01
4.756484323137196712e-01
4.742410962030121357e-01
4.885703815360182278e-01
4.850099452245558163e-01
4.869007238355065881e-01
4.822859507030137216e-01
4.794068333292174078e-01
4.869007238355065881e-01
4.901786975278252245e-01
4.791009141196508336e-01
4.900264557146453703e-01
4.692327779485442329e-01
4.869007238355065881e-01
4.677132442718695549e-01
4.957645417260311826e-01
4.692327779485442329e-01
4.825421776988967348e-01
4.986749319348493525e-01
4.577812060132057104e-01
4.892937307082738108e-01
4.640212440190451537e-01
4.753245782718814039e-01
4.952517031057975805e-01
4.691220480180179342e-01
4.968341061795374380e-01
4.869007238355065881e-01
4.810472556854835657e-01
4.586574097088608193e-01
4.869007238355065881e-01
4.977517273204091763e-01
4.562682698570298401e-01
4.869007238355065881e-01
4.860721287088017872e-01
4.708578246033199299e-01
4.869007238355065881e-01
4.971691907111474018e-01
4.888930437371231119e-01
4.838723999392981479e-01
4.799237079608097423e-01
4.869007238355065881e-01
4.744591626075072566e-01
4.673941745755833543e-01
4.899125820060966641e-01
4.681128865282167539e-01
4.615210087194792088e-01
4.869007238355065881e-01
4.869007238355065881e-01
4.707937295484940776e-01
4.869007238355065881e-01
4.965315712911184121e-01
