1.279488614127510457e-02
5.288881825076558775e-03
7.968767870957777985e-03
6.736975271121924472e-03
3.013162542810153555e-02
6.945855184327902679e-03
1.606143324033788150e-02
7.856517075553404172e-03
1.572779459432939106e-02
8.359670762132738464e-03
1.828714963968498114e-02
1.152850073204483503e-02
3.609130565840673252e-03
1.676915683345379937e-02
1.055666574489542466e-02
1.373726654944363613e-02
2.846574193896085105e-03
1.484007827841479950e-02
8.480728071713775421e-03
1.576827876117489063e-02
1.076068869156033420e-02
7.712836651266426029e-03
1.551035033210506134e-02
1.430310565362055003e-02
1.036839005244631455e-02
-1.011431754955644489e-02
1.603365432017617859e-02
9.331343944258298911e-03
1.503612221705149729e-02
6.666708034259314491e-03
2.050580360324383636e-02
1.197526189027351036e-02
2.530451900626793510e-02
-9.334551336519334060e-04
2.111747276107168655e-02
2.179276043049985234e-02
1.267108175951567328e-02
6.873823154282593037e-03
7.647855868463459411e-03
2.299703010364905625e-02
-5.403664029750863962e-02
1.538029933915581460e-02
9.767694557300442282e-03
-3.043206525865871023e-02
3.173637629934179111e-02
8.758137760847242020e-03
5.638012219452282620e-02
1.842515970672892189e-02
-2.226035120256962541e-02
4.019423927408054958e-02
2.990229826869065730e-02
1.774811637241262632e-02
-5.600034031724794581e-02
4.683745557751922001e-02
2.560548209131374015e-02
-6.745194920328859145e-02
5.537983959792806832e-02
-6.368857019342523407e-02
-4.877944517706836458e-02
-3.319583855799439903e-02
2.241896040835368240e-03
5.977319355194189721e-02
3.396261887547459557e-02
1.205200110790841279e-02
1.327301905069710672e-02
1.336234493224522542e-02
5.788551393099170689e-02
5.591749382253484446e-02
-4.455693752695141785e-02
1.603553878958402859e-02
5.742986240958045108e-02
1.490061856700482766e-02
4.515319918566895740e-02
6.115605266051787892e-02
1.557714173008830152e-02
3.621870885568854309e-02
5.597616717873501319e-02
6.065734455650056284e-02
2.560548209131374015e-02
5.438074134825737760e-02
3.127026176829389437e-03
4.718388355570016929e-02
6.158728086129654916e-02
1.770574284758777775e-02
-2.947821742888484878e-03
1.564863799885779505e-02
-9.810436652522479262e-03
5.098744903104187459e-02
5.894695316274460584e-02
-5.194749368031423287e-02
2.605804160547049372e-02
2.389387706565867381e-02
-6.138810868352623240e-02
-6.194271907683657208e-02
5.729109603219650904e-02
4.465965294765522620e-02
6.003320473996065498e-02
-6.238118564842115576e-02
2.698299755362594445e-03
4.977476042299348175e-02
6.078093010181177119e-02
4.430344152876362906e-02
1.776505926566900387e-02
-4.157634948064523051e-03
1.787364658109020892e-03
4.551349011066763151e-02
6.039162899339753365e-02
4.474148942025970438e-02
2.750118818367881801e-02
4.721050556706989781e-02
5.948989472093448722e-02
5.230737293313333924e-02
6.063063717903204725e-02
4.799237509874111629e-02
8.196029488072250659e-04
5.350159953295521159e-02
5.744320195008244256e-02
5.783304528888874585e-02
5.640394677125506323e-02
4.797274588200114293e-02
5.844233486710041087e-02
5.721289833845218109e-02
6.141864071019435128e-02
5.895049993994055937e-02
6.087725606338227624e-02
6.125174327766110677e-02
6.175633140445450919e-02
6.117515535964457296e-02
5.382806780805607372e-02
6.159246301614031138e-02
5.708416894930088553e-02
5.820352032548883198e-02
5.474207618508840356e-02
6.047061339725504775e-02
5.468264774297631331e-02
6.053485655529231013e-02
5.927826332245999391e-02
5.689151364322309057e-02
5.978348570340859258e-02
5.872790237690316689e-02
5.965139990966793204e-02
5.089337099304315493e-02
5.678286860554056931e-02
5.939802297331928799e-02
5.854063649769493394e-02
6.112374246930087768e-02
6.077535559582080554e-02
5.797692998774901102e-02
5.785707305239543713e-02
-2.046083207879028157e-02
5.713383489090946565e-02
6.059240610571995506e-02
6.168976196906592740e-02
6.029712440479552404e-02
6.150457454259768836e-02
6.000155914736850227e-02
5.480323135125563655e-02
6.141851487719458824e-02
6.144055027953562731e-02
6.106273672318197204e-02
5.937443418201722445e-02
5.925734463934262397e-02
4.369602862970350943e-02
5.919058188862654640e-02
5.677537011157345742e-02
5.925654297388884689e-02
5.587770696461179243e-02
5.510567427839629245e-02
6.181503066499664106e-02
5.974753175522149601e-02
5.956131350933152602e-02
5.966682475214592218e-02
6.148983766036862642e-02
6.147071742135308547e-02
6.003711268960400943e-02
6.046982265620637342e-02
6.191862346431590419e-02
5.747979582896131645e-02
5.823223640330560391e-02
6.011455179837906643e-02
5.720009361747342702e-02
5.910688052784927177e-02
6.041661582597041003e-02
5.845651659690218743e-02
5.874059252484882532e-02
5.990498290293637396e-02
6.084223866031291533e-02
6.143805984446468887e-02
6.236689286988392200e-02
6.004939440150842273e-02
6.066111431323364944e-02
6.110866229129906235e-02
5.807067109249539755e-02
5.974852693204026760e-02
5.984024184584589567e-02
6.147329213059608832e-02
5.775148822905200319e-02
5.897029693664523897e-02
5.900190229546044968e-02
6.011046922940289222e-02
5.947178953768311738e-02
6.206527347245784781e-02
5.767940366178266748e-02
6.161075584715920012e-02
5.969817987844883156e-02
5.403513676918615671e-02
6.197545770692695910e-02
6.239334960777047356e-02
6.185771272155533851e-02
6.153076586509917401e-02
4.317905394003745262e-02
6.128844111176651871e-02
6.195079252371404194e-02
6.236689286988392200e-02
5.625741454344707765e-02
6.190927906616920662e-02
6.156054313792746341e-02
5.922505281100712282e-02
6.233987194122152242e-02
5.979661490103906768e-02
5.967074943871489984e-02
6.221353173807162712e-02
6.236689286988392200e-02
6.186879736029471388e-02
6.113321663501469078e-02
6.000692506976171986e-02
6.208420195843307454e-02
6.236689286988392200e-02
5.786468299262511467e-02
6.236464980829298926e-02
6.084839449527471716e-02
6.096155558490891357e-02
5.978980922480935795e-02
6.206527347245784781e-02
5.930738348622559275e-02
6.191862346431590419e-02
6.016580155892601450e-02
5.933287599798808126e-02
6.142693023620995202e-02
6.191862346431590419e-02
5.863081927943359500e-02
6.239334960777047356e-02
6.175329778113273355e-02
6.195079252371404194e-02
5.733084585589286186e-02
6.114534988590163145e-02
6.167552366932388397e-02
6.143383443528439847e-02
6.236689286988392200e-02
5.961623161564168216e-02
6.035949579110627683e-02
5.865574166048469901e-02
6.153199767445115265e-02
6.018602182256212879e-02
6.175819411854101271e-02
6.065471246022260260e-02
6.236689286988392200e-02
4.366506337396009602e-02
6.085496808907638749e-02
4.001660719867998484e-02
6.171971757006345510e-02
5.834077517978391442e-02
4.023503563545448303e-02
6.013739688739393185e-02
5.865457312179130772e-02
6.236689286988392200e-02
6.174232597825771163e-02
6.239334960777047356e-02
6.206527347245784781e-02
5.946020241726512195e-02
5.996333221797965629e-02
6.233987194122152242e-02
6.195079252371404194e-02
6.164585680403942419e-02
6.175819411854101271e-02
6.118630367489569927e-02
6.096155558490891357e-02
6.189280564729072315e-02
6.236689286988392200e-02
6.166410860510963127e-02
5.669167922248898039e-02
4.013712751403347018e-02
6.058240500180165494e-02
3.979902624124127125e-02
4.282488257175816326e-02
5.943657116262256179e-02
4.288382482198607043e-02
4.104340653373140385e-02
6.236689286988392200e-02
6.104082009824233351e-02
4.280800063043845027e-02
6.191862346431590419e-02
6.217700191158095913e-02
4.283563491349589442e-02
6.152852082768517361e-02
6.229408672943825831e-02
5.984098858663949860e-02
6.236689286988392200e-02
5.925187202571061823e-02
6.096155558490891357e-02
4.135443469867234462e-02
6.018596341010569450e-02
6.236689286988392200e-02
6.236464980829298926e-02
6.236689286988392200e-02
6.197760076774682519e-02
6.008401857408728758e-02
6.206527347245784781e-02
4.291868958075661933e-02
6.239334960777047356e-02
4.017982969449284542e-02
5.878451636331088331e-02
6.191993935150559569e-02
4.384476486044732585e-02
5.979172934134990847e-02
6.104813530585966042e-02
6.183466979862280860e-02
6.208465258650512630e-02
6.239334960777047356e-02
4.093574805561134983e-02
6.029399770156857602e-02
6.044626278265816111e-02
6.057995422194345503e-02
6.088255114238371596e-02
5.879810224588311041e-02
5.948955042524028958e-02
6.163936034209629988e-02
6.153199767445115265e-02
6.089783370327075951e-02
6.236689286988392200e-02
6.236689286988392200e-02
6.236689286988392200e-02
4.976187610733689981e-02
6.236689286988392200e-02
6.236464980829298926e-02
5.935810689925687111e-02
6.236689286988392200e-02
4.116665107577376775e-02
5.827238999846838519e-02
6.236689286988392200e-02
6.227612980179170893e-02
6.219008496760165122e-02
6.229408672943825831e-02
5.890677191263212625e-02
6.161075584715920012e-02
6.239334960777047356e-02
6.138792993103623502e-02
6.005249051609664462e-02
6.181280841464509290e-02
6.130149603401490593e-02
6.208465258650512630e-02
6.177679422350284416e-02
6.105132035379393085e-02
4.074534441276613655e-02
6.228608094251214533e-02
6.236689286988392200e-02
6.057995422194345503e-02
5.750127122492595250e-02
5.729266965883808571e-02
6.236689286988392200e-02
6.218975846564681748e-02
5.814159493399079920e-02
6.236689286988392200e-02
6.140874902275002267e-02
5.814962286036114841e-02
4.340316207703456136e-02
6.223183229249382165e-02
6.175819411854101271e-02
4.154017553410909586e-02
6.236689286988392200e-02
6.101282186760502435e-02
6.060937073210596882e-02
6.123127602011704113e-02
5.820027524429008392e-02
4.148999122862621902e-02
5.939916547129802521e-02
5.310561814000332864e-02
6.239687893318079243e-02
6.236689286988392200e-02
6.056121939029766171e-02
6.219008496760165122e-02
6.125227645455049580e-02
6.236689286988392200e-02
6.118630367489569927e-02
6.085496808907638749e-02
6.019288807202546887e-02
6.236689286988392200e-02
4.098845936018850888e-02
6.236689286988392200e-02
4.074373126440207493e-02
6.236689286988392200e-02
6.236689286988392200e-02
6.236689286988392200e-02
6.151440930185111261e-02
6.155733129691881578e-02
6.236689286988392200e-02
6.239687893318079243e-02
6.118630367489569927e-02
6.236689286988392200e-02
6.002090095686051646e-02
6.236689286988392200e-02
4.308710138220078756e-02
6.236689286988392200e-02
6.236464980829298926e-02
6.236689286988392200e-02
6.236689286988392200e-02
6.236689286988392200e-02
6.050940303563059897e-02
6.023184912331443208e-02
4.174018939586524035e-02
6.236689286988392200e-02
6.217700191158095913e-02
6.183466979862280860e-02
6.236689286988392200e-02
6.151440930185111261e-02
6.236689286988392200e-02
6.236689286988392200e-02
6.085496808907638749e-02
4.069917739130986950e-02
6.050940303563059897e-02
4.230968646515649578e-02
6.236689286988392200e-02
6.163563218100007873e-02
4.055367072400946349e-02
6.236689286988392200e-02
6.236689286988392200e-02
6.132723362080613055e-02
5.718771442181567327e-02
4.142574941403996680e-02
6.075456866503399500e-02
5.977701833221316097e-02
5.866577819364742624e-02
6.155733129691881578e-02
6.183466979862280860e-02
6.041921603498416615e-02
5.886687763197340911e-02
6.028113775286621234e-02
5.950305789167566889e-02
6.085496808907638749e-02
4.103823905850351866e-02
4.244238725502368081e-02
6.236689286988392200e-02
5.851632748810298851e-02
6.143805984446468887e-02
6.236689286988392200e-02
6.236689286988392200e-02
6.236689286988392200e-02
6.236689286988392200e-02
6.236689286988392200e-02
6.197760076774682519e-02
5.913865678564823869e-02
6.021706557376586832e-02
6.141700910412775660e-02
4.276744158801987217e-02
6.236689286988392200e-02
4.346951327261591030e-02
6.191322468596685558e-02
6.236689286988392200e-02
4.109557006008611457e-02
6.022948703153221950e-02
6.096155558490891357e-02
6.191862346431590419e-02
6.236689286988392200e-02
6.156054313792746341e-02
6.057995422194345503e-02
6.191862346431590419e-02
6.135751057203558262e-02
6.130149603401490593e-02
6.236689286988392200e-02
6.183466979862280860e-02
6.236689286988392200e-02
6.127719883577787546e-02
4.024625832773056494e-02
6.183466979862280860e-02
3.916600124776261488e-02
6.236689286988392200e-02
5.684504502897847616e-02
6.236689286988392200e-02
6.236689286988392200e-02
4.097698493637948886e-02
6.219008496760165122e-02
6.236689286988392200e-02
5.892939303102130016e-02
6.212149784666919777e-02
6.236689286988392200e-02
6.096155558490891357e-02
4.372064433370735637e-02
6.236689286988392200e-02
6.041792162496403135e-02
6.236689286988392200e-02
6.236689286988392200e-02
6.185706397594689654e-02
3.979556646092281130e-02
6.166410860510963127e-02
6.217700191158095913e-02
6.236689286988392200e-02
6.236689286988392200e-02
6.236689286988392200e-02
6.236689286988392200e-02
6.085496808907638749e-02
