1.001964498115015658e+02
7.560376157153241650e+01
8.387519461152254507e+01
7.508613558818625222e+01
1.007690225304163789e+02
9.582861746461607311e+01
1.002721088972779597e+02
9.558137906222920321e+01
1.006735707657989281e+02
9.559713857857394714e+01
1.094934189756629053e+02
1.080783512384928002e+02
1.140706761452299958e+02
1.179322501070092954e+02
1.172958805396970945e+02
1.202460958458368623e+02
1.205911746605731736e+02
1.273533106007304667e+02
1.250702745485880740e+02
1.265551373725500071e+02
1.243157814660462748e+02
1.210504782791217195e+02
1.214968892528866888e+02
1.220087728150020467e+02
1.192054422858401779e+02
1.180673839342127565e+02
1.187263907226315212e+02
1.173589510283226929e+02
1.180176645103225326e+02
1.158046560624493821e+02
1.172480724804529757e+02
1.154591427416486056e+02
1.172916889691314424e+02
1.170660741315969346e+02
1.194320732123865554e+02
1.207168703622829611e+02
1.195783396480926797e+02
1.178805918959939874e+02
1.165261922571939124e+02
1.173286629057403445e+02
1.213386457227938422e+02
1.264243884856268494e+02
1.334757004253379193e+02
1.370464642407836209e+02
1.365057276367467409e+02
1.407023154474342164e+02
1.478685951663790945e+02
1.469511060527649988e+02
1.464012583481192564e+02
1.474668027240083745e+02
1.480667627829424475e+02
1.516891777731272839e+02
1.552035876324169976e+02
1.677553730466315187e+02
1.702317774831614372e+02
1.735583639016299458e+02
1.776008971603132238e+02
1.811560143116764152e+02
1.840427920337963883e+02
1.861453410751775266e+02
1.883389842980569711e+02
1.988173877771205582e+02
2.006088214526926663e+02
2.026846860662101335e+02
2.010177356767954393e+02
1.989785021333784130e+02
2.032137426046344046e+02
2.073799661032820154e+02
2.089264863575892832e+02
2.101046655722293508e+02
2.129462602851756685e+02
2.108319775578004567e+02
2.108778640049983153e+02
2.143251765435995253e+02
2.123762779646045260e+02
2.112285556090330942e+02
2.147916882844220368e+02
2.174984346981166254e+02
2.193055383925249373e+02
2.226739680979354148e+02
2.202017448504742276e+02
2.277236747913221109e+02
2.346426666613061798e+02
2.356256751621346268e+02
2.338899327918958591e+02
2.354145244869872045e+02
2.336185363401306745e+02
2.404637802453564177e+02
2.421809419551822202e+02
2.430435676877189337e+02
2.440490030009738120e+02
2.442583348614681427e+02
2.450152115459987101e+02
2.461151922652826158e+02
2.523350323467006717e+02
2.517302816181703804e+02
2.544807638483134440e+02
2.553113270553446341e+02
2.530352820763716011e+02
2.530433543859598160e+02
2.564863948363598638e+02
2.589375488346744305e+02
2.591872565314782264e+02
2.596645139374249425e+02
2.579349131590713569e+02
2.597650444049407952e+02
2.631750856249634580e+02
2.709276229227945691e+02
2.706494812587810088e+02
2.788203887698455219e+02
2.843358265403800260e+02
2.868802328280732468e+02
2.932404470778125187e+02
3.002491199617111306e+02
2.998735959582132864e+02
3.069486027038339557e+02
3.104167304804603305e+02
3.161836342646263347e+02
3.201560120554763671e+02
3.273483367451980826e+02
3.350230501118383586e+02
3.428882589983012963e+02
3.499950796915441629e+02
3.570672587441076189e+02
3.647980036482480273e+02
3.724018443968128054e+02
3.794332387245976292e+02
3.870488579317777749e+02
3.940542415117145651e+02
4.020179674009733048e+02
4.088424617507677112e+02
4.166524385423805370e+02
4.231431068598947718e+02
4.304668990149651790e+02
4.367781385953728659e+02
4.435712908892862743e+02
4.511753785499138871e+02
4.590047392992304367e+02
4.667941492394024863e+02
4.738078990574119871e+02
4.794805194733626763e+02
4.845611210557448771e+02
4.886848130368128409e+02
4.941289199537633294e+02
5.014317867831720719e+02
5.065662991138883626e+02
5.101711244915099996e+02
5.174828333143809687e+02
5.247127476291296944e+02
5.245497339645594366e+02
5.310690863072629782e+02
5.360347628845373720e+02
5.411252338813825418e+02
5.412152338813825736e+02
5.465756577108247711e+02
5.513904515416508048e+02
5.556406239451850979e+02
5.602626470257912388e+02
5.651778880266236911e+02
5.705559306814570846e+02
5.757963549047489096e+02
5.759163549047489141e+02
5.817995778113671577e+02
5.869049362441891162e+02
5.944016071366465894e+02
6.022573239185338707e+02
6.061799277814585594e+02
6.096647583763318607e+02
6.149438597398270758e+02
6.204998694260031016e+02
6.248212905240887949e+02
6.326941114849472569e+02
6.390422946029148079e+02
6.427925046842999564e+02
6.505409268531102498e+02
6.576894330636984023e+02
6.613335353475586089e+02
6.655543562620325702e+02
6.703417599964689089e+02
6.738939608482152153e+02
6.821797219976793940e+02
6.821997219976794895e+02
6.826597219976794122e+02
6.878875681903705299e+02
6.953266924534523241e+02
7.001866442677547866e+02
7.076650087106498859e+02
7.077950087106498813e+02
7.123720969864515382e+02
7.176739244076165960e+02
7.227885425956774270e+02
7.286554672540129332e+02
7.341389885887848550e+02
7.388948545971979911e+02
7.389848545971980229e+02
7.456220649731200183e+02
7.487167943936995016e+02
7.536380348123259409e+02
7.618982060709557800e+02
7.677897809406038050e+02
7.717447759920886483e+02
7.769935112604586038e+02
7.841796229567396495e+02
7.914051759656110789e+02
7.995397710409713454e+02
8.053583738737459043e+02
8.091390020787906678e+02
8.091990020787906133e+02
8.165330326988606657e+02
8.163430326988606112e+02
8.174230326988606521e+02
8.223835003498711558e+02
8.226735003498711194e+02
8.222835003498711330e+02
8.300751572873958821e+02
8.298851572873957139e+02
8.335759051538058202e+02
8.338259051538058202e+02
8.375637711068553699e+02
8.371337711068554199e+02
8.370937711068554563e+02
8.371637711068553926e+02
8.375937711068554563e+02
8.376837711068553745e+02
8.379837711068554427e+02
8.380037711068554245e+02
8.380337711068553972e+02
8.381737711068553836e+02
8.382237711068554518e+02
8.383737711068554290e+02
8.384437711068553654e+02
8.382937711068553881e+02
8.384937711068554336e+02
8.386537711068554017e+02
8.388737711068554290e+02
8.388837711068554199e+02
8.385937711068554563e+02
8.386937711068553654e+02
8.387137711068554609e+02
8.385737711068554745e+02
8.384737711068554518e+02
8.381637711068553926e+02
8.382237711068554518e+02
8.383937711068554108e+02
8.381937711068553654e+02
8.382837711068553972e+02
8.380737711068554745e+02
8.381937711068553654e+02
8.383137711068553699e+02
8.448500000000000227e+02
8.448500000000000227e+02
8.448400000000000318e+02
8.448600000000000136e+02
8.449700000000000273e+02
8.450000000000000000e+02
8.451100000000000136e+02
8.452999999999999545e+02
8.458700000000000045e+02
8.456000000000000227e+02
8.458999999999999773e+02
8.458999999999999773e+02
8.459099999999999682e+02
8.458799999999999955e+02
8.458899999999999864e+02
8.458799999999999955e+02
8.457699999999999818e+02
8.454700000000000273e+02
8.456200000000000045e+02
8.455399999999999636e+02
8.452799999999999727e+02
8.453500000000000227e+02
8.453799999999999955e+02
8.453500000000000227e+02
8.453500000000000227e+02
8.454900000000000091e+02
8.455099999999999909e+02
8.454299999999999500e+02
8.453799999999999955e+02
8.455299999999999727e+02
8.454500000000000455e+02
8.457300000000000182e+02
8.461499999999999773e+02
8.461499999999999773e+02
8.466299999999999955e+02
8.473500000000000227e+02
8.470900000000000318e+02
8.478300000000000409e+02
8.482899999999999636e+02
8.482400000000000091e+02
8.481799999999999500e+02
8.486799999999999500e+02
8.486100000000000136e+02
8.484800000000000182e+02
8.492500000000000000e+02
8.492799999999999727e+02
8.491699999999999591e+02
8.492999999999999545e+02
8.493500000000000227e+02
8.491799999999999500e+02
8.490700000000000500e+02
8.496900000000000546e+02
8.497300000000000182e+02
8.497899999999999636e+02
8.497999999999999545e+02
8.498600000000000136e+02
8.498899999999999864e+02
8.496399999999999864e+02
8.496799999999999500e+02
8.502400000000000091e+02
8.500399999999999636e+02
8.499099999999999682e+02
8.497400000000000091e+02
8.495700000000000500e+02
8.501799999999999500e+02
8.501100000000000136e+02
8.499700000000000273e+02
8.500199999999999818e+02
8.500299999999999727e+02
8.500499999999999545e+02
8.507500000000000000e+02
8.507500000000000000e+02
8.507799999999999727e+02
8.504400000000000546e+02
8.503799999999999955e+02
8.502400000000000091e+02
8.501399999999999864e+02
8.502400000000000091e+02
8.501599999999999682e+02
8.502100000000000364e+02
8.498600000000000136e+02
8.499700000000000273e+02
8.503200000000000500e+02
8.504500000000000455e+02
8.504900000000000091e+02
8.505199999999999818e+02
8.506200000000000045e+02
8.511100000000000136e+02
8.517200000000000273e+02
8.517999999999999545e+02
8.520499999999999545e+02
8.520800000000000409e+02
8.522599999999999909e+02
8.526699999999999591e+02
8.527000000000000455e+02
8.529299999999999500e+02
8.529900000000000091e+02
8.533799999999999955e+02
8.535199999999999818e+02
8.533099999999999454e+02
8.534099999999999682e+02
8.537200000000000273e+02
8.539900000000000091e+02
8.540099999999999909e+02
8.545199999999999818e+02
8.545000000000000000e+02
8.543500000000000227e+02
8.540700000000000500e+02
8.538999999999999773e+02
8.546200000000000045e+02
8.544700000000000273e+02
8.545900000000000318e+02
8.545599999999999454e+02
8.540399999999999636e+02
8.540399999999999636e+02
8.544900000000000091e+02
8.552100000000000364e+02
8.553300000000000409e+02
8.554199999999999591e+02
8.561699999999999591e+02
8.564700000000000273e+02
8.565399999999999636e+02
8.566299999999999955e+02
8.565199999999999818e+02
8.570000000000000000e+02
8.572799999999999727e+02
8.572799999999999727e+02
8.577500000000000000e+02
8.579500000000000455e+02
8.578999999999999773e+02
8.581299999999999955e+02
8.577599999999999909e+02
8.574700000000000273e+02
8.574500000000000455e+02
8.569700000000000273e+02
8.564500000000000455e+02
8.567699999999999818e+02
8.562500000000000000e+02
8.563200000000000500e+02
8.564299999999999500e+02
8.570199999999999818e+02
8.565499999999999545e+02
8.566200000000000045e+02
8.565900000000000318e+02
8.561599999999999682e+02
8.558999999999999773e+02
8.560399999999999636e+02
8.560700000000000500e+02
8.562400000000000091e+02
8.564500000000000455e+02
8.566799999999999500e+02
8.562200000000000273e+02
8.570499999999999545e+02
8.570700000000000500e+02
8.574600000000000364e+02
8.574199999999999591e+02
8.534098907073624787e+02
8.538198907073624468e+02
8.538398907073625423e+02
8.536798907073624605e+02
8.544798907073625287e+02
8.537198907073625378e+02
8.540798907073625514e+02
8.542398907073625196e+02
8.537998907073624650e+02
8.538598907073625242e+02
8.540498907073624650e+02
8.541098907073625242e+02
8.541998907073625560e+02
8.546698907073624696e+02
8.539298907073624605e+02
8.545998907073625332e+02
8.545498907073624650e+02
8.546598907073624787e+02
8.552098907073625469e+02
8.552798907073624832e+02
8.554398907073624514e+02
8.557798907073624832e+02
8.561598907073624787e+02
8.567598907073625014e+02
8.570398907073624741e+02
8.570398907073624741e+02
8.565698907073624468e+02
8.563898907073624969e+02
8.563398907073625423e+02
8.563198907073624468e+02
8.566398907073624969e+02
8.561498907073624878e+02
8.559298907073624605e+02
8.559498907073625560e+02
8.564098907073624787e+02
8.570998907073625332e+02
8.574298907073624605e+02
8.571298907073625060e+02
8.571598907073624787e+02
8.571198907073625151e+02
8.571098907073625242e+02
8.569698907073625378e+02
8.569298907073624605e+02
8.570498907073624650e+02
8.569798907073625287e+02
8.569098907073624787e+02
8.571898907073624514e+02
8.568498907073625332e+02
8.569298907073624605e+02
8.570098907073625014e+02
8.578098907073624559e+02
8.581898907073624514e+02
8.575598907073624559e+02
8.577498907073625105e+02
8.576798907073624605e+02
8.574498907073625560e+02
8.573998907073624878e+02
8.575798907073625514e+02
8.576298907073625060e+02
8.573298907073625514e+02
8.568098907073624559e+02
8.571198907073625151e+02
8.571098907073625242e+02
8.564398907073624514e+02
8.564398907073624514e+02
8.563698907073625151e+02
8.558498907073625332e+02
8.565298907073624832e+02
8.561098907073625242e+02
8.561098907073625242e+02
8.561298907073625060e+02
8.560898907073625423e+02
8.555398907073624741e+02
8.559498907073625560e+02
8.564298907073624605e+02
8.565398907073624741e+02
8.566598907073624787e+02
8.566298907073625060e+02
8.568298907073625514e+02
8.567798907073624832e+02
8.567998907073624650e+02
8.574598907073625469e+02
8.570298907073624832e+02
8.573398907073625423e+02
8.569398907073624514e+02
8.565798907073625514e+02
8.569598907073625469e+02
8.574898907073625196e+02
8.572798907073624832e+02
8.576198907073625151e+02
8.573498907073625332e+02
8.574698907073625378e+02
8.572798907073624832e+02
8.572998907073624650e+02
8.570198907073624923e+02
