1.017348856678997748e+02
1.026496179601897580e+02
1.056429688792769213e+02
1.089740396733489547e+02
1.120283132999479676e+02
1.043213428685711648e+02
1.023706213474993518e+02
1.047476017373919746e+02
1.020560699418052337e+02
1.013699648530568567e+02
1.220926348746489651e+02
1.189845541879022335e+02
1.231263428713765791e+02
1.200633901483673327e+02
1.200121530813911335e+02
1.196893804235285188e+02
1.162895451291505395e+02
1.211766454214623536e+02
1.189273254758477520e+02
1.225009284105466776e+02
9.066153709339954503e+01
8.894667663590976758e+01
8.902377338843858467e+01
9.063452764274384776e+01
8.732461425394838272e+01
8.790440755034506992e+01
8.783539914394337700e+01
9.041198646909698766e+01
8.474857598708933892e+01
8.944459660368053733e+01
1.119354152600670176e+02
1.082773820590580556e+02
1.077203409511581782e+02
1.125259967788515496e+02
1.126489297080025409e+02
1.051325785841443974e+02
1.109963547947778437e+02
1.059426024192252811e+02
1.109139956737130461e+02
1.109066049480853593e+02
9.411370335005653942e+01
1.008483455581063311e+02
1.006928271021240420e+02
9.977782660770047585e+01
1.077956264259130421e+02
1.017964344184936465e+02
1.027604150006326620e+02
1.066987835343309143e+02
1.019744160086007270e+02
1.017488695361370077e+02
9.853042162162554973e+01
1.000543738561549389e+02
9.488531414764177896e+01
8.456135916294699939e+01
1.078350851107427957e+02
9.221237568827962150e+01
1.062257238177712111e+02
9.403380047369292072e+01
9.225397561359415022e+01
9.937684345023129140e+01
9.989801039949219330e+01
8.425985141211396012e+01
1.048947584509262327e+02
9.933202223668222075e+01
1.061847817042273618e+02
1.040281820127209471e+02
1.049715882525688215e+02
1.000038617681597231e+02
9.728832062749184217e+01
1.048976526356080399e+02
1.071730592623389668e+02
1.029681761174723960e+02
1.055745501560944177e+02
1.020389596671734580e+02
1.007962043318676848e+02
1.102597243411702266e+02
1.056406469155293166e+02
1.065681661271094498e+02
1.017456355543582021e+02
9.837308977304425639e+01
1.059788592750950613e+02
8.208056086986067612e+01
9.871449348030660076e+01
1.017548696099786980e+02
1.056465119412745821e+02
9.992572539760342920e+01
1.038918103712206857e+02
8.462673312841387485e+01
1.032905003605326044e+02
9.248316876153771204e+01
1.023620912527977680e+02
1.067125264876589199e+02
9.306929485962866977e+01
9.098431992466652218e+01
9.215115165125118324e+01
1.075998980402318068e+02
9.938051680311953362e+01
9.000240896353749065e+01
1.042818932224034967e+02
1.052250894875337650e+02
1.021012953132162835e+02
1.080117436966916387e+02
1.064698091155903086e+02
1.057568189071621987e+02
1.060557864606777372e+02
9.790967516005639482e+01
1.027810155587439311e+02
8.255484491564885730e+01
1.100691275687508011e+02
6.737336184579739040e+01
9.980189847203504883e+01
1.037352013918950604e+02
9.356648343371193732e+01
6.662695197200407904e+01
9.102815226319921749e+01
6.919050286399878757e+01
1.016834759871480998e+02
9.233500698716824218e+01
1.004692022298383023e+02
6.524948028939792266e+01
8.401473320508455345e+01
8.387294214807387505e+01
8.453040508945719012e+01
9.237397276244976752e+01
1.058815785469486883e+02
8.347286191405714817e+01
8.708945829933725236e+01
8.609945330834376875e+01
9.503567937091379747e+01
8.262625190092531113e+01
8.199769392935452572e+01
8.604433835309824019e+01
9.989874612677613186e+01
8.869023590324736972e+01
9.783299844820660951e+01
8.490449965698583412e+01
9.425625067753101405e+01
8.350308097348752767e+01
8.852796822127309895e+01
8.892102547793138001e+01
8.933668533520476274e+01
9.019596420468964482e+01
8.232048981497439399e+01
8.538748047987270695e+01
8.948558576264234432e+01
8.806724696144939912e+01
8.519761392014362400e+01
9.808377271597781544e+01
8.545875826520926921e+01
1.169298552599871499e+02
1.020013556062871061e+02
8.715765615770422414e+01
8.200376270174425031e+01
8.513311833205021628e+01
8.289580883346991413e+01
8.342297222586712735e+01
1.016767289221742487e+02
8.992954808471709782e+01
8.450808189742866716e+01
8.097441850796418805e+01
7.989114839650154920e+01
8.476595256788110078e+01
5.177104480704660716e+01
8.514580080472870804e+01
8.509000258365132652e+01
7.877335247183691536e+01
6.977157553283396396e+01
8.399107047255296266e+01
8.178462096289084116e+01
8.578212542792823569e+01
8.107978640445359986e+01
8.306850595408232607e+01
8.406460883093164682e+01
8.201091664696063788e+01
8.161217923560732856e+01
8.343342074297243016e+01
8.037256213818814388e+01
8.215132423038734544e+01
8.099543829042625021e+01
8.538320487561243510e+01
8.091015858756721002e+01
9.119544796097105177e+01
8.425160826022899130e+01
8.170319681507946541e+01
8.327511725356748684e+01
8.167558253365447740e+01
8.722367544050726451e+01
8.120114384463083468e+01
7.895304817034472933e+01
8.238172925667048219e+01
7.984620983868320820e+01
8.268190776196216518e+01
7.775908681201721606e+01
8.710399409848186281e+01
8.570131075777597118e+01
7.665046295810967081e+01
8.572930917114537408e+01
8.488320850262125816e+01
7.621622768743063148e+01
8.057206268581923325e+01
8.013223993427992298e+01
8.680572310173124606e+01
8.197686840136780972e+01
8.802860249649845059e+01
8.020331653430667984e+01
9.195792636132152609e+01
7.939257294506408869e+01
8.094077486286282408e+01
8.149205991605479937e+01
8.309474808427776793e+01
4.820636066344328441e+01
7.942214682721339614e+01
7.973619212167116643e+01
8.459754419119187219e+01
7.854222506751804644e+01
7.952080745511624116e+01
8.122416664550941334e+01
8.495395885280844084e+01
8.097646007684230085e+01
8.501611740267691175e+01
8.218100527597917448e+01
8.452878758198545484e+01
6.640727709835994119e+01
8.321894920614428770e+01
7.841963600747116914e+01
8.068773784835443053e+01
8.253718432163256580e+01
8.062374092008120385e+01
9.434860535700946116e+01
7.616620853108585720e+01
8.265351650367770731e+01
8.496912720728913371e+01
8.241053647984965380e+01
7.939857283976995461e+01
7.968774487948920182e+01
8.474610959544017419e+01
9.265830128503642982e+01
8.124913356335410697e+01
8.360989406629352061e+01
9.016254957940678594e+01
8.262459656737617308e+01
9.209278419957128392e+01
7.944471314325802780e+01
8.314167793195207423e+01
8.746518904188775423e+01
8.220765488828035927e+01
8.954071238219322026e+01
8.383536821454501364e+01
7.985957200713107795e+01
8.118125128585197103e+01
8.455650302341325641e+01
8.334398923992478103e+01
8.208109414656237846e+01
7.804489448584037348e+01
8.258591473002761063e+01
7.990757917576294744e+01
8.481166656909454105e+01
4.930199009365690443e+01
8.980800198768196196e+01
5.829285795719140850e+01
7.941338108321278355e+01
8.335310445833516724e+01
5.021023621672888027e+01
7.906710814441535717e+01
8.129397288257048615e+01
8.030707244608602480e+01
7.992198721511617521e+01
7.697263360233608864e+01
8.204134745249373850e+01
8.630225710265204953e+01
8.298737906722686830e+01
8.427165143763497213e+01
7.990584928456800640e+01
7.990200844144187897e+01
7.877052625231718253e+01
8.161386501841060692e+01
7.939018047862751359e+01
8.211340668711343938e+01
8.301455044628070823e+01
8.292044005854738487e+01
6.632604986901714028e+01
5.710408195011137877e+01
8.321167522490890178e+01
5.440386472228097148e+01
4.884195823918544477e+01
8.584071147915398114e+01
5.053739437935757906e+01
5.174974049028642042e+01
8.024064243774658678e+01
8.088768826991284300e+01
5.196395221405672515e+01
7.816792102636000550e+01
8.153218377965028196e+01
4.929595286461569259e+01
7.898096173204247350e+01
8.168983302631006893e+01
8.846330162658460949e+01
8.292600996433471039e+01
8.099041703494056321e+01
8.407723243006728353e+01
4.862558767780191005e+01
8.634209134888259030e+01
7.750575707884017618e+01
8.737030505283695447e+01
8.060230796746689919e+01
8.091471685299062244e+01
8.768962882823721827e+01
7.634821775018259871e+01
4.981601118985802401e+01
8.457488051916483585e+01
5.139022713377234197e+01
8.523990674457046168e+01
8.048931211021682941e+01
5.388118339624953990e+01
8.108203897932835957e+01
8.070237105394060961e+01
7.845071158821339452e+01
8.186365749983193041e+01
7.836036741977470399e+01
4.959937331893865320e+01
7.920832138007715173e+01
8.206781847977892141e+01
8.138167813911219639e+01
8.005358651957786265e+01
8.228677209329816833e+01
7.962225626696960035e+01
7.984725458516568608e+01
8.566304935000572129e+01
8.157422751556164542e+01
8.267887785685913116e+01
7.604530237369276335e+01
7.651237695670901928e+01
7.757487823923460724e+01
7.832401526475375420e+01
7.614979979456511217e+01
7.541853331610008127e+01
8.193955437801015762e+01
4.394439127021102820e+01
7.792298794260700845e+01
7.440890605786300682e+01
7.775505997774176592e+01
8.361107611651225113e+01
6.277149289504257723e+01
7.751819471822095409e+01
7.544687575764690735e+01
7.331382247504747340e+01
7.598131950722388694e+01
7.379756587656774514e+01
8.037492415288099323e+01
7.644579576523817366e+01
7.556792215645097599e+01
7.415277227380737202e+01
7.520013928979481932e+01
4.742336265274690277e+01
7.775761205058662995e+01
8.048242632942377384e+01
8.490479242092929724e+01
6.339980092057291472e+01
6.208195283186934432e+01
7.325451097357917263e+01
7.624400047995413843e+01
7.741099824664355822e+01
7.644563004707242726e+01
7.698524957378533884e+01
6.266030447380078527e+01
4.446205108180001275e+01
7.558115064277556883e+01
7.812034549389588278e+01
4.489034579709156958e+01
7.400048643059885478e+01
7.630963398088705674e+01
7.436649441668002680e+01
8.083774702095155362e+01
6.166714832600906249e+01
5.303496829839615145e+01
7.733046471605253203e+01
5.900892412294261646e+01
7.454466482175884323e+01
7.520079826070144691e+01
7.581188329353808797e+01
7.737388800171284231e+01
7.557725336638316094e+01
7.569155206372042244e+01
7.803383444842310723e+01
7.549951835940069600e+01
7.584678113815077438e+01
7.526946171341965908e+01
4.731217840406888087e+01
7.486332113676526490e+01
4.680377285683845656e+01
7.453467922649387845e+01
7.365258559227437729e+01
7.569315281857184630e+01
7.209849361303811577e+01
8.433029730510644129e+01
7.462356380438198755e+01
7.824271412848509044e+01
7.655760636792538776e+01
7.676055464224259595e+01
7.410378202578483808e+01
7.424626743540490281e+01
4.528745541340972380e+01
7.532535667243267596e+01
7.588451141983087211e+01
7.561208846019185614e+01
9.658913174500344212e+01
7.421219635849520557e+01
7.452984645255820340e+01
6.521914530037784630e+01
4.503389190609329518e+01
8.579938908163897793e+01
7.607356450774604184e+01
7.455013748137250218e+01
7.527578382813460678e+01
7.550633367771725091e+01
7.535831436259846328e+01
7.553825159547527335e+01
7.381250784307411550e+01
4.551001415507349179e+01
8.361103944596747795e+01
4.466147327270715550e+01
7.634563924069054508e+01
7.377506466445946387e+01
4.774823551326397109e+01
7.594727959308237075e+01
7.327925267969136769e+01
6.625477706156642910e+01
6.305720788534461718e+01
4.585187625871201078e+01
7.557956464050127465e+01
7.914191246697234305e+01
8.750054458324902384e+01
7.724091240084746346e+01
7.241703632388939127e+01
7.423382124809643301e+01
6.319523525733328739e+01
8.985431089489181034e+01
6.463904597371953287e+01
7.290796930600339465e+01
4.563657779741993892e+01
4.420542358200185618e+01
7.539989038768290186e+01
7.423828934726597595e+01
7.428497188748598035e+01
7.788971719611573974e+01
7.435178712153351910e+01
7.798745341053786717e+01
7.563205494335085177e+01
7.569803678198388752e+01
7.886281850332537147e+01
7.469903200220372241e+01
6.525773875264987112e+01
8.643204800277088395e+01
4.408177758615606479e+01
7.524324170907406995e+01
4.406941347462339564e+01
7.319228635671763072e+01
8.400271610276244871e+01
4.518781885757347538e+01
7.496800939164029387e+01
8.103892208903241112e+01
7.680039356090715330e+01
7.307587046862711588e+01
7.515382261493807903e+01
7.318747124826889205e+01
7.425571143032379950e+01
6.524771077329759805e+01
7.252102080305239440e+01
7.721144303057180025e+01
7.386325539391350503e+01
7.365405744186604409e+01
9.171264909028073475e+01
4.629229875616185552e+01
7.646483309709584830e+01
5.265944139639794486e+01
7.675219180870438151e+01
6.311475426869162675e+01
8.986438030596860926e+01
6.228593282611062421e+01
4.507143307825392498e+01
7.564994343278236499e+01
7.326395897263579116e+01
7.671855804345338470e+01
7.312630064512731565e+01
7.598274748028994452e+01
7.467389748369413383e+01
4.339336102973344822e+01
7.245816432437861465e+01
6.398830314461876156e+01
7.269295058609155546e+01
8.841066749017669224e+01
6.544265885775415370e+01
4.642274103202996116e+01
7.914980159872470722e+01
7.460535452448731064e+01
8.059632573993603444e+01
7.352862745534820021e+01
8.105601351916897102e+01
7.631759559119096537e+01
8.328509904736002056e+01
