1.001964498115015658e+02
5.101107333156326007e+01
1.004180606915028022e+02
4.871895851817735235e+01
2.035005702993369141e+02
7.112659213561457250e+01
1.269330574932492937e+02
6.274627021688785788e+01
1.414111043943566699e+02
4.990924889354916871e+01
2.484562229465523444e+02
9.251260612962158802e+01
1.859785750260763280e+02
1.681327116101402908e+02
1.083867065973263379e+02
1.644993254379332654e+02
1.261124356963542681e+02
2.423096215834041232e+02
8.397562561002479242e+01
1.547675310278269762e+02
7.952866333597165749e+01
5.247911135370610936e+01
1.313179306757161839e+02
1.337820947436557049e+02
5.192550958595552402e+01
8.961592514352678052e+01
1.358605672215194033e+02
8.043807928198428669e+01
1.364616420063177884e+02
5.162741107412816888e+01
1.605505650205604411e+02
6.000232083871360800e+01
1.759331682485823478e+02
1.096207844929579807e+02
1.998760419592337598e+02
1.656847706086569190e+02
7.859123393724298978e+01
5.506392506834234268e+01
6.505900598279109204e+01
1.486250181990501460e+02
2.817379584049344317e+02
3.349398417617800874e+02
4.296308018932027153e+02
2.905893083049490997e+02
1.127133170591237388e+02
3.295487669283711512e+02
4.775174622378428353e+02
1.038291177129030274e+02
1.200085685251232945e+02
1.996784771425756730e+02
1.780647657296457851e+02
3.364323422725550472e+02
3.379529003154823954e+02
8.330000000000000000e+02
3.039576170557767227e+02
3.565206169173981721e+02
4.039827596465771080e+02
3.837976919393789217e+02
3.514758999167556226e+02
3.101957345166646860e+02
3.199575776708225021e+02
8.380000000000000000e+02
3.116777093381625150e+02
3.334641567178100559e+02
9.433291075425562155e+01
6.642832181127062086e+01
4.827396137075302818e+02
4.865169405126724769e+02
3.140898636504825276e+02
2.913990313823939573e+02
4.118578901914175390e+02
6.071790391416107724e+01
2.141816882032436240e+02
4.659789918614887938e+02
6.815778311897497588e+01
1.251493789411766500e+02
4.855897716139822364e+02
4.259179085526026824e+02
3.602596265563726661e+02
4.887799148253577073e+02
2.242388505358016459e+01
8.370000000000000000e+02
8.020000000000000000e+02
3.172153807308959017e+02
8.808757369183696539e+01
3.650048185697506824e+02
7.916355571046786110e+01
8.360000000000000000e+02
3.932911724198533534e+02
3.198172578834862065e+02
3.345381811939146246e+02
2.633075341664498978e+02
3.146478665228111709e+02
3.484133991586868433e+02
8.370000000000000000e+02
1.942789624077923634e+02
5.185270579420456443e+02
3.358759581373704464e+02
2.998287413701562798e+01
2.538425130351923826e+02
4.445004948515094725e+02
2.961264731630161577e+02
1.253888303718857316e+02
9.644469911285119679e+01
3.054049246397682893e+01
2.541397167225603653e+02
4.679371794955154655e+02
8.380000000000000000e+02
1.135969379929960610e+02
8.670000000000000000e+02
8.000000000000000000e+02
3.469532348989473007e+02
8.220000000000000000e+02
8.690000000000000000e+02
7.083430624754313953e+01
8.720000000000000000e+02
4.729252133589967002e+02
8.190000000000000000e+02
4.812134046950320680e+02
8.740000000000000000e+02
8.470000000000000000e+02
8.390000000000000000e+02
8.420000000000000000e+02
8.410000000000000000e+02
8.250000000000000000e+02
8.500000000000000000e+02
8.390000000000000000e+02
8.420000000000000000e+02
8.370000000000000000e+02
8.480000000000000000e+02
8.430000000000000000e+02
8.410000000000000000e+02
8.250000000000000000e+02
8.420000000000000000e+02
8.310000000000000000e+02
8.450000000000000000e+02
8.390000000000000000e+02
8.380000000000000000e+02
8.440000000000000000e+02
8.500000000000000000e+02
8.490000000000000000e+02
8.430000000000000000e+02
8.420000000000000000e+02
8.350000000000000000e+02
8.430000000000000000e+02
8.430000000000000000e+02
8.380000000000000000e+02
8.350000000000000000e+02
8.430000000000000000e+02
1.833771106855471942e+02
8.300000000000000000e+02
8.330000000000000000e+02
8.470000000000000000e+02
8.420000000000000000e+02
8.400000000000000000e+02
8.380000000000000000e+02
8.290000000000000000e+02
8.460000000000000000e+02
8.430000000000000000e+02
8.480000000000000000e+02
8.440000000000000000e+02
8.500000000000000000e+02
9.000000000000000000e+02
8.440000000000000000e+02
8.440000000000000000e+02
8.520000000000000000e+02
8.750000000000000000e+02
8.350000000000000000e+02
8.420000000000000000e+02
8.470000000000000000e+02
8.440000000000000000e+02
8.480000000000000000e+02
8.490000000000000000e+02
8.410000000000000000e+02
8.430000000000000000e+02
8.400000000000000000e+02
8.500000000000000000e+02
8.480000000000000000e+02
8.390000000000000000e+02
8.440000000000000000e+02
8.510000000000000000e+02
8.390000000000000000e+02
8.480000000000000000e+02
8.400000000000000000e+02
8.320000000000000000e+02
8.510000000000000000e+02
8.270000000000000000e+02
8.490000000000000000e+02
8.510000000000000000e+02
8.500000000000000000e+02
8.460000000000000000e+02
8.500000000000000000e+02
8.630000000000000000e+02
8.240000000000000000e+02
8.460000000000000000e+02
8.580000000000000000e+02
8.280000000000000000e+02
8.280000000000000000e+02
8.560000000000000000e+02
8.430000000000000000e+02
8.400000000000000000e+02
8.210000000000000000e+02
8.440000000000000000e+02
8.190000000000000000e+02
8.440000000000000000e+02
8.360000000000000000e+02
8.460000000000000000e+02
8.440000000000000000e+02
8.470000000000000000e+02
8.480000000000000000e+02
9.080000000000000000e+02
8.430000000000000000e+02
8.510000000000000000e+02
8.300000000000000000e+02
8.500000000000000000e+02
8.530000000000000000e+02
8.420000000000000000e+02
8.440000000000000000e+02
8.550000000000000000e+02
8.310000000000000000e+02
8.430000000000000000e+02
8.460000000000000000e+02
8.850000000000000000e+02
8.500000000000000000e+02
8.550000000000000000e+02
8.520000000000000000e+02
8.420000000000000000e+02
8.560000000000000000e+02
8.420000000000000000e+02
8.630000000000000000e+02
8.500000000000000000e+02
8.260000000000000000e+02
8.450000000000000000e+02
8.580000000000000000e+02
8.530000000000000000e+02
8.460000000000000000e+02
8.100000000000000000e+02
8.480000000000000000e+02
8.460000000000000000e+02
8.360000000000000000e+02
8.390000000000000000e+02
8.120000000000000000e+02
8.480000000000000000e+02
8.520000000000000000e+02
8.230000000000000000e+02
8.520000000000000000e+02
8.170000000000000000e+02
8.470000000000000000e+02
8.550000000000000000e+02
8.370000000000000000e+02
8.300000000000000000e+02
8.320000000000000000e+02
8.490000000000000000e+02
8.530000000000000000e+02
8.430000000000000000e+02
8.490000000000000000e+02
8.480000000000000000e+02
9.030000000000000000e+02
8.160000000000000000e+02
8.780000000000000000e+02
8.440000000000000000e+02
8.510000000000000000e+02
8.970000000000000000e+02
8.450000000000000000e+02
8.430000000000000000e+02
8.410000000000000000e+02
8.450000000000000000e+02
8.500000000000000000e+02
8.340000000000000000e+02
8.210000000000000000e+02
8.510000000000000000e+02
8.510000000000000000e+02
8.460000000000000000e+02
8.410000000000000000e+02
8.570000000000000000e+02
8.420000000000000000e+02
8.420000000000000000e+02
8.430000000000000000e+02
8.540000000000000000e+02
8.360000000000000000e+02
8.790000000000000000e+02
8.810000000000000000e+02
8.480000000000000000e+02
8.880000000000000000e+02
9.040000000000000000e+02
8.250000000000000000e+02
9.010000000000000000e+02
8.950000000000000000e+02
8.460000000000000000e+02
8.440000000000000000e+02
8.960000000000000000e+02
8.430000000000000000e+02
8.500000000000000000e+02
9.010000000000000000e+02
8.490000000000000000e+02
8.470000000000000000e+02
8.410000000000000000e+02
8.330000000000000000e+02
8.390000000000000000e+02
8.320000000000000000e+02
9.020000000000000000e+02
8.250000000000000000e+02
8.500000000000000000e+02
8.200000000000000000e+02
8.500000000000000000e+02
8.390000000000000000e+02
8.210000000000000000e+02
8.480000000000000000e+02
9.030000000000000000e+02
8.280000000000000000e+02
8.950000000000000000e+02
8.260000000000000000e+02
8.340000000000000000e+02
8.910000000000000000e+02
8.430000000000000000e+02
8.390000000000000000e+02
8.470000000000000000e+02
8.450000000000000000e+02
8.570000000000000000e+02
9.010000000000000000e+02
8.430000000000000000e+02
8.490000000000000000e+02
8.510000000000000000e+02
8.440000000000000000e+02
8.410000000000000000e+02
8.420000000000000000e+02
8.520000000000000000e+02
8.480000000000000000e+02
8.470000000000000000e+02
8.280000000000000000e+02
8.610000000000000000e+02
8.610000000000000000e+02
8.580000000000000000e+02
8.620000000000000000e+02
8.560000000000000000e+02
8.560000000000000000e+02
8.590000000000000000e+02
9.090000000000000000e+02
8.540000000000000000e+02
8.610000000000000000e+02
8.420000000000000000e+02
8.300000000000000000e+02
8.890000000000000000e+02
8.550000000000000000e+02
8.460000000000000000e+02
8.580000000000000000e+02
8.560000000000000000e+02
8.610000000000000000e+02
8.340000000000000000e+02
8.470000000000000000e+02
8.610000000000000000e+02
8.590000000000000000e+02
8.510000000000000000e+02
9.040000000000000000e+02
8.410000000000000000e+02
8.340000000000000000e+02
8.200000000000000000e+02
8.860000000000000000e+02
8.880000000000000000e+02
8.630000000000000000e+02
8.560000000000000000e+02
8.480000000000000000e+02
8.450000000000000000e+02
8.450000000000000000e+02
8.880000000000000000e+02
9.130000000000000000e+02
8.570000000000000000e+02
8.590000000000000000e+02
9.090000000000000000e+02
8.510000000000000000e+02
8.580000000000000000e+02
8.600000000000000000e+02
8.350000000000000000e+02
8.890000000000000000e+02
8.850000000000000000e+02
8.420000000000000000e+02
8.890000000000000000e+02
8.630000000000000000e+02
8.490000000000000000e+02
8.590000000000000000e+02
8.420000000000000000e+02
8.520000000000000000e+02
8.460000000000000000e+02
8.400000000000000000e+02
8.520000000000000000e+02
8.570000000000000000e+02
8.490000000000000000e+02
9.020000000000000000e+02
8.570000000000000000e+02
9.030000000000000000e+02
8.490000000000000000e+02
8.500000000000000000e+02
8.470000000000000000e+02
8.580000000000000000e+02
8.230000000000000000e+02
8.610000000000000000e+02
8.440000000000000000e+02
8.500000000000000000e+02
8.600000000000000000e+02
8.550000000000000000e+02
8.560000000000000000e+02
9.080000000000000000e+02
8.520000000000000000e+02
8.590000000000000000e+02
8.460000000000000000e+02
4.379890707362504259e+02
8.620000000000000000e+02
8.500000000000000000e+02
8.870000000000000000e+02
9.080000000000000000e+02
8.190000000000000000e+02
8.620000000000000000e+02
8.500000000000000000e+02
8.470000000000000000e+02
8.490000000000000000e+02
8.580000000000000000e+02
8.530000000000000000e+02
8.540000000000000000e+02
9.040000000000000000e+02
8.270000000000000000e+02
9.100000000000000000e+02
8.440000000000000000e+02
8.620000000000000000e+02
8.990000000000000000e+02
8.480000000000000000e+02
8.580000000000000000e+02
8.860000000000000000e+02
8.860000000000000000e+02
9.070000000000000000e+02
8.560000000000000000e+02
8.610000000000000000e+02
8.140000000000000000e+02
8.400000000000000000e+02
8.570000000000000000e+02
8.540000000000000000e+02
8.880000000000000000e+02
8.100000000000000000e+02
8.870000000000000000e+02
8.560000000000000000e+02
9.070000000000000000e+02
9.110000000000000000e+02
8.630000000000000000e+02
8.590000000000000000e+02
8.580000000000000000e+02
8.420000000000000000e+02
8.570000000000000000e+02
8.420000000000000000e+02
8.570000000000000000e+02
8.460000000000000000e+02
8.400000000000000000e+02
8.540000000000000000e+02
8.870000000000000000e+02
8.170000000000000000e+02
9.120000000000000000e+02
8.490000000000000000e+02
9.140000000000000000e+02
8.580000000000000000e+02
8.230000000000000000e+02
9.070000000000000000e+02
8.560000000000000000e+02
8.330000000000000000e+02
8.430000000000000000e+02
8.630000000000000000e+02
8.500000000000000000e+02
8.580000000000000000e+02
8.610000000000000000e+02
8.880000000000000000e+02
8.580000000000000000e+02
8.420000000000000000e+02
8.510000000000000000e+02
8.510000000000000000e+02
8.080000000000000000e+02
9.030000000000000000e+02
8.470000000000000000e+02
8.850000000000000000e+02
8.440000000000000000e+02
8.850000000000000000e+02
8.080000000000000000e+02
8.900000000000000000e+02
9.070000000000000000e+02
8.530000000000000000e+02
8.640000000000000000e+02
8.430000000000000000e+02
8.600000000000000000e+02
8.470000000000000000e+02
8.590000000000000000e+02
9.150000000000000000e+02
8.590000000000000000e+02
8.880000000000000000e+02
8.630000000000000000e+02
8.130000000000000000e+02
8.880000000000000000e+02
9.000000000000000000e+02
8.370000000000000000e+02
8.570000000000000000e+02
8.340000000000000000e+02
8.560000000000000000e+02
8.310000000000000000e+02
8.620000000000000000e+02
8.270000000000000000e+02
