1.001964498115016422e+00
5.101107333156327250e-01
1.004180606915027862e+00
4.871895851817734657e-01
2.035005702993370580e+00
7.112659213561448590e-01
1.269330574932493017e+00
6.274627021688790052e-01
1.414111043943567125e+00
4.990924889354914074e-01
2.484562229465523853e+00
9.251260612962163288e-01
1.859785750260763315e+00
1.681327116101401842e+00
1.083867065973263211e+00
1.644993254379331749e+00
1.261124356963541970e+00
2.423096215834041001e+00
8.397562561002477333e-01
1.547675310278268546e+00
7.952866333597167214e-01
5.247911135370613156e-01
1.313179306757162657e+00
1.337820947436556329e+00
5.192550958595555377e-01
8.961592514352679784e-01
1.358605672215195126e+00
8.043807928198423163e-01
1.364616420063177848e+00
5.162741107412816000e-01
1.605505650205606427e+00
6.000232083871361866e-01
1.759331682485823167e+00
1.096207844929579789e+00
1.998760419592335857e+00
1.656847706086571170e+00
7.859123393724302131e-01
5.506392506834234535e-01
6.505900598279105163e-01
1.486250181990500518e+00
2.817379584049345631e+00
3.349398417617798884e+00
4.296308018932027295e+00
2.905893083049491121e+00
1.127133170591237965e+00
3.295487669283712950e+00
4.775174622378425937e+00
1.038291177129030185e+00
1.200085685251233159e+00
1.996784771425757610e+00
1.780647657296458020e+00
3.364323422725552071e+00
3.379529003154826849e+00
2.636134368598077593e+00
3.039576170557765522e+00
3.565206169173982698e+00
4.039827596465767279e+00
3.837976919393787156e+00
3.514758999167556741e+00
3.101957345166645119e+00
3.199575776708223795e+00
4.137537371095642236e+00
3.116777093381624564e+00
3.334641567178100452e+00
9.433291075425560557e-01
6.642832181127059643e-01
4.827396137075303351e+00
4.865169405126724023e+00
3.140898636504826147e+00
2.913990313823937139e+00
4.118578901914172974e+00
6.071790391416108656e-01
2.141816882032436364e+00
4.659789918614885451e+00
6.815778311897493502e-01
1.251493789411766588e+00
4.855897716139824460e+00
4.259179085526026753e+00
3.602596265563726252e+00
4.887799148253574977e+00
2.242388505358015316e-01
2.655651408056562524e+00
5.135518993835923141e+00
3.172153807308959017e+00
8.808757369183696229e-01
3.650048185697507108e+00
7.916355571046786999e-01
2.944631229762412872e+00
3.932911724198535630e+00
3.198172578834863167e+00
3.345381811939147187e+00
2.633075341664497415e+00
3.146478665228110483e+00
3.484133991586868540e+00
3.658253178341290379e+00
1.942789624077923882e+00
5.185270579420456549e+00
3.358759581373704339e+00
2.998287413701560267e-01
2.538425130351923631e+00
4.445004948515091314e+00
2.961264731630162572e+00
1.253888303718857511e+00
9.644469911285121766e-01
3.054049246397682604e-01
2.541397167225601716e+00
4.679371794955154762e+00
2.561991991893767473e+00
1.135969379929960832e+00
2.595550679877763223e+00
5.048883093336877792e+00
3.469532348989471160e+00
4.211678632406288258e+00
2.322385813618328854e+00
7.083430624754314398e-01
2.736087004190470573e+00
4.729252133589968210e+00
4.427267529727125783e+00
4.812134046950321320e+00
2.340829842492003987e+00
3.680360136141608951e+00
4.245123410704504607e+00
4.113085224180863086e+00
3.596938271265824660e+00
3.383227393284815143e+00
3.538831624405224474e+00
4.017481140985739607e+00
4.023730521044416975e+00
2.849031059934495680e+00
3.900905394330566267e+00
3.956928536782996719e+00
4.053153727090034408e+00
3.127397106981325337e+00
3.867610359384327623e+00
3.071034728753121001e+00
3.795288536001222734e+00
3.346455355653373598e+00
4.256160168733456040e+00
3.876284138364082033e+00
3.323379413489468082e+00
3.269146664604595021e+00
2.940523308890535148e+00
4.131588416057398128e+00
4.567651743768609052e+00
3.683953008403995089e+00
3.638909377892929342e+00
4.464020157790057119e+00
3.190744690346217993e+00
3.950035172944002415e+00
1.833771106855472066e+00
3.652020402158242973e+00
4.860417278792194651e+00
3.879737968880766719e+00
4.000796623297186549e+00
4.501574038622753626e+00
4.419724814941577762e+00
3.080632670476727508e+00
3.718460447802018898e+00
3.944659723006925134e+00
4.020320445749775651e+00
4.113529743661983318e+00
3.473691427313029489e+00
1.929224946425499576e+00
3.654982962470175512e+00
3.701651337704298772e+00
3.715000572613695429e+00
2.866735157575524884e+00
4.377160907951842539e+00
4.359885586145818337e+00
3.648544026152986675e+00
3.922941752090572720e+00
3.909973532895632875e+00
3.627945648750164231e+00
4.273798805829057912e+00
3.952254761826608398e+00
3.916322391696907435e+00
3.929944428049368721e+00
3.899929497756767560e+00
4.306441981348835490e+00
3.721656677708161443e+00
3.499202356039916140e+00
3.482033904540621894e+00
3.909562257023853071e+00
4.185047040217340530e+00
4.568793459336504270e+00
3.745345593107805904e+00
4.674227612910255125e+00
3.673710446723855050e+00
3.902516515259955909e+00
3.721650045102688154e+00
4.121403994453736175e+00
3.683696475698964079e+00
3.089423679736103434e+00
4.744747099217169861e+00
3.674587890972896176e+00
3.710684252737398658e+00
4.572370236084967843e+00
4.543770464749641746e+00
3.548287221626265531e+00
4.147211022626200894e+00
4.422393002376409754e+00
4.753740600466168864e+00
3.933929636043729250e+00
4.709332991535361224e+00
4.160551106523737275e+00
3.214136760191242725e+00
4.028245135537672716e+00
4.023770279728442034e+00
3.970137429916794858e+00
3.622693021572590766e+00
1.881293692087410152e+00
4.079091497592265192e+00
3.839738529554969304e+00
4.587217548356703034e+00
3.828536929206019845e+00
3.625785972563576820e+00
4.175226160795076247e+00
3.586192170195467543e+00
3.395807742819766162e+00
4.573339992954908340e+00
4.044580678035069710e+00
3.548969270722749592e+00
2.960469203344624045e+00
3.813026013767344402e+00
3.711436853036560901e+00
3.697349131298306890e+00
3.930223092791864659e+00
3.489599472053718898e+00
3.195092963550660414e+00
3.286490780338441553e+00
3.485325207304959871e+00
4.516939286872838188e+00
3.893080616512058612e+00
3.359393701813635502e+00
3.735761613416991533e+00
3.811237627969790154e+00
4.864913634185946023e+00
3.726603445077401044e+00
3.856619306293827432e+00
3.728151682442164550e+00
4.215938838196056082e+00
4.908807201670597031e+00
3.966539831181776332e+00
3.434467866477115994e+00
4.734204768973904187e+00
3.596762995321849399e+00
4.854537006437845470e+00
3.658897703341088992e+00
3.511968580146468621e+00
4.196698253210037421e+00
4.608019755442806620e+00
4.501482808372637479e+00
3.653793840304990326e+00
3.714477730839950365e+00
3.873400019575271802e+00
3.762387397529354249e+00
3.502536962472110549e+00
1.921995428786881011e+00
4.819931518699404727e+00
1.813479022172888255e+00
4.239957191165996342e+00
3.339670398489562597e+00
1.839663081933168298e+00
4.040072492536196158e+00
3.967804027415533064e+00
4.334333606196874911e+00
4.107820744220864739e+00
3.955061710118663143e+00
4.344636113641308306e+00
4.710000613452311136e+00
3.652342782692295842e+00
3.515461843517346807e+00
4.002737785588267982e+00
4.100814166733259825e+00
3.509264627078987342e+00
4.064137215459317609e+00
4.035913746529577573e+00
4.187349449468450224e+00
3.415010868326681770e+00
4.255747555497502610e+00
2.812156758171737270e+00
1.847079548707373009e+00
3.520604234638144092e+00
1.841762109352140353e+00
1.873305966371399345e+00
4.586220324116333735e+00
1.890546717106529551e+00
1.845997765337521024e+00
4.078610958444691015e+00
3.992557372632159929e+00
1.892634405265536834e+00
4.262625745801325472e+00
3.741220056679019024e+00
1.872044211392935864e+00
3.756677185925955342e+00
3.959011120559110974e+00
3.687268663373746591e+00
4.410653166465377417e+00
4.287209266390529905e+00
4.588786483391854354e+00
1.857054287441651130e+00
4.694329382369872405e+00
3.850016561268789328e+00
4.692581828567553792e+00
3.686040164260821594e+00
4.281901197316908103e+00
4.665432604040176123e+00
3.879404116973513172e+00
1.893315843140822130e+00
4.492784862060424267e+00
1.828196776748883146e+00
4.531257030036544009e+00
4.511370534366544227e+00
1.912062345306711375e+00
3.947508538905816433e+00
4.225861867914201042e+00
3.979634470595690310e+00
3.980700677274814137e+00
3.562066193085364763e+00
1.822049696212300951e+00
4.019185016122174936e+00
3.635802263592463834e+00
3.747665856105509175e+00
4.096021864618831998e+00
3.904525110952549838e+00
4.279806176477982227e+00
3.878079093040746717e+00
3.316481251776501882e+00
3.737438155433092657e+00
4.514655542608041472e+00
3.789012608238297553e+00
3.831332718272181026e+00
2.741855367663914578e+00
3.545242568163526009e+00
4.238009709981911399e+00
4.234438978448379132e+00
3.551479756866411819e+00
1.860994838773990967e+00
4.193231339566272808e+00
3.841966044843644568e+00
4.479061150542211323e+00
4.766533110973483645e+00
3.089505145261458363e+00
3.787779164356986694e+00
4.355425561162464376e+00
4.025188840176603833e+00
3.771815317178525362e+00
3.703343661738291548e+00
4.641066537278796922e+00
4.462316678959872718e+00
3.691572569499303125e+00
3.774113678953408879e+00
4.236398050673825466e+00
1.886220150913216376e+00
4.428455695239065015e+00
4.637231064051462681e+00
4.706853387100687236e+00
2.898905252580329162e+00
2.828370166478545666e+00
3.680830400608019026e+00
3.870592217122234668e+00
4.348666869198775764e+00
4.343248981114647300e+00
4.395022132458891839e+00
2.880700921279657489e+00
1.887824573085429725e+00
3.859405188098551154e+00
3.534435269680987979e+00
1.853857712019101101e+00
4.353224348813298228e+00
3.808841247075385184e+00
3.676187613299222612e+00
4.627222705660851254e+00
2.886478282626779190e+00
1.851590778161839035e+00
4.482344825366522123e+00
2.600513658322157529e+00
3.575786634189242807e+00
4.265541949318301107e+00
3.605097240528838398e+00
4.424723822162336617e+00
4.152371640767416494e+00
4.472347375997181018e+00
4.493837698634157718e+00
4.227103201266894317e+00
3.896735120816507525e+00
4.248766119879580749e+00
1.842454918441258860e+00
3.851444095215073027e+00
1.864868434954258580e+00
4.229081127105738247e+00
4.279382333607678390e+00
4.377357707543567678e+00
3.988889869947576550e+00
4.727297903930485212e+00
3.589299472770023147e+00
4.464349308659167015e+00
4.085458792182731003e+00
3.637733276430140439e+00
4.030879528778592125e+00
3.936828082681095520e+00
1.894247220368676876e+00
4.301176113450323690e+00
3.631012133605035608e+00
4.380594432734665311e+00
4.379890707362503299e+00
3.650351542720776443e+00
4.199085091794571234e+00
3.045015790406008005e+00
1.861985043771249959e+00
4.738029779129033336e+00
3.681987316651882836e+00
4.270704897000385358e+00
4.364434070357378737e+00
4.312998828581318556e+00
3.761724577307151485e+00
4.211942673079045463e+00
4.059856859262841233e+00
1.829055235215516051e+00
4.742110856138066488e+00
1.870611428595072123e+00
4.365231078933085485e+00
3.653229491964106401e+00
1.825579687391899242e+00
4.273269621771573767e+00
3.961790489314284791e+00
3.055535501675461951e+00
2.899943003599506852e+00
1.888720615422188720e+00
3.922835574623054988e+00
3.455709055562504961e+00
4.764903946255888201e+00
4.480257954022876632e+00
4.006979488159523761e+00
4.130102742992641573e+00
2.898194788500198626e+00
4.844384893828924454e+00
2.976249692134271374e+00
4.024351939070585082e+00
1.833575442582742410e+00
1.850470921025735960e+00
3.504739648564130228e+00
3.722792535342916764e+00
3.875533034682098865e+00
4.445609930973914103e+00
4.041475272888411574e+00
4.447602541999783554e+00
3.826948963368884016e+00
4.415302944730828294e+00
4.554021973007094104e+00
4.037206840521095685e+00
2.925011019644640164e+00
4.826611295481002983e+00
1.873389675625686479e+00
4.324184335817503388e+00
1.882852998542020373e+00
3.866185083172481995e+00
4.726761706222089465e+00
1.820520929538322896e+00
3.852744728966436938e+00
4.660122027183867033e+00
4.399211824137634785e+00
3.623339477223847638e+00
4.276183498132657412e+00
3.990099360102355330e+00
3.643702135062839353e+00
2.982999447780573465e+00
3.948893797164208408e+00
4.462156637854384655e+00
4.188989438925691644e+00
4.188254868107433637e+00
4.890170831048403777e+00
1.779842989644121909e+00
4.345994583731509486e+00
1.740705555519790337e+00
4.437608669702041375e+00
2.880053441393467306e+00
4.808884801551821297e+00
3.078826989469723330e+00
1.814148183996088903e+00
4.054348970327252388e+00
3.600508936708927799e+00
4.443770687298738586e+00
3.857268121953191908e+00
4.370827021662642586e+00
3.746923327318114616e+00
1.906096751666700895e+00
3.900062789607155356e+00
3.061308156874905873e+00
3.679841550202342049e+00
4.859806915824782081e+00
3.004043240684100446e+00
1.794319743985122617e+00
4.553431550410924622e+00
3.881124343396118892e+00
4.646813632878139977e+00
4.068302342157543272e+00
4.635806417338018903e+00
3.492004021381346579e+00
4.695845095286662385e+00
